target_id	length	eff_length	est_counts	tpm
YBR024W_mRNA	906	607	143	19.3899
YDL245C_mRNA	1704	1405	91.1785	5.34127
YBR232C_mRNA	360	61	9	12.1434
YDR320W-B_mRNA	138	1.24372	0	0
YBR021W_mRNA	1902	1603	167	8.57454
YGR014W_mRNA	3921	3622	1192	27.0867
YKL119C_mRNA	648	349	167	39.3839
YPR031W_mRNA	2247	1948	208	8.78825
YKL066W_mRNA	444	145	41	23.2725
YJL076W_mRNA	3570	3271	1264.7	31.8224
YPL174C_mRNA	2607	2308	288	10.2703
YIL003W_mRNA	882	583	191	26.9645
YML066C_mRNA	1110	811	88	8.93079
YMR129W_mRNA	4014	3715	784	17.3694
YBR140C_mRNA	9279	8980	874	8.01056
YGR242W_mRNA	309	13.0646	3	18.8996
YKR047W_mRNA	306	11.3524	38	275.502
YKL029C_mRNA	2010	1711	1164.26	56.0053
YLR154C-G_mRNA	150	1.28333	0	0
YPL028W_mRNA	1197	898	3349	306.949
YDL235C_mRNA	504	205	205	82.3053
YER091C_mRNA	2304	2005	1442	59.1941
YMR121C_mRNA	615	316	319.457	83.2058
YDR356W_mRNA	2835	2536	263	8.53561
YDR337W_mRNA	861	562	343	50.2326
YKL008C_mRNA	1257	958	1246	107.048
YER055C_mRNA	894	595	2239	309.717
YFR004W_mRNA	921	622	1432	189.487
YDR108W_mRNA	2097	1798	269	12.3138
YDL200C_mRNA	567	268	88	27.0256
YJR134C_mRNA	2124	1825	745	33.5986
YMR135C_mRNA	1368	1069	1186	91.3135
YGR012W_mRNA	1182	883	391	36.4455
YNL244C_mRNA	327	28.091	702	2056.83
YCR024C-A_mRNA	123	1.20308	0	0
YOR027W_mRNA	1770	1471	2522	141.111
YBL101C_mRNA	3354	3055	622	16.7574
YLL040C_mRNA	9435	9136	924	8.32422
YDR181C_mRNA	1446	1147	278	19.9485
YML116W-A_mRNA	303	9.89396	6	49.9125
YPR096C_mRNA	303	9.89396	0	0
YJL210W_mRNA	816	517	474	75.4598
YLR216C_mRNA	1116	817	1325.83	133.565
YGL118C_mRNA	438	139	1	0.592125
YMR021C_mRNA	1254	955	187	16.1163
YNL079C_mRNA	600	301	2037	556.996
YBL058W_mRNA	1272	973	1518	128.406
YJR127C_mRNA	4143	3844	1464	31.3462
YLR088W_mRNA	1845	1546	437	23.2648
YKL128C_mRNA	888	589	683	95.4406
YLR100W_mRNA	1044	745	1095	120.972
YKL106C-A_mRNA	120	1.19594	0	0
YBR080C_mRNA	2277	1978	910	37.8654
YOR292C_mRNA	930	631	343	44.7397
YNL219C_mRNA	1668	1369	753	45.2709
YPR179C_mRNA	1968	1669	280	13.808
YOL062C_mRNA	1476	1177	1067	74.6132
YDR540C_mRNA	540	241	28	9.56244
YER087W_mRNA	1731	1432	213.134	12.25
YOL140W_mRNA	1272	973	142	12.0117
YFL009W_mRNA	2340	2041	732.356	29.533
YLL004W_mRNA	1851	1552	122	6.46988
YKL057C_mRNA	3114	2815	677	19.7942
YPL130W_mRNA	672	373	34	7.50236
YDL046W_mRNA	522	223	852	314.458
YPL072W_mRNA	1500	1201	232.369	15.9244
YPR150W_mRNA	522	223	2.94401	1.08658
YER180C_mRNA	804	505	191	31.1293
YGL157W_mRNA	1044	745	1017	112.355
YDR252W_mRNA	450	151	31	16.8971
YLR037C_mRNA	375	76	22	23.8252
YMR307W_mRNA	1680	1381	10347	616.664
YIL116W_mRNA	1158	859	523	50.1114
YAL040C_mRNA	1743	1444	780	44.4585
YGL232W_mRNA	870	571	399	57.5128
YHR181W_mRNA	687	388	386	81.8811
YBR051W_mRNA	351	52	10	15.8279
YPL259C_mRNA	1428	1129	490	35.7215
YDR461C-A_mRNA	243	2.22021	0	0
YJL087C_mRNA	2484	2185	320	12.0539
YIR005W_mRNA	447	148	22	12.2346
YDL080C_mRNA	1830	1531	459	24.6755
YJL209W_mRNA	1965	1666	266	13.1412
YLR286C_mRNA	1689	1390	8766	519.056
YEL044W_mRNA	501	202	439	178.871
YOR371C_mRNA	2694	2395	186	6.39198
YLR071C_mRNA	3249	2950	644	17.9677
YBL050W_mRNA	879	580	757	107.423
YOR025W_mRNA	1344	1045	293	23.077
YHL001W_mRNA	417	118	2020.17	1409.07
YJR042W_mRNA	2235	1936	726	30.8645
YNL185C_mRNA	477	178	163	75.3695
YBR129C_mRNA	987	688	282	33.7356
YKL145W_mRNA	1404	1105	2927	218.016
YIL015W_mRNA	1764	1465	491	27.5849
YPL018W_mRNA	1110	811	98	9.94565
YLR160C_mRNA	1089	790	778.5	81.1072
YIL047C_mRNA	2709	2410	1067.17	36.4457
YBL039C-A_mRNA	84	1.12925	0	0
YOR061W_mRNA	1020	721	1195	136.414
YJR005C-A_mRNA	282	4.5528	0	0
YLR352W_mRNA	2424	2125	304	11.7745
YDR068W_mRNA	933	634	442	57.38
YJL128C_mRNA	2007	1708	789	38.0204
YPL228W_mRNA	1650	1351	438	26.6837
YML036W_mRNA	546	247	142	47.3172
YKL114C_mRNA	1104	805	381	38.9544
YDR078C_mRNA	672	373	79	17.432
YCR105W_mRNA	1086	787	87	9.09855
YJR083C_mRNA	930	631	215	28.0438
YDR248C_mRNA	582	283	128	37.2264
YPL199C_mRNA	723	424	431	83.6641
YNL136W_mRNA	1278	979	439	36.9071
YLL045C_mRNA	771	472	12532	2185.27
YOR316C-A_mRNA	210	1.66472	0	0
YNL264C_mRNA	1053	754	410	44.7549
YLR320W_mRNA	4365	4066	330	6.67997
YBR028C_mRNA	1578	1279	418	26.8988
YKL098W_mRNA	1074	775	507	53.8436
YBR063C_mRNA	1215	916	180	16.1735
YJL052C-A_mRNA	120	1.19594	0	0
YPR060C_mRNA	771	472	303	52.8358
YLL013C_mRNA	2640	2341	203	7.13711
YKR067W_mRNA	2232	1933	862	36.7031
YLR040C_mRNA	675	376	102	22.3275
YMR093W_mRNA	1542	1243	424	28.0752
YIL058W_mRNA	285	4.97562	0	0
YHR136C_mRNA	447	148	269	149.595
YBR078W_mRNA	1290	991	7165	595.073
YCL054W_mRNA	2526	2227	907	33.5208
YIL072W_mRNA	1818	1519	70	3.79287
YOR231C-A_mRNA	201	1.57618	0	0
YCR016W_mRNA	873	574	365	52.337
YEL020C_mRNA	1683	1384	301	17.9002
YPL025C_mRNA	558	259	2	0.635562
YDL136W_mRNA	363	64	2565.83	3299.71
YBR211C_mRNA	975	676	272	33.1169
YJL077W-A_mRNA	87	1.1337	0	0
YOR076C_mRNA	2244	1945	259	10.9599
YDR104C_mRNA	3738	3439	224	5.36097
YBR279W_mRNA	1338	1039	778	61.63
YLR067C_mRNA	2898	2599	302	9.56376
YHR219W_mRNA	1875	1576	3120.98	162.991
YGR249W_mRNA	1371	1072	562	43.1489
YLR456W_mRNA	615	316	49	12.7625
YGR283C_mRNA	1026	727	298	33.7373
YDL027C_mRNA	1263	964	439	37.4814
YKR023W_mRNA	1593	1294	375	23.852
YGR028W_mRNA	1089	790	294	30.6301
YCL001W-A_mRNA	462	163	4	2.01976
YDR052C_mRNA	2115	1816	651.019	29.5057
YFR035C_mRNA	345	46.0001	21	37.5741
YJL102W_mRNA	2460	2161	172	6.55091
YNL336W_mRNA	1146	847	301.422	29.29
YGL006W_mRNA	3522	3223	1575	40.2206
YDR217C_mRNA	3930	3631	484	10.971
YMR194C-A_mRNA	225	1.85938	0	0
YKL033W_mRNA	3117	2818	248	7.24333
YOR223W_mRNA	879	580	281	39.8755
YOR032W-A_mRNA	201	1.57618	0	0
YBR260C_mRNA	2001	1702	335	16.1999
YLR359W_mRNA	1449	1150	2723	194.885
YHR062C_mRNA	882	583	387	54.6349
YDR022C_mRNA	591	292	82	23.1131
YDR459C_mRNA	1125	826	258	25.708
YNL184C_mRNA	327	28.091	10	29.2996
YDR293C_mRNA	3753	3454	3459	82.4245
YPL195W_mRNA	2799	2500	734	24.1648
YMR173W_mRNA	1293	994	2565.07	212.393
YDR374W-A_mRNA	270	3.39154	0	0
YAL007C_mRNA	648	349	480	113.199
YGL235W_mRNA	537	238	3.41518	1.18104
YGL134W_mRNA	1302	1003	307	25.1922
YER001W_mRNA	2289	1990	812	33.5839
YDR366C_mRNA	399	100	292.375	240.64
YHR023W_mRNA	5787	5488	427	6.40386
YDR430C_mRNA	2970	2671	711	21.9091
YGR002C_mRNA	1431	1132	220	15.9957
YNL220W_mRNA	1302	1003	1786	146.558
YBR109W-A_mRNA	225	1.85938	0	0
YHR110W_mRNA	639	340	325	78.6742
YKL136W_mRNA	399	100	96.0048	79.017
YLL067C_mRNA	3618	3319	22.7529	0.564231
YPL078C_mRNA	735	436	770	145.356
YBR073W_mRNA	2877	2578	727	23.2102
YPL119C_mRNA	1854	1555	169	8.94508
YOR135C_mRNA	342	43.0005	94	179.921
YPL212C_mRNA	1635	1336	784	48.2989
YGL179C_mRNA	1683	1384	416	24.7392
YNL159C_mRNA	870	571	272	39.2067
YFR048W_mRNA	1989	1690	332	16.1689
YDR016C_mRNA	285	4.97562	5	82.7086
YKL215C_mRNA	3861	3562	423	9.77404
YML035C_mRNA	2433	2134	827	31.8962
YDL059C_mRNA	717	418	82	16.146
YOR257W_mRNA	486	187	206	90.6679
YNL144C_mRNA	2223	1924	1433	61.3012
YIL172C_mRNA	1770	1471	105.126	5.88198
YOR301W_mRNA	1308	1009	262	21.3716
YHR157W_mRNA	549	250	17	5.59676
YPR152C_mRNA	1398	1099	196	14.6787
YDR442W_mRNA	393	94	9.61238	8.41649
YPL008W_mRNA	2586	2287	320	11.5163
YMR086C-A_mRNA	339	40.0016	8	16.4604
YGL032C_mRNA	264	3.0155	0	0
YEL077C_mRNA	3834	3535	499.251	11.6241
YGR174W-A_mRNA	87	1.1337	0	0
YOR148C_mRNA	558	259	150	47.6672
YHL048W_mRNA	1146	847	276.456	26.864
YDR114C_mRNA	303	9.89396	0	0
YDR194W-A_mRNA	153	1.29441	0	0
YML062C_mRNA	1179	880	445	41.6203
YPR085C_mRNA	1332	1033	237	18.8832
YBL095W_mRNA	813	514	231.988	37.1475
YAR028W_mRNA	705	406	178	36.0846
YGR054W_mRNA	1929	1630	1240	62.6126
YOR096W_mRNA	573	274	5375.64	1614.76
YMR022W_mRNA	498	199	362	149.721
YCR027C_mRNA	630	331	96	23.871
YDL183C_mRNA	963	664	69	8.55281
YJL225W-A_mRNA	483	184	35.6995	15.9688
YNL278W_mRNA	3183	2884	321	9.16089
YLR395C_mRNA	237	2.07881	0	0
YDR446W_mRNA	909	610	0	0
YKL023W_mRNA	834	535	242	37.2297
YPL106C_mRNA	2082	1783	7619	351.702
YOR366W_mRNA	354	55	1.51685	2.2699
YIR021W_mRNA	1092	793	242.679	25.1876
YJL175W_mRNA	513	214	25.387	9.76394
YLL022C_mRNA	1158	859	372	35.6433
YDR441C_mRNA	546	247	220	73.3084
YPR002C-A_mRNA	198	1.55022	0	0
YOR299W_mRNA	2241	1942	931	39.4574
YLR047C_mRNA	2061	1762	155	7.24025
YMR082C_mRNA	357	58	0	0
YEL023C_mRNA	2049	1750	227	10.6762
YDR411C_mRNA	1026	727	490	55.474
YKL025C_mRNA	2040	1741	602	28.4594
YLR225C_mRNA	1224	925	796	70.8271
YPR029C_mRNA	2499	2200	1000	37.4115
YDR088C_mRNA	1149	850	321	31.0824
YFL004W_mRNA	2487	2188	1214	45.6667
YDR369C_mRNA	2565	2266	177	6.42897
YGL090W_mRNA	1266	967	150	12.7671
YLR297W_mRNA	390	91	22	19.898
YDR094W_mRNA	336	37.0051	38	84.5182
YNL027W_mRNA	2037	1738	612	28.9821
YAL064C-A_mRNA	381	82	8.92912	8.96237
YJL083W_mRNA	1815	1516	230	12.487
YKL171W_mRNA	2787	2488	462	15.2834
YOR353C_mRNA	2376	2077	591	23.4196
YJR132W_mRNA	3147	2848	560	16.1836
YLR255C_mRNA	354	55	2	2.99292
YMR013W-A_mRNA	81	1.12496	0	0
YNL144W-A_mRNA	84	1.12925	0	0
YPL060W_mRNA	1242	943	110	9.60083
YNL333W_mRNA	897	598	85.7368	11.8003
YCL038C_mRNA	1587	1288	364	23.2602
YBL035C_mRNA	2118	1819	153	6.92288
YJL092W_mRNA	3525	3226	577	14.7211
YGL010W_mRNA	525	226	82	29.863
YML076C_mRNA	2835	2536	372	12.0732
YDR379W_mRNA	3030	2731	751	22.6332
YDL029W_mRNA	1176	877	2005	188.167
YDR205W_mRNA	2175	1876	386	16.9349
YJL031C_mRNA	984	685	357	42.8949
YLR016C_mRNA	615	316	264	68.7614
YOL116W_mRNA	1149	850	310	30.0172
YGR019W_mRNA	1416	1117	764	56.2948
YKL096C-B_mRNA	150	1.28333	0	0
YMR137C_mRNA	1986	1687	153	7.46456
YLR034C_mRNA	1422	1123	561	41.116
YOL041C_mRNA	1380	1081	712	54.2103
YDL198C_mRNA	903	604	474	64.5906
YPR076W_mRNA	375	76	54.4628	58.9812
YHR118C_mRNA	1308	1009	167	13.6224
YJL097W_mRNA	654	355	423	98.0708
YDL120W_mRNA	525	226	244	88.8606
YLR292C_mRNA	582	283	309	89.8669
YPR170W-B_mRNA	258	2.72269	0	0
YKR091W_mRNA	741	442	804	149.714
YPR016C_mRNA	738	439	1698	318.347
YNL103W_mRNA	2019	1720	646	30.9123
YAL012W_mRNA	1185	886	2859	265.588
YJL148W_mRNA	702	403	449	91.7
YER039C-A_mRNA	219	1.77302	0	0
YKL162C-A_mRNA	153	1.29441	0	0
YDR421W_mRNA	2853	2554	321	10.3446
YGL051W_mRNA	705	406	136.16	27.6028
YER058W_mRNA	324	25.1994	48	156.776
YNL243W_mRNA	2907	2608	1842	58.1313
YGL220W_mRNA	363	64	144	185.187
YDL186W_mRNA	834	535	126	19.3841
YER110C_mRNA	3342	3043	2231	60.3428
YLL027W_mRNA	753	454	560	101.522
YER135C_mRNA	393	94	0	0
YOL060C_mRNA	2121	1822	821	37.0871
YCL051W_mRNA	1752	1453	867	49.1113
YBL049W_mRNA	417	118	21	14.6476
YOL102C_mRNA	693	394	183	38.2281
YGR065C_mRNA	1782	1483	332	18.4257
YMR292W_mRNA	417	118	138	96.2554
YBL021C_mRNA	435	136	123	74.4379
YPR026W_mRNA	3636	3337	362	8.92854
YLR421C_mRNA	471	172	397	189.972
YHR054W-A_mRNA	195	1.5258	0	0
YPR154W_mRNA	648	349	332	78.2962
YAL058W_mRNA	1509	1210	253	17.2093
YDR119W-A_mRNA	201	1.57618	0	0
YJR055W_mRNA	495	196	34	14.2775
YMR273C_mRNA	2748	2449	612	20.5679
YHL008C_mRNA	1884	1585	454	23.5751
YNL212W_mRNA	2349	2050	572	22.9652
YDR429C_mRNA	825	526	2813	440.161
YCL027W_mRNA	1539	1240	54	3.58426
YCR030C_mRNA	2613	2314	776	27.6011
YGR048W_mRNA	1086	787	503	52.6043
YPL249C_mRNA	2685	2386	452	15.5918
YLR165C_mRNA	765	466	103	18.1919
YDR220C_mRNA	294	6.78516	0	0
YDR263C_mRNA	1293	994	60	4.96813
YBR187W_mRNA	843	544	1257	190.18
YOR244W_mRNA	1338	1039	288	22.8142
YBR201C-A_mRNA	204	1.60381	0	0
YBR074W_mRNA	2931	2632	578	18.0746
YDL195W_mRNA	3822	3523	2355	55.0182
YDR007W_mRNA	675	376	379	82.962
YOL014W_mRNA	375	76	67	72.5586
YLR059C_mRNA	810	511	455	73.2856
YML130C_mRNA	1692	1393	785	46.3817
YBR223C_mRNA	1635	1336	225	13.8613
YCR018C-A_mRNA	255	2.5999	0	0
YER019W_mRNA	1434	1135	922	66.8595
YIR016W_mRNA	798	499	438	72.2439
YIL069C_mRNA	408	109	1919.64	1449.51
YLR440C_mRNA	2130	1831	406	18.2501
YIL102C_mRNA	306	11.3524	0	0
YER042W_mRNA	555	256	142	45.6537
YBL069W_mRNA	1290	991	313	25.9955
YML116W_mRNA	1629	1330	250	15.4709
YHR058C_mRNA	888	589	175	24.454
YMR265C_mRNA	1386	1087	485	36.7232
YDL169C_mRNA	672	373	87	19.1972
YPL109C_mRNA	1974	1675	224	11.0068
YPL204W_mRNA	1485	1186	1455	100.973
YLR365W_mRNA	333	34.0145	0	0
YOR047C_mRNA	1335	1036	642	51.0039
YLR222C_mRNA	2454	2155	620	23.6795
YPR183W_mRNA	804	505	1488	242.515
YOR396C-A_mRNA	483	184	57.8088	25.8585
YER077C_mRNA	2067	1768	328	15.2693
YDR348C_mRNA	1500	1201	1131	77.5082
YKL030W_mRNA	606	307	188.736	50.5993
YGR295C_mRNA	1146	847	974.448	94.6898
YER039C_mRNA	750	451	63.48	11.5848
YPL230W_mRNA	1176	877	392	36.7887
YFL007W_mRNA	6432	6133	1268	17.0167
YLR371W_mRNA	4071	3772	759	16.5614
YMR061W_mRNA	2034	1735	727	34.4876
YPL159C_mRNA	762	463	285	50.6631
YMR288W_mRNA	2916	2617	388	12.2027
YMR166C_mRNA	1107	808	172	17.5204
YHR142W_mRNA	951	652	656	82.8103
YJR111C_mRNA	852	553	201	29.9157
YPL152W_mRNA	1077	778	146	15.4455
YJR113C_mRNA	744	445	482.447	89.2314
YDR230W_mRNA	348	49	53	89.0241
YDR131C_mRNA	1671	1372	121	7.2587
YEL020W-A_mRNA	264	3.0155	0	0
YLR116W_mRNA	1431	1132	423	30.7554
YIR040C_mRNA	333	34.0145	0.5	1.20986
YLR013W_mRNA	426	127	0	0
YBR125C_mRNA	1182	883	414	38.5894
YPL216W_mRNA	3309	3010	277	7.57428
YOR290C_mRNA	5112	4813	1311	22.4189
YEL012W_mRNA	657	358	346	79.5465
YLR179C_mRNA	606	307	1396	374.261
YDR297W_mRNA	1050	751	1825	200.01
YBR191W_mRNA	483	184	6493.58	2904.65
YKL060C_mRNA	1080	781	96379	10156.9
YDL215C_mRNA	3279	2980	974	26.9011
YJL205C_mRNA	162	1.33101	0	0
YGL133W_mRNA	3795	3496	578	13.6077
YOR355W_mRNA	1569	1270	680	44.069
YIL061C_mRNA	903	604	167	22.7566
YGR078C_mRNA	600	301	276	75.4693
YJR020W_mRNA	333	34.0145	6	14.5183
YAR068W_mRNA	486	187	21.5127	9.46852
YLR417W_mRNA	1701	1402	472	27.7091
YDL129W_mRNA	876	577	67	9.55712
YPR064W_mRNA	420	121	2	1.36042
YPL082C_mRNA	5604	5305	572	8.87439
YMR101C_mRNA	1032	733	6	0.673713
YBR299W_mRNA	1755	1456	108.266	6.12008
YDL088C_mRNA	1587	1288	608	38.8522
YKR034W_mRNA	810	511	4.66301	0.751058
YOR199W_mRNA	330	31.038	1	2.65176
YOR005C_mRNA	2835	2536	379	12.3004
YCR081W_mRNA	4284	3985	219	4.52318
YHR143W-A_mRNA	213	1.69834	0	0
YMR296C_mRNA	1677	1378	2158	128.893
YMR212C_mRNA	2349	2050	716	28.7466
YDR039C_mRNA	3276	2977	765.846	21.1734
YFL027C_mRNA	1494	1195	243	16.7366
YJL075C_mRNA	417	118	64.3039	44.8522
YBR219C_mRNA	384	85	39.1091	37.8693
YBL032W_mRNA	1146	847	880	85.512
YFR039C_mRNA	1533	1234	364	24.2781
YER184C_mRNA	2385	2086	159	6.27351
YBR114W_mRNA	2373	2074	486	19.2866
YBR267W_mRNA	1182	883	376	35.0473
YIL009C-A_mRNA	546	247	95	31.6559
YMR153C-A_mRNA	336	37.0051	20	44.4833
YPL035C_mRNA	348	49	18	30.2346
YDR075W_mRNA	927	628	176	23.0665
YER060W-A_mRNA	1593	1294	105.765	6.72725
YNL135C_mRNA	345	46.0001	1076	1925.22
YPR107C_mRNA	627	328	175	43.9129
YOL001W_mRNA	882	583	177	24.9881
YNL032W_mRNA	846	547	318	47.8484
YHR060W_mRNA	546	247	157	52.3155
YOR187W_mRNA	1314	1015	1826	148.068
YMR127C_mRNA	1017	718	101	11.5778
YDL223C_mRNA	3141	2842	282	8.16682
YDR156W_mRNA	414	115	144	103.061
YDR167W_mRNA	621	322	343	87.6731
YLL065W_mRNA	351	52	0	0
YGR281W_mRNA	4434	4135	1187	23.6267
YIL060W_mRNA	435	136	137.744	83.3605
YJL015C_mRNA	285	4.97562	0	0
YPL146C_mRNA	1368	1069	655	50.4303
YGL148W_mRNA	1131	832	2982	294.993
YPR133W-A_mRNA	153	1.29441	0	0
YAL044C_mRNA	513	214	591	227.301
YOR151C_mRNA	3675	3376	2902	70.7494
YNL046W_mRNA	519	220	210	78.5642
YJL003W_mRNA	357	58	21	29.8002
YEL058W_mRNA	1674	1375	1376	82.3652
YNL325C_mRNA	2640	2341	209.285	7.35807
YLR369W_mRNA	1974	1675	375	18.4266
YGL004C_mRNA	1254	955	270	23.2696
YJL196C_mRNA	933	634	1697	220.303
YPR015C_mRNA	744	445	35	6.47345
YMR013C_mRNA	1560	1261	199	12.9887
YHL013C_mRNA	924	625	211	27.7863
YER165W_mRNA	1734	1435	4849	278.117
YIL089W_mRNA	618	319	27	6.96628
YNL062C_mRNA	1437	1138	311	22.4929
YML059C_mRNA	5040	4741	558	9.68706
YML086C_mRNA	1581	1282	996	63.9439
YPL036W_mRNA	2844	2545	129.133	4.17616
YOR161C-C_mRNA	147	1.27274	0	0
YBL061C_mRNA	2091	1792	790.071	36.2874
YIL166C_mRNA	1629	1330	114	7.05474
YHR216W_mRNA	1572	1273	2414.54	156.111
YER182W_mRNA	735	436	288	54.3668
YGR190C_mRNA	366	67	33	40.5384
YKR005C_mRNA	1578	1279	68	4.37589
YJR162C_mRNA	351	52	0	0
YMR186W_mRNA	2118	1819	11636.8	526.538
YJL152W_mRNA	360	61	133	179.453
YMR169C_mRNA	1521	1222	182.271	12.2765
YDR274C_mRNA	372	73	71	80.0504
YBL083C_mRNA	426	127	87.3197	56.5896
YCL056C_mRNA	435	136	72	43.5734
YGL223C_mRNA	1254	955	314	27.0616
YJL098W_mRNA	3177	2878	408	11.668
YOR396W_mRNA	5391	5092	841.95	13.609
YJL120W_mRNA	324	25.1994	3	9.79849
YLR332W_mRNA	1131	832	1188.62	117.583
YNL285W_mRNA	372	73	26	29.3142
YIL029W-A_mRNA	372	73	11	12.4022
YOL066C_mRNA	1776	1477	342	19.0578
YNL247W_mRNA	2304	2005	1831	75.1626
YPR102C_mRNA	525	226	5094.25	1855.24
YBR287W_mRNA	1284	985	1778	148.567
YGL007C-A_mRNA	87	1.1337	0	0
YGL175C_mRNA	1038	739	31	3.45259
YHR071W_mRNA	690	391	612	128.826
YIL095W_mRNA	2433	2134	322	12.4191
YHR107C_mRNA	1224	925	827	73.5854
YOL166W-A_mRNA	156	1.30603	0	0
YLR050C_mRNA	486	187	175	77.0237
YCR010C_mRNA	852	553	47	6.99521
YNL161W_mRNA	2271	1972	661	27.5881
YOR055W_mRNA	435	136	20.2494	12.2547
YGL063C-A_mRNA	150	1.28333	0	0
YMR306W_mRNA	5358	5059	185.062	3.0108
YAR066W_mRNA	612	313	18	4.73321
YGL128C_mRNA	852	553	117	17.4136
YPR048W_mRNA	1872	1573	200	10.4648
YLR345W_mRNA	1530	1231	666	44.5291
YPR140W_mRNA	1146	847	247	24.0017
YKL208W_mRNA	816	517	140	22.2877
Q0045_mRNA	1605	1306	2.32272	0.14638
YKL058W_mRNA	369	70	201	236.334
YGL030W_mRNA	318	19.7438	3411	14219.3
YHR209W_mRNA	876	577	342	48.7841
YJL082W_mRNA	2196	1897	1591	69.0289
YKR017C_mRNA	1656	1357	345	20.9251
YER126C_mRNA	786	487	678	114.585
YDR110W_mRNA	1701	1402	223	13.0914
YKR040C_mRNA	504	205	23.2362	9.32911
YGL033W_mRNA	645	346	4	0.951507
YKL046C_mRNA	1350	1051	1352	105.877
YLR236C_mRNA	324	25.1994	2	6.53233
YGR165W_mRNA	1038	739	322	35.8624
YML103C_mRNA	4968	4669	826	14.5608
YFL010W-A_mRNA	285	4.97562	1	16.5417
YNL338W_mRNA	159	1.31822	0	0
YGR193C_mRNA	1233	934	831	73.2288
YJL197C-A_mRNA	282	4.5528	0	0
YLR439W_mRNA	960	661	295	36.7323
YKL001C_mRNA	609	310	149	39.5597
YKL078W_mRNA	2208	1909	210	9.05402
YJL062W_mRNA	2493	2194	668	25.0592
YPL245W_mRNA	1365	1066	518	39.9945
YBR058C-A_mRNA	243	2.22021	0	0
YNL106C_mRNA	3552	3253	365.698	9.25266
YNL204C_mRNA	903	604	81	11.0376
YDR211W_mRNA	2139	1840	1043	46.6546
YDL109C_mRNA	1944	1645	130	6.50437
YIL111W_mRNA	455	156	357	188.353
YOR117W_mRNA	1305	1006	1693	138.512
YOR074C_mRNA	915	616	219	29.2611
YKL223W_mRNA	333	34.0145	0.5	1.20986
YPL170W_mRNA	459	160	261	134.261
YHR072W_mRNA	2196	1897	910	39.4823
YOR077W_mRNA	699	400	82	16.8726
YAL043C_mRNA	2358	2059	617	24.6636
YPL283W-A_mRNA	576	277	84.5103	25.1107
YEL075W-A_mRNA	612	313	0	0
YPL115C_mRNA	3387	3088	616	16.4184
YBR268W_mRNA	318	19.7438	66	275.132
YJR022W_mRNA	330	31.038	30.2487	80.2122
YER025W_mRNA	1584	1285	2373	151.993
YPL226W_mRNA	3591	3292	3581	89.5308
YLR348C_mRNA	897	598	838.814	115.45
YNL320W_mRNA	855	556	249	36.8598
YEL070W_mRNA	1509	1210	92.6316	6.30089
YMR034C_mRNA	1305	1006	108	8.83596
YJL178C_mRNA	816	517	727	115.737
YMR310C_mRNA	954	655	277	34.807
YKL132C_mRNA	1293	994	137.321	11.3705
YBR286W_mRNA	1614	1315	6671	417.535
YKR032W_mRNA	315	17.2766	0	0
YOL163W_mRNA	510	211	8	3.12058
YDR524C-A_mRNA	120	1.19594	0	0
YGR044C_mRNA	903	604	418	56.9596
YJL133C-A_mRNA	225	1.85938	0	0
YCR023C_mRNA	1836	1537	421	22.5443
YLR057W_mRNA	2550	2251	277	10.1282
YIL024C_mRNA	570	271	56	17.0077
YHR131W-A_mRNA	246	2.30138	0	0
YJL141C_mRNA	2424	2125	1587	61.4675
YPR192W_mRNA	918	619	49	6.51528
YOR304W_mRNA	3363	3064	695	18.6691
YLR009W_mRNA	600	301	540	147.657
YDL050C_mRNA	372	73	132.314	149.18
YEL048C_mRNA	459	160	33	16.9755
YBR196C-A_mRNA	150	1.28333	0	0
YLL024C_mRNA	1920	1621	14489.8	735.713
YOR255W_mRNA	837	538	2	0.305968
YNL141W_mRNA	1044	745	889	98.214
YDR535C_mRNA	501	202	6	2.44471
YML034W_mRNA	2505	2206	582.973	21.7506
YDR202C_mRNA	1056	757	313	34.0311
YBL091C-A_mRNA	528	229	155	55.7088
YER099C_mRNA	957	658	533	66.6698
YGL002W_mRNA	651	352	256	59.8584
YMR131C_mRNA	1536	1237	1261	83.9022
YGL123C-A_mRNA	231	1.96013	0	0
YLL048C_mRNA	4986	4687	1573	27.6224
YPL150W_mRNA	2706	2407	383	13.0964
YBR113W_mRNA	483	184	53	23.7075
YCL067C_mRNA	633	334	141.308	34.8215
YMR263W_mRNA	606	307	339	90.8844
YOR289W_mRNA	756	457	200	36.0198
YCL025C_mRNA	1902	1603	1242.72	63.8068
YDL132W_mRNA	2448	2149	1106	42.3591
YKL186C_mRNA	555	256	333	107.061
YCL043C_mRNA	1569	1270	5547	359.486
YOL100W_mRNA	3246	2947	429.62	11.9986
YML031C-A_mRNA	336	37.0051	5	11.1208
YDR034C-A_mRNA	177	1.40551	0	0
YOR337W_mRNA	2280	1981	134	5.56735
YDL013W_mRNA	1860	1561	525	27.6812
YDR534C_mRNA	1587	1288	608	38.8522
YLR157C_mRNA	1089	790	778.5	81.1072
YGL039W_mRNA	1047	748	669	73.6126
YCR012W_mRNA	1251	952	53887.8	4658.87
YOL086W-A_mRNA	273	3.62112	0	0
YHR049W_mRNA	732	433	785	149.214
YMR113W_mRNA	1284	985	324	27.073
YPL055C_mRNA	999	700	492	57.8489
YBR213W_mRNA	825	526	90	14.0827
YLR226W_mRNA	1188	889	100	9.25819
YCR075C_mRNA	783	484	207	35.2008
YDR392W_mRNA	1014	715	330	37.9871
YAL051W_mRNA	3144	2845	435	12.5845
YPL079W_mRNA	483	184	6369.42	2849.12
YDR178W_mRNA	546	247	394	131.289
YDR121W_mRNA	591	292	215	60.6015
YJL013C_mRNA	1548	1249	328	21.6142
YDL063C_mRNA	1863	1564	282	14.8402
Q0060_mRNA	1248	949	0	0
YJL109C_mRNA	5310	5011	1156	18.9872
YJR155W_mRNA	867	568	126.332	18.306
YKL177W_mRNA	339	40.0016	0	0
YDR435C_mRNA	987	688	432	51.6801
YIL012W_mRNA	342	43.0005	2	3.82811
YDR461W_mRNA	111	1.17619	0	0
YHR111W_mRNA	1323	1024	395	31.7486
YNL033W_mRNA	855	556	19.1111	2.82904
YDR455C_mRNA	309	13.0646	3	18.8996
YKL072W_mRNA	2301	2002	279	11.4701
YKL003C_mRNA	396	97	125	106.064
YMR314W_mRNA	705	406	1194	242.051
YHR139C-A_mRNA	312	15.0416	1	5.47186
YLR070C_mRNA	1071	772	139	14.8192
YDL069C_mRNA	690	391	57.6619	12.1378
YBR183W_mRNA	951	652	332	41.9101
YER026C_mRNA	831	532	1381	213.653
YOL083C-A_mRNA	141	1.25297	0	0
YDR073W_mRNA	510	211	388	151.348
YDL017W_mRNA	1524	1225	227	15.2517
YCR093W_mRNA	6327	6028	1322	18.0504
YML051W_mRNA	1308	1009	589	48.0454
YLL002W_mRNA	1311	1012	134	10.8981
YPL068C_mRNA	882	583	76	10.7293
YIL090W_mRNA	1476	1177	389	27.202
YNL018C_mRNA	1839	1540	35.697	1.90782
YBR050C_mRNA	1017	718	175	20.0605
YMR081C_mRNA	1017	718	377	43.216
YBL097W_mRNA	2265	1966	103	4.31203
YJL049W_mRNA	1353	1054	258	20.1468
YLR334C_mRNA	381	82	7	7.02606
YMR231W_mRNA	3090	2791	362	10.6752
YGR107W_mRNA	450	151	1	0.545068
YBR172C_mRNA	2223	1924	887	37.9443
YIL021C-A_mRNA	270	3.39154	0	0
YDR260C_mRNA	513	214	154	59.2291
YKL165C_mRNA	2760	2461	397	13.2772
YPR175W_mRNA	2070	1771	160	7.43583
YOR097C_mRNA	528	229	128	46.0047
YDR210W_mRNA	228	1.90776	0	0
YLR062C_mRNA	378	79	803.156	836.76
YNL024C_mRNA	741	442	280	52.1391
YLR339C_mRNA	552	253	2886.79	939.122
YLR305C_mRNA	5703	5404	1054	16.0529
YNR024W_mRNA	561	262	117	36.7547
YDL130W-A_mRNA	261	2.86036	0	0
YPR022C_mRNA	3402	3103	574	15.225
YPL161C_mRNA	1902	1603	275	14.1198
YLR107W_mRNA	1215	916	355	31.8978
YJR135C_mRNA	720	421	55	10.7525
YLR139C_mRNA	1932	1633	258	13.0035
YKL085W_mRNA	1005	706	1545	180.116
YGR017W_mRNA	894	595	745.282	103.094
YDR322C-A_mRNA	291	6.07225	13	176.206
YFL021C-A_mRNA	855	556	24.8496	3.67852
YOL123W_mRNA	1605	1306	2676	168.644
YCR026C_mRNA	2229	1930	489	20.8535
YHR205W_mRNA	2475	2176	818	30.9401
YLR038C_mRNA	252	2.48988	0	0
YCR044C_mRNA	1074	775	477	50.6576
YNL160W_mRNA	1065	766	964	103.58
YLR182W_mRNA	2412	2113	659	25.6693
YJL191W_mRNA	417	118	617.984	431.045
YDR139C_mRNA	234	2.01696	0	0
YGL019W_mRNA	837	538	960	146.865
YHR183W_mRNA	1470	1171	5068.19	356.224
YLR132C_mRNA	873	574	119	17.0633
YLR064W_mRNA	822	523	323	50.831
YER107W-A_mRNA	321	22.4012	29	106.55
YER174C_mRNA	735	436	319	60.2188
YDL043C_mRNA	801	502	151	24.7572
YFR031C_mRNA	3513	3214	540	13.8285
YGL231C_mRNA	573	274	632	189.843
YOR195W_mRNA	2466	2167	324	12.3059
YML107C_mRNA	1005	706	175	20.4015
YDL093W_mRNA	2232	1933	387	16.4781
YNR035C_mRNA	1029	730	1315	148.262
YGL027C_mRNA	2502	2203	983	36.7254
YNL303W_mRNA	348	49	8	13.4376
YBR208C_mRNA	5508	5209	724	11.4396
YBL020W_mRNA	1725	1426	443	25.5689
YER067C-A_mRNA	324	25.1994	470.161	1535.62
YER090C-A_mRNA	90	1.13832	0	0
YGR129W_mRNA	648	349	104	24.5265
YKR060W_mRNA	825	526	154	24.097
YNR061C_mRNA	660	361	258	58.8221
YJR141W_mRNA	1044	745	212	23.4211
YBR148W_mRNA	1830	1531	28	1.50526
YBR164C_mRNA	552	253	361	117.44
YGR140W_mRNA	2871	2572	224	7.16811
YOR305W_mRNA	729	430	197	37.7073
YGL126W_mRNA	1143	844	793	77.3319
YGR088W_mRNA	1689	1390	379	22.4415
YBR112C_mRNA	2901	2602	1804.72	57.0861
YCR047C_mRNA	828	529	412	64.1017
YCR067C_mRNA	3198	2899	919	26.0913
YHR187W_mRNA	930	631	254	33.1308
YHR005C_mRNA	1419	1120	530	38.9481
YCL050C_mRNA	966	667	1800	222.113
YDR333C_mRNA	2172	1873	607	26.6734
YKL045W_mRNA	1587	1288	251	16.0393
YIL122W_mRNA	1056	757	326	35.4446
YNL176C_mRNA	1911	1612	971	49.5772
YBL019W_mRNA	1563	1264	149	9.70213
YKL043W_mRNA	1101	802	1327	136.183
YPL110C_mRNA	3672	3373	533	13.0059
YDR527W_mRNA	1320	1021	495.815	39.9689
YGL172W_mRNA	1419	1120	708	52.0287
YER112W_mRNA	564	265	420	130.446
YOR200W_mRNA	399	100	60.6838	49.946
YHR212C_mRNA	336	37.0051	4	8.89665
YHR079C-A_mRNA	276	3.88594	0	0
YPR114W_mRNA	948	649	957	121.365
YKR065C_mRNA	594	295	449	125.271
YJR054W_mRNA	1494	1195	215	14.8081
YPL050C_mRNA	1188	889	908	84.0644
YGL139W_mRNA	2409	2110	612	23.8724
YHR010W_mRNA	411	112	4203	3088.65
YBR088C_mRNA	777	478	285.237	49.1141
YML067C_mRNA	1059	760	598	64.7613
YMR147W_mRNA	672	373	56	12.3568
YDR020C_mRNA	699	400	96	19.7533
YMR272W-B_mRNA	108	1.17012	0	0
YHL005C_mRNA	393	94	2	1.75118
YPR158W_mRNA	759	460	93	16.64
YIR036C_mRNA	792	493	442	73.791
YDR030C_mRNA	1521	1222	95	6.39853
YPL274W_mRNA	1764	1465	570	32.0232
YLR437C-A_mRNA	228	1.90776	0	0
YDL067C_mRNA	180	1.42288	0	0
YMR049C_mRNA	2424	2125	790	30.5982
YGL258W_mRNA	621	322	20.4444	5.22573
YBR055C_mRNA	2700	2401	377	12.9234
YJL094C_mRNA	2622	2323	624	22.1087
YGR225W_mRNA	1782	1483	24	1.33198
YMR038C_mRNA	750	451	891	162.603
YFR033C_mRNA	444	145	343	194.695
YMR247W-A_mRNA	144	1.26263	0	0
YMR062C_mRNA	1326	1027	349	27.9694
YJL023C_mRNA	1044	745	177	19.5544
YCL014W_mRNA	4911	4612	275	4.90762
YJL166W_mRNA	285	4.97562	12	198.501
YJL214W_mRNA	1710	1411	52	3.03322
YER097W_mRNA	330	31.038	0	0
YNL274C_mRNA	1053	754	233	25.4339
YJL126W_mRNA	924	625	145	19.0948
YOR205C_mRNA	1671	1372	215	12.8977
YNL164C_mRNA	1056	757	125	13.5907
YER165C-A_mRNA	357	58	5	7.09529
YJR097W_mRNA	519	220	24	8.97876
YOR192C-C_mRNA	237	2.07881	0	0
YPR097W_mRNA	3222	2923	601	16.9229
YMR323W_mRNA	1314	1015	3	0.243267
YJR070C_mRNA	978	679	1883	228.249
YDL179W_mRNA	915	616	177	23.6494
YBR266C_mRNA	453	154	0	0
YKR075C_mRNA	924	625	4318	568.631
YDL102W_mRNA	3294	2995	360	9.89313
YCL058C_mRNA	459	160	61.5387	31.656
YJL215C_mRNA	360	61	2	2.69853
YMR234W_mRNA	1047	748	285	31.3596
YLR454W_mRNA	7887	7588	590	6.3996
YLR212C_mRNA	1422	1123	244	17.8829
YPL011C_mRNA	1062	763	307	33.1163
YNL013C_mRNA	378	79	4	4.16736
YGL014C-A_mRNA	162	1.33101	0	0
YJL105W_mRNA	1683	1384	83	4.93594
YDR182W_mRNA	1476	1177	818	57.2011
YBL071W-A_mRNA	249	2.39087	0	0
YBR269C_mRNA	417	118	179	124.853
YLR451W_mRNA	2661	2362	492	17.144
YHR089C_mRNA	618	319	2045	527.631
YGR135W_mRNA	777	478	1666	286.863
YLR162W_mRNA	357	58	1	1.41906
YER041W_mRNA	2280	1981	220	9.14042
YDR006C_mRNA	2706	2407	818	27.9708
YCL017C_mRNA	1494	1195	711	48.9699
YLR076C_mRNA	423	124	2767.82	1837.15
YGR070W_mRNA	3468	3169	644	16.726
YDR010C_mRNA	333	34.0145	4	9.67884
YOR136W_mRNA	1110	811	2436	247.22
YER074W-A_mRNA	258	2.72269	0	0
YPR081C_mRNA	1857	1558	262	13.8408
YDR498C_mRNA	1152	853	402	38.7887
YJR104C_mRNA	465	166	6916	3429.06
YLR147C_mRNA	306	11.3524	48	348.003
YDL224C_mRNA	1950	1651	679	33.8494
YHR162W_mRNA	390	91	714	645.78
YFR054C_mRNA	579	280	13	3.82132
YGR229C_mRNA	1518	1219	1366.51	92.265
YLR005W_mRNA	1386	1087	456	34.5273
YDR082W_mRNA	1485	1186	129	8.95226
YJL124C_mRNA	519	220	377	141.041
YBL107W-A_mRNA	105	1.16428	0	0
YDR216W_mRNA	3972	3673	398	8.91846
YCR068W_mRNA	1563	1264	252	16.409
YGR161W-C_mRNA	279	4.19342	0	0
YNL083W_mRNA	1485	1186	286	19.8477
YKL106W_mRNA	1356	1057	280	21.8027
YLR115W_mRNA	2580	2281	405	14.6136
YDR325W_mRNA	3108	2809	292	8.55577
YHL050C_mRNA	2094	1795	382.576	17.5421
YGL249W_mRNA	2115	1816	87	3.94304
YJL053W_mRNA	1140	841	447	43.7461
YDR372C_mRNA	1038	739	1053	117.277
YGR173W_mRNA	1107	808	422	42.9862
YAR042W_mRNA	3567	3268	989	24.9082
YPL273W_mRNA	978	679	1290.53	156.432
YDL222C_mRNA	930	631	43	5.60876
YIL087C_mRNA	474	175	164	77.1318
YNR027W_mRNA	954	655	292	36.6918
YCR095C_mRNA	1089	790	185	19.274
YER162C_mRNA	2265	1966	424	17.7505
YER090W_mRNA	1524	1225	1180	79.2819
YGL215W_mRNA	1359	1060	955	74.1524
YBR016W_mRNA	387	88	405	378.792
YFL025C_mRNA	3090	2791	347	10.2329
YLR208W_mRNA	894	595	1265	174.985
YHR030C_mRNA	1455	1156	2196	156.352
YDR395W_mRNA	2835	2536	916	29.7286
YMR282C_mRNA	1743	1444	253	14.4205
YMR056C_mRNA	930	631	156	20.3481
YPL203W_mRNA	1143	844	600	58.5109
YIL041W_mRNA	981	682	1311	158.214
YDL210W_mRNA	1716	1417	59	3.42697
YLR149C_mRNA	2193	1894	356	15.4703
YGL005C_mRNA	840	541	222	33.7741
YDR132C_mRNA	1488	1189	185	12.8061
YOR161W-B_mRNA	261	2.86036	0	0
YBR015C_mRNA	1794	1495	1250	68.8172
YER156C_mRNA	1017	718	1386	158.879
YLL039C_mRNA	1146	847	1848	179.575
YPL214C_mRNA	1623	1324	464	28.8442
YGL007W_mRNA	378	79	2	2.08368
YFR025C_mRNA	1008	709	349	40.5142
YGL245W_mRNA	2127	1828	4641	208.96
YDR464W_mRNA	4308	4009	517	10.6141
YBR037C_mRNA	888	589	260	36.3317
YDR154C_mRNA	351	52	1816	2874.35
YAL068C_mRNA	363	64	0	0
YPR059C_mRNA	387	88	42.5141	39.7629
YFL063W_mRNA	456	157	1	0.524238
YGL141W_mRNA	2733	2434	407	13.7626
YEL014C_mRNA	306	11.3524	1	7.25006
YGL251C_mRNA	3564	3265	192	4.84001
YPR091C_mRNA	2313	2014	817	33.388
YFL013W-A_mRNA	804	505	118.211	19.2661
YJL116C_mRNA	1014	715	148	17.0366
YDR341C_mRNA	1824	1525	2350	126.831
YKL012W_mRNA	1752	1453	549	31.0982
YBL078C_mRNA	354	55	84	125.703
YAR035C-A_mRNA	81	1.12496	0	0
YGR234W_mRNA	1200	901	3884	354.799
YPR126C_mRNA	309	13.0646	19	119.698
YPL117C_mRNA	867	568	951	137.803
YLR434C_mRNA	384	85	0	0
YPL120W_mRNA	1674	1375	130	7.78159
YMR153W_mRNA	1428	1129	326	23.7658
YGR267C_mRNA	732	433	861	163.66
YJR003C_mRNA	1560	1261	302	19.7115
YHR193C_mRNA	525	226	5130	1868.26
YEL030C-A_mRNA	315	17.2766	0	0
YPL048W_mRNA	1248	949	2404	208.495
YNL132W_mRNA	3171	2872	932	26.7091
YOL080C_mRNA	870	571	200.75	28.9366
YDR444W_mRNA	2064	1765	437	20.3781
YPL083C_mRNA	1404	1105	130	9.68298
YGR271C-A_mRNA	702	403	181	36.9659
YDR419W_mRNA	1899	1600	201	10.3396
YIR009W_mRNA	336	37.0051	28	62.2766
YOR254C_mRNA	1992	1693	1370	66.6026
YCL066W_mRNA	528	229	0	0
YKR020W_mRNA	495	196	133	55.85
YIL033C_mRNA	1251	952	1494	129.164
YJL115W_mRNA	840	541	410	62.3756
YPR041W_mRNA	1218	919	2512	224.974
YOR218C_mRNA	420	121	72.3571	49.218
YIR010W_mRNA	1731	1432	316	18.1623
YOR147W_mRNA	1869	1570	326	17.0901
YGL101W_mRNA	648	349	229	54.0055
YNL172W_mRNA	5247	4948	299	4.97358
YMR031W-A_mRNA	327	28.091	1	2.92996
YGL053W_mRNA	714	415	189.535	37.5897
YKL042W_mRNA	1092	793	206	21.3807
YGR253C_mRNA	783	484	1633	277.695
YHR159W_mRNA	1515	1216	159	10.762
YJL169W_mRNA	369	70	37	43.5042
YHR199C_mRNA	933	634	662	85.9402
YBR185C_mRNA	837	538	184	28.149
YKL037W_mRNA	357	58	43	61.0195
YDR423C_mRNA	1230	931	342	30.2346
YJL035C_mRNA	753	454	219	39.7023
YOL093W_mRNA	882	583	354	49.9761
YDR017C_mRNA	3153	2854	1067	30.7708
YIL036W_mRNA	1764	1465	828	46.518
YJR089W_mRNA	2865	2566	382	12.2528
YPL124W_mRNA	762	463	69	12.2658
YLR354C_mRNA	1008	709	3948	458.309
YJL042W_mRNA	4197	3898	956	20.1857
YEL053W-A_mRNA	348	49	1113.73	1870.74
YDR005C_mRNA	1188	889	460	42.5877
YJR107W_mRNA	987	688	203	24.2849
YLR422W_mRNA	5799	5500	630	9.4277
YDR098C_mRNA	753	454	640	116.025
YKR030W_mRNA	822	523	289	45.4804
YPL232W_mRNA	873	574	1326	190.134
YMR001C-A_mRNA	231	1.96013	0	0
YCR099C_mRNA	468	169	21	10.2273
YAL019W-A_mRNA	570	271	97.4751	29.6041
YGL135W_mRNA	654	355	10036.5	2326.92
YDR280W_mRNA	918	619	661	87.8898
YJL154C_mRNA	2835	2536	1179	38.2642
YIL113W_mRNA	630	331	191	47.4934
YLR387C_mRNA	1299	1000	664	54.6507
YDR328C_mRNA	585	286	1241	357.136
YJL155C_mRNA	1359	1060	596	46.2773
YOR109W_mRNA	3324	3025	791	21.5218
YLR386W_mRNA	2643	2344	332	11.6576
YDR185C_mRNA	540	241	146	49.8613
YHR129C_mRNA	1155	856	174	16.7303
YNR010W_mRNA	450	151	52	28.3436
YIR007W_mRNA	2295	1996	387	15.958
YPR027C_mRNA	834	535	251	38.6143
YJL004C_mRNA	612	313	158	41.5471
YDL042C_mRNA	1689	1390	248.349	14.7053
YGL069C_mRNA	465	166	217.29	107.736
YPL095C_mRNA	1371	1072	795	61.038
YIR035C_mRNA	765	466	561	99.0843
YKL159C_mRNA	636	337	146	35.6575
YPR127W_mRNA	1038	739	425	47.3339
YFR037C_mRNA	1674	1375	1894.15	113.381
YKL161C_mRNA	1302	1003	134	10.9959
YLR061W_mRNA	366	67	3180.84	3907.47
YNL330C_mRNA	1302	1003	814	66.7961
YER079C-A_mRNA	339	40.0016	3	6.17265
YHL011C_mRNA	963	664	988	122.466
YIL114C_mRNA	846	547	414	62.2932
YPL243W_mRNA	1800	1501	1169	64.1005
YDR541C_mRNA	1035	736	186	20.8
YBR277C_mRNA	402	103	12.8373	10.2581
YOR108C-A_mRNA	210	1.66472	0	0
YNL016W_mRNA	1362	1063	1941	150.287
YEL009C_mRNA	846	547	5841	878.876
YNL316C_mRNA	1005	706	129	15.0388
YNR003C_mRNA	954	655	277	34.807
YLR380W_mRNA	1227	928	473	41.9509
YMR013C-A_mRNA	150	1.28333	0	0
YNL113W_mRNA	429	130	170	107.63
YKL079W_mRNA	1971	1672	572	28.1571
YDR056C_mRNA	618	319	631	162.805
YDL240W_mRNA	3054	2755	426	12.7267
YJR102C_mRNA	609	310	117	31.0636
YKR095W-A_mRNA	267	3.19127	0	0
YPR138C_mRNA	1470	1171	582	40.9067
YOR225W_mRNA	330	31.038	15	39.7764
YGL108C_mRNA	423	124	70	46.4627
YGL221C_mRNA	867	568	654	94.767
YDR183C-A_mRNA	258	2.72269	0	0
YCR050C_mRNA	309	13.0646	33	207.896
YOR028C_mRNA	888	589	331	46.2531
YOR169C_mRNA	465	166	321.879	159.592
YBR186W_mRNA	1695	1396	86	5.07038
YOR080W_mRNA	2199	1900	346	14.9882
YBL006C_mRNA	543	244	664	223.978
YOR235W_mRNA	315	17.2766	0	0
YER036C_mRNA	1833	1534	4081	218.962
YLR442C_mRNA	2937	2638	509	15.8807
YLR024C_mRNA	5619	5320	327	5.05899
YLR326W_mRNA	723	424	105	20.3822
YIL013C_mRNA	4236	3937	297	6.20896
YLR122C_mRNA	378	79	25	26.046
YJR015W_mRNA	1533	1234	1015	67.6985
YLR396C_mRNA	2076	1777	300	13.8951
YER084W-A_mRNA	513	214	0	0
YHL046W-A_mRNA	327	28.091	14	41.0194
YLR042C_mRNA	486	187	42	18.4857
YEL056W_mRNA	1206	907	584	52.9948
YER140W_mRNA	1671	1372	306	18.3567
YNL298W_mRNA	2529	2230	568	20.9639
YPR055W_mRNA	3198	2899	407	11.5551
YOL126C_mRNA	1134	835	1209	119.17
YPL206C_mRNA	966	667	509	62.8087
YIR006C_mRNA	4443	4144	2045	40.6164
YGL205W_mRNA	2247	1948	112	4.73213
YGR290W_mRNA	444	145	17.7685	10.0858
YGR022C_mRNA	330	31.038	11.5837	30.7172
YOL121C_mRNA	435	136	3475.11	2103.09
YLR183C_mRNA	1470	1171	208	14.6196
YIL145C_mRNA	930	631	652	85.0445
YNL139C_mRNA	4794	4495	632.606	11.5833
YBR274W_mRNA	1584	1285	298	19.0871
YJL071W_mRNA	1725	1426	165	9.52341
YLL028W_mRNA	1761	1462	537	30.2312
YER091C-A_mRNA	222	1.81459	0	0
YGR189C_mRNA	1524	1225	3201	215.069
YHR152W_mRNA	522	223	218	80.4599
YPL283C_mRNA	5580	5281	343.233	5.34934
YJR118C_mRNA	612	313	206	54.169
YLR130C_mRNA	1269	970	988	83.8326
YDR184C_mRNA	885	586	252	35.3941
YPL268W_mRNA	2610	2311	407	14.4951
YGR185C_mRNA	1185	886	2018	187.463
YOR016C_mRNA	624	325	238	60.2728
YHL019W-A_mRNA	594	295	123.188	34.3695
YHR039C_mRNA	1935	1636	1506	75.7652
YPL021W_mRNA	564	265	4	1.24234
YNL047C_mRNA	1971	1672	253	12.4541
YDR122W_mRNA	3195	2896	1282	36.4349
YGR169C-A_mRNA	279	4.19342	0	0
YBR235W_mRNA	3363	3064	622	16.7082
YHR114W_mRNA	1902	1603	630	32.3471
YLR306W_mRNA	567	268	87	26.7185
YDR054C_mRNA	888	589	940	131.353
YOR138C_mRNA	2016	1717	802	38.4443
YLR351C_mRNA	876	577	947	135.083
YKR077W_mRNA	1092	793	130	13.4927
YMR032W_mRNA	2010	1711	474	22.8011
YMR228W_mRNA	1026	727	117	13.2458
YLR242C_mRNA	966	667	143	17.6457
YJR123W_mRNA	678	379	19490	4232.53
YOL068C_mRNA	1512	1213	779	52.8572
YNL282W_mRNA	588	289	79	22.4987
YMR146C_mRNA	1044	745	3697	408.433
YCR084C_mRNA	2142	1843	1910	85.2974
YLR428C_mRNA	345	46.0001	9	16.1032
YNL096C_mRNA	573	274	1430.36	429.656
YMR251W-A_mRNA	180	1.42288	0	0
YBR046C_mRNA	1005	706	348	40.5698
YER059W_mRNA	1263	964	507	43.2871
YIR017W-A_mRNA	600	301	21.9476	6.00134
YLR265C_mRNA	1029	730	152	17.1375
YJL046W_mRNA	1230	931	174	15.3825
YEL061C_mRNA	3003	2704	309	9.40545
YOR165W_mRNA	2331	2032	910	36.8592
YIL148W_mRNA	387	88	5253.17	4913.23
YOR011W-A_mRNA	207	1.63327	0	0
YAL041W_mRNA	2565	2266	572	20.7761
YDR424C_mRNA	279	4.19342	0	0
YDR194C_mRNA	1995	1696	1038	50.3732
YGR239C_mRNA	867	568	83	12.027
YBR108W_mRNA	2844	2545	525	16.9785
YAL044W-A_mRNA	333	34.0145	59	142.763
YOL023W_mRNA	2031	1732	258	12.2603
YBR076C-A_mRNA	267	3.19127	0	0
YPL046C_mRNA	300	8.66635	3	28.4913
YDR141C_mRNA	5097	4798	750	12.8656
YDR288W_mRNA	912	613	151	20.2742
YBR194W_mRNA	372	73	27	30.4417
YGR201C_mRNA	678	379	122	26.4941
YCR090C_mRNA	549	250	280	92.182
YLR461W_mRNA	363	64	5.71473	7.34927
YER190C-B_mRNA	483	184	0	0
YOL108C_mRNA	456	157	98	51.3753
YJR148W_mRNA	1131	832	1493	147.695
YJL123C_mRNA	1437	1138	1360	98.3614
YHR218W_mRNA	1812	1513	15.5032	0.843354
YMR247C_mRNA	4689	4390	548	10.2741
YOL086C_mRNA	1047	748	108842	11976.3
YNL287W_mRNA	2808	2509	1830	60.0314
YLL064C_mRNA	363	64	27.9982	36.0062
YCR013C_mRNA	648	349	15162.2	3575.74
YMR152W_mRNA	1098	799	583	60.0551
YEL051W_mRNA	771	472	1357	236.628
YNL095C_mRNA	1929	1630	260	13.1285
YHR021W-A_mRNA	456	157	8	4.1939
YOL028C_mRNA	738	439	217	40.6839
YMR267W_mRNA	933	634	358	46.4752
YJL065C_mRNA	504	205	108.542	43.5783
YLR154C_mRNA	333	34.0145	39	94.3687
YFL001W_mRNA	1329	1030	252	20.1368
YMR230W_mRNA	318	19.7438	965	4022.76
YCL073C_mRNA	1848	1549	0	0
YIL054W_mRNA	318	19.7438	0	0
YGR056W_mRNA	2787	2488	520	17.2021
YLR154W-A_mRNA	186	1.46059	0	0
YDR051C_mRNA	1005	706	393	45.8158
YNR060W_mRNA	2160	1861	400	17.6906
YDR353W_mRNA	960	661	3751	467.061
YKL089W_mRNA	1650	1351	115	7.006
YBR018C_mRNA	1101	802	50	5.13125
YKL044W_mRNA	321	22.4012	14	51.438
YEL063C_mRNA	1773	1474	690	38.5283
YHR053C_mRNA	186	1.46059	0	0
YPR010C_mRNA	3612	3313	2659	66.0579
YLR199C_mRNA	831	532	196	30.323
YDR021W_mRNA	1200	901	101	9.22623
YER119C-A_mRNA	372	73	18	20.2945
YGL041C-B_mRNA	183	1.44122	0	0
YBR292C_mRNA	372	73	0	0
YPR079W_mRNA	1146	847	307	29.832
YDL194W_mRNA	2655	2356	455	15.8951
YDR049W_mRNA	1899	1600	380	19.5475
YMR039C_mRNA	879	580	1055	149.711
YKL026C_mRNA	504	205	85	34.1266
YMR128W_mRNA	3804	3505	803	18.8563
YDR209C_mRNA	414	115	386	276.26
YER133W-A_mRNA	342	43.0005	37	70.8201
YIL177C_mRNA	5277	4978	0.752164	0.0124361
YGL238W_mRNA	2883	2584	991	31.5652
YOR087W_mRNA	2028	1729	504	23.9918
YPR095C_mRNA	3681	3382	635	15.4535
YPL016W_mRNA	3945	3646	357	8.05897
YJL041W_mRNA	2471	2172	997	37.7801
YJR122W_mRNA	1494	1195	240	16.5299
YER074W_mRNA	408	109	5521.36	4169.15
YGL109W_mRNA	324	25.1994	16	52.2586
YPL251W_mRNA	303	9.89396	3	24.9562
YGL234W_mRNA	2409	2110	3090	120.532
YJL033W_mRNA	2313	2014	812	33.1837
YNL339C_mRNA	5580	5281	0.00986432	0.000153737
YBR066C_mRNA	663	364	232	52.4583
YOL133W_mRNA	366	67	121	148.641
YDR388W_mRNA	1449	1150	2220	158.885
YMR269W_mRNA	636	337	213	52.0209
YPL260W_mRNA	1656	1357	892	54.1019
YHR200W_mRNA	807	508	1449	234.765
YKL145W-A_mRNA	93	1.14312	0	0
YMR188C_mRNA	714	415	234	46.4083
YGR264C_mRNA	2256	1957	2469	103.838
YHR069C_mRNA	1080	781	319	33.6177
YDR233C_mRNA	888	589	2987	417.396
YBL048W_mRNA	312	15.0416	0	0
YLR095C_mRNA	2439	2140	718	27.6146
YBR196C-B_mRNA	105	1.16428	0	0
YDR235W_mRNA	1635	1336	310	19.0978
YNR063W_mRNA	1824	1525	54	2.91442
YOL018C_mRNA	1194	895	517	47.544
YEL013W_mRNA	1737	1438	656	37.5468
YJL091C_mRNA	1473	1174	227	15.9142
YOR045W_mRNA	186	1.46059	0	0
YER087C-B_mRNA	249	2.39087	0	0
YHR041C_mRNA	633	334	255	62.8379
YER056C_mRNA	1602	1303	2373.64	149.933
YBR095C_mRNA	1293	994	301	24.9234
YHL049C_mRNA	816	517	92.6543	14.7504
YDL118W_mRNA	381	82	23.0323	23.1181
YBL011W_mRNA	2280	1981	1190	49.4414
YGR293C_mRNA	462	163	15.9484	8.05299
YDL137W_mRNA	546	247	1103.19	367.603
YDL193W_mRNA	1128	829	435	43.188
YOR186W_mRNA	435	136	8	4.84149
YMR102C_mRNA	2505	2206	1564	58.3525
YCL061C_mRNA	3291	2992	235	6.46449
YBL102W_mRNA	648	349	378	89.1444
YDR509W_mRNA	348	49	15	25.1955
YOR065W_mRNA	930	631	387	50.4789
YEL001C_mRNA	678	379	999	216.947
YGL164C_mRNA	1323	1024	458	36.8123
YJL045W_mRNA	1905	1606	50	2.56243
YOR201C_mRNA	1239	940	484.316	42.4062
YKL006C-A_mRNA	294	6.78516	17	206.213
YHR028W-A_mRNA	321	22.4012	1	3.67414
YPL173W_mRNA	894	595	465	64.3226
YBL105C_mRNA	3456	3157	1181	30.7895
YLR162W-A_mRNA	189	1.48108	0	0
YKL164C_mRNA	1026	727	3664.27	414.841
YLR462W_mRNA	609	310	16.4065	4.35593
YPR098C_mRNA	486	187	173	76.1434
YDR490C_mRNA	2301	2002	413	16.9791
YDR516C_mRNA	1503	1204	5329	364.29
YKR096W_mRNA	3588	3289	693	17.3419
YIL173W_mRNA	4650	4351	331.457	6.26999
YMR171C_mRNA	1653	1354	826	50.2099
YGR236C_mRNA	288	5.47621	0	0
YML029W_mRNA	2517	2218	459	17.0325
YJL069C_mRNA	1785	1486	435	24.0934
YNR037C_mRNA	276	3.88594	0	0
YEL022W_mRNA	4380	4081	1019	20.5511
YKL054C_mRNA	2217	1918	2524	108.31
YBL090W_mRNA	534	235	152	53.2358
YDR347W_mRNA	966	667	516	63.6725
YFR032C_mRNA	870	571	69	9.94583
YJL130C_mRNA	6645	6346	3432	44.5118
YMR090W_mRNA	684	385	236	50.4521
YHR042W_mRNA	2076	1777	2603	120.563
YGL124C_mRNA	1935	1636	265	13.3319
YPL156C_mRNA	855	556	365	54.0314
YGR235C_mRNA	702	403	335	68.4176
YJR087W_mRNA	351	52	43	68.0602
YLR148W_mRNA	2757	2458	290	9.71055
YDR445C_mRNA	408	109	25	18.8774
YOR073W_mRNA	1773	1474	236	13.1778
YER148W_mRNA	723	424	783.724	152.134
YML124C_mRNA	1338	1039	1700	134.667
YDR452W_mRNA	2025	1726	1383	65.9492
YGR117C_mRNA	1431	1132	393	28.5742
YDL196W_mRNA	330	31.038	2	5.30352
YGR254W_mRNA	1314	1015	23082.1	1871.7
YER188C-A_mRNA	300	8.66635	0.5	4.74856
YLR243W_mRNA	819	520	261	41.3109
YMR293C_mRNA	1395	1096	154	11.5648
YJL218W_mRNA	591	292	127	35.7972
YDR437W_mRNA	423	124	26	17.2576
YOR064C_mRNA	660	361	104	23.7112
YBR138C_mRNA	1575	1276	137	8.83686
YCR082W_mRNA	387	88	232	216.987
YKL147C_mRNA	618	319	39.3441	10.1512
YAR015W_mRNA	921	622	1232	163.023
YJL057C_mRNA	2004	1705	332	16.0266
YDR529C_mRNA	384	85	217	210.121
YBR178W_mRNA	375	76	2	2.16593
YER086W_mRNA	1731	1432	2155	123.86
YOR003W_mRNA	1437	1138	210	15.1882
YOR051C_mRNA	1239	940	1164	101.918
YOL159C-A_mRNA	273	3.62112	0	0
YNL081C_mRNA	432	133	260	160.898
YGL031C_mRNA	468	169	3921.88	1910.01
YGL085W_mRNA	825	526	156	24.4099
YDL238C_mRNA	1470	1171	194	13.6356
YMR069W_mRNA	858	559	23	3.38644
YDL078C_mRNA	1032	733	1293	145.185
YFR016C_mRNA	3702	3403	1043	25.2261
YGR280C_mRNA	816	517	596	94.8819
YIL001W_mRNA	1542	1243	170	11.2566
YDR303C_mRNA	2658	2359	539	18.8057
YAL033W_mRNA	522	223	146	53.886
YCR028C_mRNA	1539	1240	326	21.6383
YLR218C_mRNA	453	154	211	112.769
YKL212W_mRNA	1872	1573	1603	83.875
YMR119W-A_mRNA	375	76	62	67.1438
YML105C_mRNA	822	523	488	76.7973
YDR440W_mRNA	1749	1450	331	18.7883
YNL328C_mRNA	441	142	7	4.0573
YJL151C_mRNA	402	103	728	581.731
YJR047C_mRNA	474	175	362.238	170.366
YML072C_mRNA	4638	4339	2168	41.1242
YIR028W_mRNA	1908	1609	53	2.71111
YJL138C_mRNA	1188	889	6784.69	628.139
YOL040C_mRNA	429	130	4785	3029.47
YOR351C_mRNA	1494	1195	49	3.37486
YFR051C_mRNA	1641	1342	1770	108.555
YHR038W_mRNA	693	394	122	25.4854
YPR054W_mRNA	1167	868	124	11.7579
YDR314C_mRNA	2079	1780	91	4.20774
YDR467C_mRNA	327	28.091	21	61.5291
YOR329C_mRNA	2619	2320	940	33.3478
YLR028C_mRNA	1776	1477	2635	146.834
YER045C_mRNA	1470	1171	495	34.7917
YFR010W-A_mRNA	189	1.48108	0	0
YPR144C_mRNA	1659	1360	349	21.121
YPL249C-A_mRNA	303	9.89396	1096.99	9125.58
YLR043C_mRNA	312	15.0416	465	2544.42
YMR125W_mRNA	2586	2287	824	29.6544
YDL134C_mRNA	1110	811	1339.83	135.974
YGR121C_mRNA	1479	1180	347	24.2033
YMR325W_mRNA	375	76	0	0
YPR128C_mRNA	987	688	255	30.5056
YER088W-B_mRNA	147	1.27274	0	0
YMR141W-A_mRNA	225	1.85938	0	0
YDR117C_mRNA	1698	1399	447	26.2977
YGL043W_mRNA	930	631	442	57.6529
YGR139W_mRNA	339	40.0016	1	2.05755
YOR156C_mRNA	2181	1882	197	8.61538
YDL226C_mRNA	1059	760	723	78.2983
YJL121C_mRNA	717	418	869	171.108
YGL182C_mRNA	324	25.1994	1	3.26616
YGR061C_mRNA	4077	3778	3233	70.4323
YHR158C_mRNA	3495	3196	878	22.6108
YGR213C_mRNA	954	655	88	11.0578
YML070W_mRNA	1755	1456	1254	70.8866
YOL038C-A_mRNA	96	1.14811	0	0
YCL064C_mRNA	1083	784	3794	398.299
YBR144C_mRNA	315	17.2766	1	4.76397
YMR015C_mRNA	1617	1318	591	36.9063
YML071C_mRNA	1824	1525	525	28.3346
YFR028C_mRNA	1656	1357	562	34.0867
YOR129C_mRNA	2682	2383	176	6.07878
YIL088C_mRNA	1473	1174	893	62.6053
YMR145C_mRNA	1683	1384	2968	176.504
YJL222W_mRNA	4650	4351	284.106	5.37427
YDR517W_mRNA	1119	820	1336	134.097
YLR178C_mRNA	660	361	485	110.576
YDR371C-A_mRNA	105	1.16428	0	0
YNL258C_mRNA	2265	1966	517	21.6439
YLR441C_mRNA	768	469	8836.62	1550.75
YGR119C_mRNA	1626	1327	940	58.3022
YJR013W_mRNA	1212	913	252	22.7173
YIR027C_mRNA	1383	1084	26	1.97411
YDR246W-A_mRNA	201	1.57618	0	0
YNL339W-B_mRNA	483	184	0	0
YBR151W_mRNA	951	652	969	122.322
YDL167C_mRNA	2160	1861	516	22.8208
YBL005W_mRNA	2931	2632	574	17.9496
YOR377W_mRNA	1578	1279	489	31.4678
YDL037C_mRNA	987	688	298	35.6497
YKL193C_mRNA	1017	718	314	35.9942
YDR223W_mRNA	1404	1105	144	10.7258
YDL053C_mRNA	558	259	283	89.9321
YOR103C_mRNA	393	94	146.154	127.971
YGR093W_mRNA	1524	1225	349	23.4486
YHR137W_mRNA	1542	1243	188	12.4484
YBR226C_mRNA	411	112	25	18.3717
YGL091C_mRNA	987	688	195	23.3278
YPL141C_mRNA	2598	2299	313	11.2056
YGR258C_mRNA	3096	2797	531	15.6254
YBR141C_mRNA	1014	715	125	14.389
YJR091C_mRNA	3276	2977	1274	35.2224
YMR243C_mRNA	1329	1030	1589	126.974
YPL235W_mRNA	1416	1117	1047	77.1474
YDL172C_mRNA	480	181	131.329	59.7189
YNL230C_mRNA	1140	841	166	16.2458
YEL028W_mRNA	462	163	37	18.6828
YAR073W_mRNA	1212	913	13.1533	1.18575
YER095W_mRNA	1203	904	568	51.714
YNL231C_mRNA	1056	757	1122	121.99
YPL183W-A_mRNA	282	4.5528	1	18.078
YDR143C_mRNA	1833	1534	722	38.7382
YGR207C_mRNA	786	487	434	73.3481
YPL066W_mRNA	1440	1141	500	36.0672
YOR152C_mRNA	771	472	61	10.6369
YAL027W_mRNA	786	487	164	27.7168
YHR013C_mRNA	717	418	480	94.5133
YJL080C_mRNA	3669	3370	3682	89.9253
YOR269W_mRNA	1485	1186	248	17.2106
YIR038C_mRNA	705	406	327	66.2902
YFR052C-A_mRNA	306	11.3524	29	210.252
YOR344C_mRNA	876	577	594	84.7303
YPL049C_mRNA	1359	1060	1726	134.018
YML065W_mRNA	2745	2446	429	14.4354
YFL049W_mRNA	1872	1573	421	22.0283
YDR062W_mRNA	1686	1387	1436	85.213
YLR237W_mRNA	1797	1498	357.271	19.6297
YDR327W_mRNA	327	28.091	212	621.151
YMR074C_mRNA	438	139	390	230.929
YIL121W_mRNA	1629	1330	1128	69.8048
YGL048C_mRNA	1218	919	1860	166.581
YKR010C_mRNA	2316	2017	244	9.95662
YOR221C_mRNA	1083	784	352	36.9534
YOL047C_mRNA	1071	772	81	8.63566
YGL203C_mRNA	2190	1891	974	42.3931
YMR164C_mRNA	2277	1978	291	12.1086
YGR113W_mRNA	1032	733	275	30.8785
YIL171W-A_mRNA	453	154	10	5.3445
YPR160W_mRNA	2709	2410	1714	58.5358
YDR381W_mRNA	681	382	1357	292.378
YDR140W_mRNA	666	367	160	35.8824
YDL117W_mRNA	2658	2359	555	19.3639
YGR178C_mRNA	2169	1870	1782	78.4321
YER124C_mRNA	1722	1423	877	50.7251
YGR144W_mRNA	981	682	30	3.62047
YMR252C_mRNA	405	106	67	52.0232
YIL157C_mRNA	594	295	349	97.3714
YPL229W_mRNA	621	322	109	27.8611
YGL147C_mRNA	576	277	8157.12	2423.73
YJR041C_mRNA	3525	3226	421	10.741
YKL028W_mRNA	1449	1150	852	60.9775
YNR053C_mRNA	1461	1162	543	38.4611
YKR003W_mRNA	1347	1048	470	36.9117
YKL146W_mRNA	2079	1780	740.656	34.2471
YLR446W_mRNA	1302	1003	179	14.6886
YLR464W_mRNA	651	352	0	0
YBL030C_mRNA	957	658	1857	232.281
YER168C_mRNA	1641	1342	342	20.975
YLR355C_mRNA	1188	889	5153	477.075
YIL046W_mRNA	1923	1624	508	25.7458
YDR479C_mRNA	1665	1366	634	38.2003
YGR268C_mRNA	597	298	260	71.81
YNL134C_mRNA	1131	832	1225	121.183
YLR221C_mRNA	663	364	511	115.544
YGR220C_mRNA	810	511	396.359	63.8404
YDR100W_mRNA	432	133	161	99.6327
YLR003C_mRNA	876	577	267	38.0858
YNL010W_mRNA	726	427	1107	213.377
YHL037C_mRNA	402	103	2	1.59816
YJL056C_mRNA	2643	2344	219	7.68979
YFR043C_mRNA	714	415	104	20.6259
YDL130W_mRNA	321	22.4012	2412.92	8865.41
YNL208W_mRNA	600	301	3406	931.335
YFL060C_mRNA	669	370	35.5714	7.91275
YGR040W_mRNA	1107	808	214	21.7987
YMR194W_mRNA	303	9.89396	214	1780.21
YBR056W_mRNA	1506	1207	796	54.2792
YGL029W_mRNA	363	64	124	159.467
YBR049C_mRNA	2433	2134	563	21.7141
YGL171W_mRNA	1695	1396	341	20.1047
YNL171C_mRNA	369	70	21	24.6916
YHR067W_mRNA	843	544	64	9.68298
YOR247W_mRNA	633	334	2942	724.977
YLR155C_mRNA	1089	790	778.5	81.1072
YOR276W_mRNA	486	187	763.63	336.1
YML102W_mRNA	1407	1108	453	33.6501
YLR154W-E_mRNA	204	1.60381	0	0
YPR163C_mRNA	1311	1012	3336	271.315
YDL007C-A_mRNA	258	2.72269	0	0
YCL021W-A_mRNA	378	79	12	12.5021
YOR277C_mRNA	309	13.0646	68.3702	430.723
YDL095W_mRNA	2454	2155	1686	64.3929
YDR076W_mRNA	1221	922	87	7.76634
YLR287C-A_mRNA	192	1.50279	0	0
YOR357C_mRNA	489	190	161	69.7429
YER046W-A_mRNA	330	31.038	5	13.2588
YER187W_mRNA	426	127	32	20.7383
YLR375W_mRNA	1032	733	923	103.64
YLR416C_mRNA	399	100	6	4.93832
YGR171C_mRNA	1728	1429	200	11.5193
YMR209C_mRNA	1374	1075	416	31.8502
YMR054W_mRNA	2673	2374	1492	51.7268
YDR013W_mRNA	627	328	146	36.6359
YLR163W-A_mRNA	114	1.1825	0	0
YFR009W-A_mRNA	258	2.72269	0	0
YJL101C_mRNA	2037	1738	1009	47.7825
YHR122W_mRNA	696	397	194	40.2197
YLR108C_mRNA	1458	1159	217	15.4101
YCR028C-A_mRNA	408	109	418	315.63
YKR015C_mRNA	1707	1408	168	9.82052
YDR454C_mRNA	564	265	1033	320.835
YBR093C_mRNA	1404	1105	1349.37	100.507
YGL041W-A_mRNA	465	166	101	50.0773
YMR005W_mRNA	1167	868	463	43.9025
YER076W-A_mRNA	348	49	16	26.8752
YDL001W_mRNA	1293	994	196	16.2292
YKL137W_mRNA	336	37.0051	47	104.536
YIR011C_mRNA	960	661	579	72.095
YER145C-A_mRNA	438	139	192	113.688
YNL289W_mRNA	840	541	227	34.5348
YKL205W_mRNA	3303	3004	579	15.8638
YGR092W_mRNA	1719	1420	412	23.8801
YHR134W_mRNA	810	511	178	28.67
YPR204C-A_mRNA	483	184	0	0
YPL191C_mRNA	1083	784	105	11.023
YDR465C_mRNA	1239	940	926	81.0795
YHR028C_mRNA	2457	2158	1100	41.9536
YCR096C_mRNA	360	61	28.3846	38.2984
YNL084C_mRNA	1050	751	727	79.6751
YDR250C_mRNA	276	3.88594	0	0
YGR233C_mRNA	3537	3238	736	18.7081
YKL059C_mRNA	1326	1027	356	28.5304
YMR130W_mRNA	909	610	247	33.3269
YLR257W_mRNA	966	667	2918	360.07
YLL038C_mRNA	744	445	106	19.6053
YML061C_mRNA	2580	2281	366	13.2064
YKR037C_mRNA	888	589	103	14.3929
YHR197W_mRNA	2292	1993	434	17.923
YJL028W_mRNA	336	37.0051	1	2.22416
YDL086C-A_mRNA	435	136	0	0
YIL038C_mRNA	2511	2212	803	29.8785
YPR176C_mRNA	978	679	315	38.1829
YLL007C_mRNA	1998	1699	216	10.4638
YLR141W_mRNA	1092	793	177	18.3708
YOR208W_mRNA	2253	1954	713	30.0326
YMR238W_mRNA	1377	1078	1185	90.4748
YBR052C_mRNA	633	334	884	217.838
YHL026C_mRNA	948	649	170	21.5592
YMR187C_mRNA	1296	997	83	6.8519
YGR066C_mRNA	879	580	42	5.96004
YPL094C_mRNA	825	526	1034	161.794
YNL237W_mRNA	1380	1081	276	21.0141
YKL194C_mRNA	1389	1090	204	15.4039
YLR204W_mRNA	336	37.0051	132	293.589
YOR356W_mRNA	1896	1597	776	39.9931
YER117W_mRNA	414	115	4630.18	3313.81
YDR519W_mRNA	408	109	142	107.223
YNL114C_mRNA	372	73	98	110.492
YDR511W_mRNA	402	103	77	61.5292
YHR047C_mRNA	2571	2272	679	24.5974
YDR234W_mRNA	2082	1783	895	41.3142
YGL255W_mRNA	1131	832	908	89.8236
YCR059C_mRNA	777	478	530	91.259
YNR012W_mRNA	1506	1207	277	18.8886
YJR094C_mRNA	1083	784	72	7.55865
YJR159W_mRNA	1074	775	60.5	6.42512
YGL114W_mRNA	2178	1879	576	25.2304
YLR350W_mRNA	651	352	1683	393.522
YLR312C_mRNA	1197	898	72	6.59909
YNL109W_mRNA	546	247	71.5096	23.8284
YMR030W_mRNA	1131	832	178	17.6086
YDL008W_mRNA	498	199	148	61.212
YNL101W_mRNA	2142	1843	516	23.0437
YGR155W_mRNA	1524	1225	5147	345.817
YMR182W-A_mRNA	87	1.1337	0	0
YDR015C_mRNA	240	2.14631	0	0
YAR031W_mRNA	897	598	105.465	14.5157
YML083C_mRNA	1257	958	64	5.49848
YLR124W_mRNA	345	46.0001	3	5.36772
YNL196C_mRNA	897	598	81	11.1484
YIR020C_mRNA	303	9.89396	0	0
YPL158C_mRNA	2277	1978	235	9.77844
YAL029C_mRNA	4416	4117	1115	22.2906
YIL021W_mRNA	957	658	864	108.073
YLR063W_mRNA	1098	799	69	7.10772
YML024W_mRNA	411	112	3927.5	2886.2
YER066C-A_mRNA	501	202	513	209.023
YDR041W_mRNA	612	313	340	89.4051
YJL063C_mRNA	717	418	579	114.007
YNL138W-A_mRNA	258	2.72269	0	0
YDR227W_mRNA	4077	3778	341	7.42883
YNL296W_mRNA	315	17.2766	3	14.2919
YER106W_mRNA	909	610	5	0.674634
YDR530C_mRNA	978	679	478	57.941
YDR412W_mRNA	708	409	301.048	60.5815
YHR128W_mRNA	651	352	642	150.114
YDR301W_mRNA	4074	3775	575	12.5366
YKL050C_mRNA	2769	2470	97	3.23223
YPR105C_mRNA	2586	2287	632	22.7446
YPL135C-A_mRNA	174	1.38904	0	0
YHL024W_mRNA	2142	1843	231	10.3161
YLR392C_mRNA	1557	1258	373	24.4037
YCR004C_mRNA	744	445	1093	202.157
YDR355C_mRNA	303	9.89396	0	0
YMR037C_mRNA	2115	1816	716	32.4508
YDL011C_mRNA	324	25.1994	20.682	67.5508
YIL007C_mRNA	663	364	165	37.3087
YNL097C-B_mRNA	123	1.20308	0	0
YNR034W-A_mRNA	297	7.64028	18	193.906
YBR181C_mRNA	711	412	7164.58	1431.27
YAL047C_mRNA	1869	1570	153	8.02084
YHR057C_mRNA	618	319	570	147.066
YLL025W_mRNA	375	76	17	18.4104
YLL018C_mRNA	1674	1375	3555	212.797
YNL082W_mRNA	2622	2323	160	5.6689
YOR133W_mRNA	2529	2230	12828.2	473.466
YGR073C_mRNA	372	73	45	50.7362
YPL269W_mRNA	1935	1636	173	8.70343
YLR201C_mRNA	783	484	274	46.5943
YDR538W_mRNA	729	430	130.812	25.0384
YMR264W_mRNA	612	313	474	124.641
YJR156C_mRNA	1023	724	32.3432	3.67682
YNL073W_mRNA	1731	1432	760	43.6816
YCL052C_mRNA	1251	952	561	48.5013
YMR225C_mRNA	297	7.64028	14	150.816
YBL008W_mRNA	2523	2224	282	10.4362
YOR020C_mRNA	321	22.4012	395	1451.29
YIR032C_mRNA	588	289	14	3.98711
YLR206W_mRNA	1842	1543	1588	84.7057
YKL121W_mRNA	2559	2260	292	10.6341
YEL017W_mRNA	1014	715	359	41.3253
YFR015C_mRNA	2127	1828	5880	264.746
YPR046W_mRNA	546	247	78	25.9912
YDR112W_mRNA	309	13.0646	2	12.5997
YER087C-A_mRNA	552	253	57.8664	18.825
YGL111W_mRNA	1392	1093	528	39.7596
YCR034W_mRNA	1044	745	1148	126.828
YPR005C_mRNA	885	586	170	23.877
YDR500C_mRNA	267	3.19127	0	0
YNL115C_mRNA	1935	1636	472	23.7458
YBR242W_mRNA	717	418	263	51.7854
YBR126W-A_mRNA	207	1.63327	0	0
YBR257W_mRNA	840	541	164	24.9502
YNL270C_mRNA	1722	1423	57	3.29684
YHR020W_mRNA	2067	1768	2426	112.937
YBL099W_mRNA	1638	1339	2714	166.823
YBL056W_mRNA	1407	1108	1749	129.921
YKL053C-A_mRNA	261	2.86036	0	0
YMR190C_mRNA	4344	4045	365	7.42681
YKL052C_mRNA	879	580	491	69.6757
YOL096C_mRNA	939	640	326	41.9243
YNL249C_mRNA	1629	1330	137	8.47807
YDL048C_mRNA	1473	1174	1347	94.4338
YFL038C_mRNA	621	322	2567	656.142
YOR072W-A_mRNA	249	2.39087	0	0
YDL062W_mRNA	426	127	15	9.7211
YPL086C_mRNA	1674	1375	683	40.8833
YDL218W_mRNA	954	655	27	3.39274
YNL112W_mRNA	1641	1342	5315	325.971
YNL241C_mRNA	1518	1219	2531	170.89
YLR215C_mRNA	1083	784	193	20.2614
YDR174W_mRNA	741	442	1482	275.965
YHR069C-A_mRNA	363	64	0	0
YIL077C_mRNA	963	664	369	45.7389
YKR049C_mRNA	402	103	142	113.469
YLR466C-B_mRNA	117	1.18908	0	0
YIL104C_mRNA	1524	1225	199	13.3704
YML007W_mRNA	1953	1654	1174	58.4199
YBR198C_mRNA	2397	2098	1093	42.8788
YPR092W_mRNA	306	11.3524	3	21.7502
YHR082C_mRNA	3090	2791	1242	36.626
YHR153C_mRNA	597	298	13	3.5905
YDR170C_mRNA	6030	5731	1655	23.7682
YIL162W_mRNA	1599	1300	856	54.1949
YKL165C-A_mRNA	234	2.01696	0	0
YDR282C_mRNA	1245	946	105	9.13537
YLR051C_mRNA	654	355	269	62.3666
YER004W_mRNA	696	397	748	155.074
YLR134W_mRNA	1692	1393	167.808	9.91493
YNR011C_mRNA	2631	2332	392	13.8352
YNL207W_mRNA	1278	979	408	34.3009
YCR087W_mRNA	516	217	466.148	176.804
YKL127W_mRNA	1713	1414	862	50.1748
YER021W_mRNA	1572	1273	1449	93.6845
YOR066W_mRNA	1890	1591	255	13.1916
YDL009C_mRNA	324	25.1994	20	65.3233
YBR070C_mRNA	714	415	138	27.369
YDR290W_mRNA	330	31.038	0	0
YNL125C_mRNA	2022	1723	517	24.6964
YDR292C_mRNA	1866	1567	1197	62.8714
YML047W-A_mRNA	366	67	0	0
YDR306C_mRNA	1437	1138	413	29.87
YPL096C-A_mRNA	207	1.63327	0	0
YGR011W_mRNA	327	28.091	17	49.8093
YER175C_mRNA	900	601	156	21.3638
YHR213W_mRNA	597	298	0	0
YDL144C_mRNA	1071	772	444	47.3362
YPR117W_mRNA	7470	7171	624	7.16197
YML110C_mRNA	924	625	764	100.61
YFL065C_mRNA	309	13.0646	0	0
YNL045W_mRNA	2016	1717	834	39.9782
YOL115W_mRNA	1755	1456	497	28.0946
YER088C_mRNA	2013	1714	2500	120.049
YLR358C_mRNA	564	265	89.0368	27.6536
YNL302C_mRNA	435	136	5173.89	3131.17
YBR201W_mRNA	636	337	172	42.0075
YGR179C_mRNA	1221	922	219	19.5497
YLR189C_mRNA	3597	3298	591	14.7491
YPR086W_mRNA	1038	739	668	74.3978
YCR065W_mRNA	1695	1396	239	14.091
YFR007W_mRNA	1062	763	170	18.338
YOR348C_mRNA	1884	1585	70	3.63493
Q0182_mRNA	405	106	0	0
YKL107W_mRNA	930	631	34	4.43483
YOR352W_mRNA	1032	733	196	22.008
YKL115C_mRNA	393	94	1	0.875588
YPL278C_mRNA	303	9.89396	1.19418	9.93408
YCR024C_mRNA	1479	1180	221	15.4148
YBR258C_mRNA	429	130	70	44.3182
YER134C_mRNA	537	238	189	65.3601
YOR327C_mRNA	348	49	310	520.707
YGL260W_mRNA	231	1.96013	0	0
YEL037C_mRNA	1197	898	1430	131.065
YHR103W_mRNA	2559	2260	755	27.4958
YHR201C_mRNA	1194	895	654	60.1427
YBR094W_mRNA	2262	1963	403	16.8971
YLR031W_mRNA	561	262	22	6.91113
YNR048W_mRNA	1182	883	175	16.3119
YNL138W_mRNA	1581	1282	1418	91.0366
YPL205C_mRNA	345	46.0001	9	16.1032
YER175W-A_mRNA	165	1.34444	0	0
Q0085_mRNA	780	481	1	0.171113
YOR391C_mRNA	714	415	3.5	0.694141
YOR050C_mRNA	348	49	33	55.4301
YNR050C_mRNA	1341	1042	1305	103.079
YLR342W-A_mRNA	174	1.38904	0	0
YDR433W_mRNA	441	142	647.509	375.306
YPL242C_mRNA	4488	4189	453	8.90053
YNL179C_mRNA	438	139	20	11.8425
YMR226C_mRNA	804	505	1087	177.16
YGR199W_mRNA	2280	1981	516	21.4384
YJL096W_mRNA	486	187	147	64.6999
YJL026W_mRNA	1200	901	1876	171.37
YHR191C_mRNA	402	103	78	62.3283
YJR101W_mRNA	801	502	365	59.8435
YLR168C_mRNA	693	394	131	27.3655
YPR182W_mRNA	261	2.86036	0	0
YGR247W_mRNA	720	421	280	54.7399
YGL262W_mRNA	528	229	5	1.79706
YKL211C_mRNA	1455	1156	710	50.5508
YPL209C_mRNA	1104	805	40	4.08971
YOR314W_mRNA	330	31.038	0	0
YHL040C_mRNA	1884	1585	416	21.6019
YOL084W_mRNA	2976	2677	48	1.47578
YDR079W_mRNA	336	37.0051	21	46.7074
YDR345C_mRNA	1704	1405	35392.7	2073.32
YGL241W_mRNA	3015	2716	311	9.4245
YHR004C_mRNA	1341	1042	516	40.7577
YBR283C_mRNA	1473	1174	2314	162.227
YGR154C_mRNA	1071	772	140	14.9258
YOR018W_mRNA	2514	2215	693	25.7506
YLR002C_mRNA	1992	1693	561	27.2731
YPL007C_mRNA	1767	1468	230	12.8952
YPR187W_mRNA	468	169	749	364.773
YHR017W_mRNA	1158	859	359	34.3977
YNL300W_mRNA	309	13.0646	57	359.093
YDR262W_mRNA	819	520	534	84.5212
YDL126C_mRNA	2508	2209	7062	263.124
YMR271C_mRNA	684	385	60	12.8268
YML117W_mRNA	3405	3106	1971	52.2292
YBL009W_mRNA	2031	1732	297	14.1136
YNL128W_mRNA	1305	1006	41	3.35439
YER049W_mRNA	1935	1636	1056	53.1262
YGR212W_mRNA	1407	1108	110	8.17111
YCL063W_mRNA	1272	973	300	25.3768
YLR127C_mRNA	2562	2263	360	13.0932
YDR315C_mRNA	846	547	63	9.47941
YMR055C_mRNA	921	622	94	12.4384
YBL052C_mRNA	2496	2197	435.629	16.3198
YCR038C_mRNA	1929	1630	214	10.8057
YGL201C_mRNA	3054	2755	643	19.2096
YOR374W_mRNA	1560	1261	4298	280.53
YPR063C_mRNA	423	124	360	238.951
YJR058C_mRNA	444	145	220	124.877
YOR034C_mRNA	2250	1951	356	15.0183
YGR035C_mRNA	351	52	193	305.479
YOL118C_mRNA	309	13.0646	4	25.1995
YBL085W_mRNA	2943	2644	1209	37.6351
YDR126W_mRNA	1011	712	151	17.4552
YIL049W_mRNA	762	463	255	45.3301
YNL277W-A_mRNA	189	1.48108	0	0
YEL024W_mRNA	648	349	173	40.7989
YIL014C-A_mRNA	315	17.2766	3	14.2919
YBL113W-A_mRNA	483	184	0	0
YDR067C_mRNA	675	376	202	44.2172
YEL027W_mRNA	483	184	2582	1154.96
YGL116W_mRNA	1833	1534	325	17.4376
YMR214W_mRNA	1134	835	703	69.2942
YGR080W_mRNA	999	700	409	48.0898
YDR048C_mRNA	315	17.2766	3	14.2919
YDL060W_mRNA	2367	2068	948	37.7299
YKL190W_mRNA	528	229	506	181.862
YPL126W_mRNA	2691	2392	1108	38.1247
YOR012W_mRNA	414	115	49	35.0692
YLL006W-A_mRNA	177	1.40551	0	0
YHR192W_mRNA	837	538	342	52.3205
YDR255C_mRNA	1266	967	263	22.385
YFR050C_mRNA	801	502	1285	210.682
YLR248W_mRNA	1833	1534	1400	75.1157
YDR031W_mRNA	366	67	37	45.4522
YDR138W_mRNA	2259	1960	325	13.6476
YLR349W_mRNA	507	208	207.186	81.983
YBL108W_mRNA	306	11.3524	0	0
YKL204W_mRNA	1899	1600	700	36.0086
YDR070C_mRNA	282	4.5528	0	0
YOL054W_mRNA	1221	922	276	24.638
YPL171C_mRNA	1203	904	26	2.36719
YJR017C_mRNA	513	214	503	193.456
YPL132W_mRNA	903	604	184	25.0731
YBR275C_mRNA	5751	5452	417	6.29518
YOR053W_mRNA	342	43.0005	36.6674	70.1835
YPL143W_mRNA	324	25.1994	2206.7	7207.46
YCR015C_mRNA	954	655	78	9.80124
YOR198C_mRNA	1413	1114	1957	144.588
YDR399W_mRNA	666	367	1532	343.574
YKL017C_mRNA	2052	1753	314	14.7427
YKR064W_mRNA	2592	2293	314	11.2708
YIL055C_mRNA	1884	1585	195	10.1259
YOR287C_mRNA	903	604	84	11.4464
YDR494W_mRNA	1086	787	454	47.4798
YER073W_mRNA	1563	1264	2373	154.518
YNL069C_mRNA	597	298	5615	1550.82
YNL111C_mRNA	363	64	78	100.31
YCL049C_mRNA	939	640	500	64.301
YBR133C_mRNA	2484	2185	530	19.9642
YPR040W_mRNA	1071	772	354	37.741
YPL253C_mRNA	1944	1645	126	6.30424
YNL166C_mRNA	1347	1048	466	36.5976
YPR021C_mRNA	2709	2410	260	8.87941
YPL207W_mRNA	2433	2134	1381	53.2632
YJR068W_mRNA	1062	763	572	61.702
YER075C_mRNA	2787	2488	246	8.1379
YNR057C_mRNA	714	415	65	12.8912
YFR019W_mRNA	6837	6538	471	5.92931
YHR040W_mRNA	1101	802	324	33.2505
YFL042C_mRNA	2025	1726	742	35.3827
YMR223W_mRNA	1416	1117	245	18.0526
YEL031W_mRNA	3648	3349	3221	79.1596
YDR368W_mRNA	939	640	588	75.618
YNL067W-B_mRNA	141	1.25297	0	0
YLR295C_mRNA	375	76	150	162.445
YLR307C-A_mRNA	264	3.0155	0	0
YCR101C_mRNA	549	250	11	3.62143
YML007C-A_mRNA	111	1.17619	0	0
YMR256C_mRNA	183	1.44122	0	0
YKL192C_mRNA	378	79	479	499.041
YFR042W_mRNA	603	304	144	38.9867
YOL139C_mRNA	642	343	2409	578.057
YBR173C_mRNA	447	148	455	253.033
YNL242W_mRNA	4779	4480	400	7.34869
YDR192C_mRNA	1293	994	222.592	18.4311
YJL140W_mRNA	666	367	753	168.872
YBR170C_mRNA	1743	1444	574	32.7169
YCR024C-B_mRNA	267	3.19127	0	0
YBR184W_mRNA	1572	1273	19	1.22844
YBR203W_mRNA	2775	2476	604	20.0777
YFL005W_mRNA	648	349	1038	244.793
YNL292W_mRNA	1212	913	485	43.7219
YDR251W_mRNA	2493	2194	1673	62.7606
YPL201C_mRNA	1386	1087	46	3.48302
YIR013C_mRNA	366	67	3	3.68531
YHR063W-A_mRNA	336	37.0051	168	373.659
YLR284C_mRNA	843	544	210	31.7723
YNL266W_mRNA	420	121	22.2873	15.16
YIL043C_mRNA	855	556	2017	298.579
YBR249C_mRNA	1113	814	3250	328.615
YAR060C_mRNA	336	37.0051	4	8.89665
YMR251W_mRNA	1101	802	106	10.8783
YBR265W_mRNA	963	664	652	80.8179
YGL071W_mRNA	2073	1774	421	19.5324
YGL144C_mRNA	2058	1759	254	11.8849
YPL188W_mRNA	1245	946	202	17.5747
YGL023C_mRNA	1908	1609	1016	51.9715
YIL071W-A_mRNA	477	178	63.5335	29.3772
YIL130W_mRNA	2895	2596	330.104	10.4658
YER023C-A_mRNA	213	1.69834	0	0
Q0050_mRNA	2505	2206	1.08963	0.0406537
YFL017W-A_mRNA	234	2.01696	0	0
YJR024C_mRNA	735	436	417	78.7186
YLL019C_mRNA	2214	1915	692	29.7417
YNL339W-A_mRNA	576	277	84.5103	25.1107
YLR138W_mRNA	2958	2659	1643	50.8566
YNR066C_mRNA	1311	1012	41	3.3345
YHR178W_mRNA	2232	1933	192	8.17518
YJR151C_mRNA	3486	3187	217	5.6041
YGR015C_mRNA	987	688	149	17.8248
YGR138C_mRNA	1845	1546	649.023	34.5524
YKL162C_mRNA	1209	910	112	10.1299
YBL079W_mRNA	4509	4210	680	13.294
YER046W_mRNA	432	133	86	53.22
YMR042W_mRNA	534	235	98	34.3231
YDL185W_mRNA	3216	2917	5465	154.199
YJR032W_mRNA	1182	883	243	22.6503
YDL158C_mRNA	309	13.0646	5	31.4994
YBR104W_mRNA	990	691	293	34.8994
YFL031W_mRNA	717	418	1015	199.856
YHL033C_mRNA	771	472	5435.31	947.786
YAL067W-A_mRNA	228	1.90776	0	0
YHR066W_mRNA	1362	1063	308.612	23.895
YCR085W_mRNA	354	55	0	0
YKL156W_mRNA	249	2.39087	0	0
YDR241W_mRNA	288	5.47621	0	0
YHR029C_mRNA	885	586	253	35.5345
YIL138C_mRNA	486	187	289	127.199
YOL055C_mRNA	1656	1357	248	15.0418
YGL236C_mRNA	2010	1711	290.585	13.9782
YAL049C_mRNA	741	442	370	68.8981
YNR009W_mRNA	750	451	115	20.9869
YBR048W_mRNA	471	172	4008.11	1917.96
YER102W_mRNA	603	304	7504.42	2031.75
YJL177W_mRNA	555	256	4229.2	1359.71
YDR146C_mRNA	2130	1831	358	16.0925
YIL154C_mRNA	1041	742	1033	114.584
YJL131C_mRNA	1071	772	209	22.2821
YKL056C_mRNA	504	205	10224	4104.83
YPL069C_mRNA	1008	709	126	14.6269
YHR073C-B_mRNA	81	1.12496	0	0
YOR180C_mRNA	816	517	107	17.0342
YMR078C_mRNA	2226	1927	309	13.1979
YDL202W_mRNA	750	451	289	52.7411
YBR032W_mRNA	303	9.89396	11	91.5062
YBR273C_mRNA	1311	1012	532	43.2672
YER005W_mRNA	1893	1594	515	26.5917
YDL192W_mRNA	546	247	2618.81	872.641
YLR281C_mRNA	468	169	29.2256	14.2332
YOR394C-A_mRNA	168	1.35856	0	0
YDR308C_mRNA	423	124	112	74.3403
YDR484W_mRNA	1926	1627	241	12.1915
YLR385C_mRNA	399	100	3	2.46916
YML120C_mRNA	1542	1243	697	46.1519
YEL073C_mRNA	324	25.1994	9	29.3955
YDL178W_mRNA	1593	1294	599	38.0996
YLR136C_mRNA	858	559	396	58.3057
YNL100W_mRNA	705	406	421	85.3462
YKR008W_mRNA	1878	1579	522	27.2092
YML118W_mRNA	1518	1219	113	7.62961
YDR106W_mRNA	855	556	21	3.10865
YLR406C_mRNA	342	43.0005	1232	2358.12
YDR330W_mRNA	1503	1204	633	43.2718
YOR279C_mRNA	933	634	148	19.2132
YIL125W_mRNA	3045	2746	1147	34.3788
YEL032C-A_mRNA	162	1.33101	0	0
YER167W_mRNA	2556	2257	729	26.5842
YML031W_mRNA	1968	1669	1011	49.8566
YDR179W-A_mRNA	1392	1093	83	6.25008
YOL008W_mRNA	624	325	127	32.1624
YBR278W_mRNA	606	307	149.163	39.9898
YNL326C_mRNA	1011	712	165	19.0736
YDR213W_mRNA	2742	2443	655	22.0671
YMR087W_mRNA	855	556	166	24.5732
YOR111W_mRNA	699	400	113	23.2513
YGL257C_mRNA	1677	1378	471	28.1319
YMR220W_mRNA	1356	1057	734	57.1543
YBR154C_mRNA	648	349	535	126.17
YBR191W-A_mRNA	75	1.11686	0	0
YIR017C_mRNA	564	265	14.0524	4.36448
YHL028W_mRNA	1818	1519	266	14.4129
YOR015W_mRNA	360	61	81	109.291
YFR012W-A_mRNA	87	1.1337	0	0
YHL050W-A_mRNA	483	184	0	0
YGR060W_mRNA	930	631	2594	338.352
YGL206C_mRNA	4962	4663	1617	28.5412
YOR321W_mRNA	2262	1963	579	24.2765
YHR081W_mRNA	555	256	335	107.704
YDR281C_mRNA	315	17.2766	30	142.919
YER083C_mRNA	858	559	662	97.4707
YPL030W_mRNA	1704	1405	284	16.6368
YHR071C-A_mRNA	321	22.4012	4	14.6966
YPR162C_mRNA	1590	1291	249	15.8745
YPL283W-B_mRNA	483	184	0	0
YMR138W_mRNA	576	277	105	31.1988
YNL215W_mRNA	963	664	584	72.389
YMR053C_mRNA	2553	2254	276	10.0782
YMR122W-A_mRNA	255	2.5999	0	0
YLR118C_mRNA	684	385	286	61.1411
YEL030W_mRNA	1935	1636	130	6.54015
YFR038W_mRNA	2562	2263	413	15.0208
YMR041C_mRNA	1008	709	166	19.2704
YGR058W_mRNA	1008	709	135	15.6717
YER153C_mRNA	765	466	87	15.366
YGL195W_mRNA	8019	7720	2742	29.2333
YER137W-A_mRNA	306	11.3524	0	0
YNL225C_mRNA	1746	1447	254	14.4475
YPR074W-A_mRNA	171	1.37341	0	0
YMR029C_mRNA	1572	1273	440	28.448
YMR092C_mRNA	1848	1549	1170	62.1673
YER113C_mRNA	2121	1822	479	21.6379
YIL052C_mRNA	366	67	2792.46	3430.36
YHL038C_mRNA	1893	1594	148	7.6419
YGL192W_mRNA	1803	1504	599	32.7798
YIL078W_mRNA	2205	1906	4783	206.541
YLR036C_mRNA	612	313	97	25.5068
YOL057W_mRNA	2136	1837	771	34.544
YPL104W_mRNA	1977	1678	292	14.3225
YFR020W_mRNA	699	400	193	39.7123
YLL009C_mRNA	210	1.66472	0	0
YNR044W_mRNA	2178	1879	312	13.6664
YLL035W_mRNA	1899	1600	163	8.38485
YOL157C_mRNA	1770	1471	70.1016	3.92232
YBL045C_mRNA	1374	1075	973	74.4959
YKL101W_mRNA	4557	4258	1069	20.6633
YMR291W_mRNA	1761	1462	2048	115.295
YLR426W_mRNA	981	682	259	31.2567
YOR347C_mRNA	1521	1222	788	53.0741
YOR143C_mRNA	960	661	191	23.7826
YGR259C_mRNA	441	142	13.6058	7.88611
YMR023C_mRNA	1581	1282	168	10.7857
YLL049W_mRNA	540	241	116	39.6158
YBL029W_mRNA	1131	832	251	24.8301
YNR059W_mRNA	1743	1444	300	17.0994
YGR071C_mRNA	2583	2284	350	12.6125
YOL058W_mRNA	1263	964	316	26.9798
YEL015W_mRNA	1656	1357	1048	63.5637
YDR279W_mRNA	1053	754	232	25.3247
YNL235C_mRNA	432	133	74.9771	46.3986
YKR035C_mRNA	642	343	762	182.847
YKR081C_mRNA	1035	736	713	79.7333
YBR221C_mRNA	1101	802	2114	216.949
YJR143C_mRNA	2289	1990	1857	76.8045
YPR078C_mRNA	1119	820	46.4564	4.66294
YDL173W_mRNA	888	589	792.671	110.766
YBR123C_mRNA	1950	1651	443	22.0843
YJR073C_mRNA	621	322	672	171.768
YOR362C_mRNA	867	568	1762	255.32
YOR249C_mRNA	2058	1759	258	12.0721
YKL185W_mRNA	1767	1468	1098	61.5608
YIL091C_mRNA	2166	1867	381	16.7961
YFL040W_mRNA	1623	1324	92	5.7191
YKL080W_mRNA	1179	880	1856	173.589
YLR087C_mRNA	8877	8578	414	3.9723
YIL073C_mRNA	2928	2629	202	6.32395
YIL034C_mRNA	864	565	741	107.944
YDR522C_mRNA	1509	1210	58	3.94521
YKL093W_mRNA	1020	721	167	19.0638
YDR400W_mRNA	1023	724	209	23.7594
YJL211C_mRNA	444	145	94	53.3565
YAR008W_mRNA	828	529	153	23.8048
YJL225C_mRNA	5277	4978	1622.83	26.8315
YFR010W_mRNA	1500	1201	1092	74.8355
YMR258C_mRNA	1662	1363	644	38.8882
YOR013W_mRNA	471	172	48	22.9689
YCR045C_mRNA	1476	1177	302	21.1183
YJL007C_mRNA	315	17.2766	0	0
YDL141W_mRNA	2073	1774	407	18.8829
YIR041W_mRNA	375	76	3	3.24889
YHR008C_mRNA	702	403	1212	247.529
YJL122W_mRNA	528	229	344	123.638
YKL152C_mRNA	744	445	39704	7343.49
YLR137W_mRNA	1104	805	258	26.3786
YOR123C_mRNA	1395	1096	1048	78.7007
YHR032W_mRNA	1746	1447	1039	59.0983
YDL105W_mRNA	1209	910	74	6.69296
YPL096W_mRNA	1092	793	314	32.59
YOL052C-A_mRNA	186	1.46059	0	0
YDR318W_mRNA	1107	808	195	19.8633
YIL037C_mRNA	1971	1672	106	5.21792
YDR481C_mRNA	1701	1402	1944	114.124
YIL142W_mRNA	1584	1285	2456	157.309
YJL198W_mRNA	2646	2347	1355	47.5176
YER130C_mRNA	1332	1033	532	42.3876
YNL222W_mRNA	621	322	72	18.4037
YNL260C_mRNA	597	298	97	26.7907
YNL156C_mRNA	900	601	582	79.7033
YKL197C_mRNA	3132	2833	275	7.9894
YOR390W_mRNA	1128	829	89.4828	8.88409
YER138W-A_mRNA	105	1.16428	0	0
Q0120_mRNA	1917	1618	0	0
YFL034C-A_mRNA	369	70	213	250.443
YFR012W_mRNA	609	310	7	1.85851
YGL083W_mRNA	2415	2116	368	14.314
YML084W_mRNA	309	13.0646	0	0
YOL077C_mRNA	876	577	804	114.685
YOR291W_mRNA	4419	4120	737	14.7231
YMR304C-A_mRNA	351	52	68	107.63
YNL279W_mRNA	1986	1687	91	4.43971
YNL281W_mRNA	462	163	395	199.452
YLR420W_mRNA	1095	796	888	91.818
YGL198W_mRNA	708	409	652.069	131.219
YCR061W_mRNA	1896	1597	299	15.4097
YPR145C-A_mRNA	237	2.07881	0	0
YMR185W_mRNA	2946	2647	201	6.24986
YMR278W_mRNA	1869	1570	436	22.8568
YML111W_mRNA	2763	2464	740	24.7183
YCR040W_mRNA	528	229	0	0
YJL125C_mRNA	1152	853	293	28.2713
YGL218W_mRNA	651	352	35.958	8.40778
YPR052C_mRNA	282	4.5528	9	162.702
YDR390C_mRNA	1911	1612	691	35.281
YML002W_mRNA	2214	1915	349	14.9998
YBR085C-A_mRNA	258	2.72269	0	0
YER158C_mRNA	1722	1423	384	22.2103
YLR268W_mRNA	645	346	447	106.331
YFL017C_mRNA	480	181	181	82.3053
YGR143W_mRNA	2316	2017	1082	44.1519
YLR466C-A_mRNA	483	184	57.8088	25.8585
YHL022C_mRNA	1197	898	27	2.47466
YDL122W_mRNA	2430	2131	1237	47.7765
YHR165W-A_mRNA	312	15.0416	1	5.47186
YCR106W_mRNA	2499	2200	111	4.15268
YBR020W_mRNA	1587	1288	123	7.8599
YMR108W_mRNA	2064	1765	2579	120.264
YDR420W_mRNA	5409	5110	869	13.9967
YNL053W_mRNA	1470	1171	334	23.4756
YKR106W_mRNA	1848	1549	73	3.87882
YDR486C_mRNA	690	391	358	75.3588
YBR262C_mRNA	321	22.4012	84	308.628
YGR221C_mRNA	1869	1570	268	14.0496
YJL144W_mRNA	315	17.2766	31	147.683
YER068W_mRNA	1764	1465	688	38.6526
YOR030W_mRNA	1860	1561	242	12.7597
YBR233W_mRNA	1242	943	200	17.4561
YBR195C_mRNA	1269	970	185	15.6974
YLR041W_mRNA	321	22.4012	5	18.3707
YLL012W_mRNA	1722	1423	465	26.8953
YGL130W_mRNA	1380	1081	381	29.0086
YDR323C_mRNA	1548	1249	121	7.97353
YOR319W_mRNA	642	343	100	23.9957
YNL236W_mRNA	2925	2626	501.023	15.7033
YPL265W_mRNA	1827	1528	2633	141.826
YBR300C_mRNA	498	199	7.05162	2.91651
YGL042C_mRNA	306	11.3524	18	130.501
YCL047C_mRNA	777	478	146	25.1393
YNR001W-A_mRNA	219	1.77302	0	0
YLR022C_mRNA	753	454	220	39.8836
YIL177W-A_mRNA	483	184	35.6995	15.9688
YMR035W_mRNA	534	235	124	43.4292
YHR083W_mRNA	990	691	737	87.7844
YGR090W_mRNA	3714	3415	1202	28.9695
YEL020C-B_mRNA	198	1.55022	0	0
YLR382C_mRNA	2685	2386	481	16.5921
YNL327W_mRNA	3126	2827	3263	94.999
YLR273C_mRNA	1947	1648	66	3.29621
YML009W-B_mRNA	477	178	334.779	154.798
YLR172C_mRNA	903	604	1039	141.581
YER119C_mRNA	1347	1048	478	37.54
YOL077W-A_mRNA	207	1.63327	0	0
YPL080C_mRNA	327	28.091	0	0
YKR076W_mRNA	1113	814	199	20.1213
YDR242W_mRNA	1650	1351	194	11.8188
YOR282W_mRNA	321	22.4012	10	36.7414
YCL058W-A_mRNA	342	43.0005	6.46129	12.3673
YOL021C_mRNA	3006	2707	1111	33.7795
YJL207C_mRNA	6045	5746	582	8.33653
YNR018W_mRNA	675	376	822	179.933
YLR154W-F_mRNA	141	1.25297	0	0
YPL148C_mRNA	522	223	39	14.3942
YIL023C_mRNA	1041	742	542	60.1206
YGR121W-A_mRNA	216	1.73436	0	0
YDR072C_mRNA	1584	1285	2010	128.742
YNL198C_mRNA	303	9.89396	1	8.31874
YER064C_mRNA	1518	1219	1120	75.621
YLR374C_mRNA	390	91	60	54.2672
YLR315W_mRNA	462	163	36	18.1779
YOL130W_mRNA	2580	2281	1367	49.3255
YGR206W_mRNA	306	11.3524	19	137.751
YMR175W_mRNA	240	2.14631	0	0
YFL061W_mRNA	678	379	16.6667	3.61941
YER147C_mRNA	1875	1576	310	16.1895
YKR028W_mRNA	3102	2803	1339	39.3175
YNL271C_mRNA	5862	5563	1321	19.5444
YLR444C_mRNA	303	9.89396	12	99.8249
YBR072C-A_mRNA	162	1.33101	0	0
YDR346C_mRNA	1446	1147	2308	165.615
YMR270C_mRNA	1098	799	330	33.9934
YOL136C_mRNA	1194	895	993	91.3175
YIL020C_mRNA	786	487	170	28.7308
YOL083W_mRNA	1239	940	116	10.1568
YCR075W-A_mRNA	228	1.90776	0	0
YNL070W_mRNA	183	1.44122	0	0
Q0110_mRNA	1272	973	0	0
YFL037W_mRNA	1374	1075	2985	228.541
YJR078W_mRNA	1362	1063	35	2.70996
YPL005W_mRNA	1821	1522	136	7.35448
YER085C_mRNA	522	223	1	0.369082
YJL059W_mRNA	1227	928	177	15.6983
YDL091C_mRNA	1368	1069	250	19.2482
YGR068W-A_mRNA	96	1.14811	0	0
YEL050W-A_mRNA	192	1.50279	0	0
YGL119W_mRNA	1506	1207	298	20.3206
YOR040W_mRNA	858	559	155	22.8217
YIL135C_mRNA	1311	1012	729	59.2891
YHR104W_mRNA	984	685	601	72.2124
YJL143W_mRNA	477	178	733	338.931
YAL004W_mRNA	648	349	0	0
YDL074C_mRNA	2103	1804	812	37.0465
YJR124C_mRNA	1347	1048	377	29.6079
YPL139C_mRNA	1383	1084	461	35.0025
YMR043W_mRNA	861	562	1120	164.025
YLR174W_mRNA	1239	940	75	6.56691
YIR024C_mRNA	651	352	139	32.5012
YER065C_mRNA	1674	1375	582	34.8376
YEL029C_mRNA	939	640	167	21.4765
YCR102C_mRNA	1107	808	72.8922	7.42502
YKR009C_mRNA	2703	2404	294	10.0656
YJR059W_mRNA	2457	2158	1638	62.4727
YOR110W_mRNA	1308	1009	468	38.1753
YER151C_mRNA	2739	2440	878	29.6164
YIL093C_mRNA	795	496	270	44.8033
YGL054C_mRNA	417	118	347	242.033
YHR213W-B_mRNA	300	8.66635	3	28.4913
YML054C-A_mRNA	159	1.31822	0	0
YBL109W_mRNA	336	37.0051	3.94408	8.77227
YPL128C_mRNA	1689	1390	219	12.9675
YER136W_mRNA	1356	1057	1651	128.558
YDL211C_mRNA	1119	820	124	12.4462
YDR261C_mRNA	1689	1390	745	44.1133
YJL217W_mRNA	597	298	765	211.287
YNL255C_mRNA	462	163	1631	823.558
YJR076C_mRNA	1248	949	914	79.2698
YGL044C_mRNA	891	592	362	50.3286
YNL051W_mRNA	1212	913	271	24.4302
YNL148C_mRNA	765	466	222	39.2098
YLL019W-A_mRNA	93	1.14312	0	0
YMR107W_mRNA	348	49	8	13.4376
YNR075C-A_mRNA	93	1.14312	0	0
YDL147W_mRNA	1338	1039	1321	104.644
YDL081C_mRNA	321	22.4012	1756	6451.8
YOR294W_mRNA	612	313	458	120.434
YLR258W_mRNA	2118	1819	2985	135.064
YOR288C_mRNA	957	658	139	17.3867
YDR283C_mRNA	4980	4681	502	8.82659
YIL099W_mRNA	1650	1351	81	4.93466
YBL104C_mRNA	3117	2818	334	9.75514
YLR330W_mRNA	2016	1717	2561	122.763
YLR244C_mRNA	1164	865	2110	200.768
YHL034W-A_mRNA	462	163	444.65	224.522
YDR340W_mRNA	303	9.89396	1	8.31874
YIL020C-A_mRNA	339	40.0016	47	96.7048
YGL229C_mRNA	2457	2158	216	8.23816
YMR316C-B_mRNA	309	13.0646	4	25.1995
YBR157C_mRNA	768	469	244	42.8198
YGR055W_mRNA	1725	1426	784	45.2506
YLR299C-A_mRNA	93	1.14312	0	0
YDL108W_mRNA	921	622	281	37.1829
YGR072W_mRNA	1164	865	397	37.7748
YKL068W_mRNA	2880	2581	700	22.3222
YDR313C_mRNA	861	562	162	23.725
YPL271W_mRNA	189	1.48108	0	0
YCR019W_mRNA	1092	793	143	14.8419
YBL017C_mRNA	4740	4441	1643	30.4498
YDR496C_mRNA	1971	1672	899	44.2539
YPL027W_mRNA	738	439	11	2.06232
YMR279C_mRNA	1623	1324	131	8.1435
YJL222W-B_mRNA	138	1.24372	0	0
YCL007C_mRNA	393	94	120	105.071
YHR019C_mRNA	1665	1366	4592	276.681
YLL041C_mRNA	801	502	562	92.1426
YCR033W_mRNA	3681	3382	931	22.6571
YAR002C-A_mRNA	660	361	895	204.053
YNL085W_mRNA	2493	2194	940	35.263
YBR289W_mRNA	2718	2419	439.152	14.9419
YPL076W_mRNA	843	544	160	24.2074
YPL100W_mRNA	1491	1192	377	26.0311
YBR035C_mRNA	687	388	530	112.427
YER079W_mRNA	633	334	267	65.795
YMR244W_mRNA	1068	769	20	2.14058
YCL005W-A_mRNA	222	1.81459	0	0
YLR053C_mRNA	327	28.091	5	14.6498
YDR537C_mRNA	606	307	49.1882	13.1871
YIL019W_mRNA	1041	742	329	36.4939
YDL205C_mRNA	984	685	496	59.5963
YML126C_mRNA	1476	1177	2049	143.283
YDL054C_mRNA	1461	1162	276	19.5493
YLR232W_mRNA	348	49	7	11.7579
YLR086W_mRNA	4257	3958	479	9.96065
YNL037C_mRNA	1083	784	2736	287.229
YHR202W_mRNA	1809	1510	154	8.39405
YMR184W_mRNA	597	298	167	46.1241
YFR046C_mRNA	1086	787	187	19.5567
YGL067W_mRNA	1155	856	341	32.7875
YLR298C_mRNA	696	397	208	43.1222
YHL016C_mRNA	2208	1909	111	4.78569
YDR531W_mRNA	1104	805	506	51.7348
YER023W_mRNA	861	562	1937	283.675
YGR151C_mRNA	336	37.0051	32.3099	71.8625
YOL099C_mRNA	492	193	69.3802	29.5874
YBR152W_mRNA	876	577	100	14.2644
YDR226W_mRNA	669	370	3040	676.238
YGL034C_mRNA	366	67	2	2.45688
YPR011C_mRNA	981	682	294	35.4806
YLR283W_mRNA	945	646	134	17.0726
YDL133C-A_mRNA	78	1.12084	0	0
YOR182C_mRNA	192	1.50279	0	0
YIL083C_mRNA	1098	799	439	45.2216
YHR044C_mRNA	741	442	88.7822	16.5322
YDR188W_mRNA	1641	1342	3068.47	188.19
YOR219C_mRNA	2796	2497	800	26.3693
YGR292W_mRNA	1755	1456	166.222	9.39627
YHR140W_mRNA	720	421	28	5.47399
YHR072W-A_mRNA	177	1.40551	0	0
YDL237W_mRNA	1173	874	469	44.1661
YDR524C_mRNA	1449	1150	459	32.8506
YPR038W_mRNA	360	61	41	55.32
YLR238W_mRNA	1437	1138	234	16.9239
YGR184C_mRNA	5853	5554	1051	15.5749
YMR010W_mRNA	1218	919	494	44.2425
YCR048W_mRNA	1833	1534	956.188	51.3034
YGR024C_mRNA	714	415	436	86.4702
YGL237C_mRNA	798	499	232	38.2662
YPR045C_mRNA	1413	1114	469	34.651
YPL033C_mRNA	846	547	3	0.4514
YER024W_mRNA	2772	2473	257	8.55336
YHR210C_mRNA	1026	727	179	20.265
YKL092C_mRNA	3315	3016	310	8.45976
YDR189W_mRNA	2001	1702	720	34.8178
YJL047C-A_mRNA	135	1.23488	0	0
YMR165C_mRNA	2589	2290	497	17.8628
YGR062C_mRNA	951	652	192	24.2371
YGL161C_mRNA	933	634	847	109.957
YMR206W_mRNA	942	643	111	14.2082
YMR019W_mRNA	2850	2551	364	11.7441
YCR073C_mRNA	3996	3697	630	14.0255
YBR127C_mRNA	1554	1255	4058	266.131
YPR136C_mRNA	513	214	15.205	5.8479
YGR076C_mRNA	474	175	90	42.3284
YOR232W_mRNA	687	388	731	155.065
YML012C-A_mRNA	378	79	33.7875	35.2011
YNL068C_mRNA	2589	2290	500	17.9706
YMR123W_mRNA	369	70	186	218.697
YJL100W_mRNA	1824	1525	331	17.8643
YOL061W_mRNA	1491	1192	1191	82.2363
YJL206C_mRNA	2277	1978	201	8.36368
YKL222C_mRNA	2118	1819	173	7.82783
YHR032W-A_mRNA	180	1.42288	0	0
YJL005W_mRNA	6081	5782	1191	16.9536
YLL059C_mRNA	507	208	11	4.35268
YHR139C_mRNA	981	682	34	4.1032
YPL239W_mRNA	603	304	309	83.659
YMR170C_mRNA	1521	1222	208.729	14.0585
YDR090C_mRNA	933	634	290	37.6475
YOL092W_mRNA	927	628	811	106.289
YCL018W_mRNA	1095	796	0	0
YBL023C_mRNA	2607	2308	447	15.9404
YDR161W_mRNA	1164	865	649	61.7528
YLR048W_mRNA	759	460	7513.83	1344.41
YMR280C_mRNA	4302	4003	251	5.16079
YBL044W_mRNA	369	70	6	7.05474
YPL118W_mRNA	1035	736	568	63.5182
YEL025C_mRNA	3567	3268	528	13.2978
YNR077C_mRNA	255	2.5999	0	0
YNR022C_mRNA	420	121	171	116.316
YBR017C_mRNA	2757	2458	1111	37.2015
YJR126C_mRNA	2436	2137	1288	49.6066
YDR376W_mRNA	1482	1183	293	20.385
YKL120W_mRNA	975	676	412	50.1624
YDR450W_mRNA	441	142	4950.3	2869.27
YBR079C_mRNA	2895	2596	4012	127.199
YDR402C_mRNA	1470	1171	18.4618	1.29761
YHR155W_mRNA	3687	3388	346	8.40544
YHR211W_mRNA	3228	2929	287.944	8.09128
YBR137W_mRNA	540	241	99	33.8101
YGR049W_mRNA	564	265	228	70.8136
YJL026C-A_mRNA	222	1.81459	0	0
YPR075C_mRNA	1083	784	782.537	82.1518
YNL259C_mRNA	222	1.81459	0	0
YOR162C_mRNA	2433	2134	291	11.2235
YOR158W_mRNA	957	658	411	51.4095
YHL012W_mRNA	1482	1183	112	7.79222
YAL026C-A_mRNA	438	139	61	36.1196
YDR257C_mRNA	1485	1186	398	27.6202
YGL062W_mRNA	3537	3238	1173.11	29.8187
YIR030C_mRNA	735	436	13	2.45406
YGL103W_mRNA	450	151	7520.14	4098.99
YML037C_mRNA	1023	724	30	3.41044
YGR124W_mRNA	1719	1420	4890.37	283.453
YGR294W_mRNA	363	64	6.70144	8.61818
YBR291C_mRNA	900	601	199	27.2525
YOL032W_mRNA	741	442	240	44.6907
YPL222W_mRNA	2067	1768	225	10.4744
YIL059C_mRNA	366	67	25	30.7109
YMR219W_mRNA	4977	4678	728	12.8085
YPL153C_mRNA	2466	2167	153	5.81113
YKL175W_mRNA	1512	1213	991	67.242
YOR313C_mRNA	1017	718	12	1.37558
YMR070W_mRNA	1473	1174	644	45.1487
YDR525W_mRNA	330	31.038	1	2.65176
YDR074W_mRNA	2691	2392	5346	183.948
YGL259W_mRNA	498	199	8.60537	3.55913
YML009C_mRNA	213	1.69834	0	0
YBR045C_mRNA	1920	1621	45	2.28485
YLR120W-A_mRNA	102	1.15868	0	0
YPL134C_mRNA	933	634	179	23.2376
YDL035C_mRNA	2886	2587	674	21.4433
YBR036C_mRNA	1233	934	1657	146.017
YER016W_mRNA	1035	736	500	55.9139
YLR229C_mRNA	576	277	969	287.92
YMR151W_mRNA	438	139	19	11.2504
YML053C_mRNA	639	340	294	71.1699
YJR052W_mRNA	1698	1399	285	16.767
YGR027C_mRNA	327	28.091	3728	10922.9
YPL093W_mRNA	1944	1645	1442	72.1485
YHL018W_mRNA	363	64	9	11.5742
YMR196W_mRNA	3267	2968	912	25.2906
YMR116C_mRNA	960	661	19507	2428.94
YDR449C_mRNA	1323	1024	248	19.9333
YML093W_mRNA	2700	2401	1251	42.8838
YIL151C_mRNA	3357	3058	726	19.5401
YDR491C_mRNA	492	193	40	17.0581
YGR120C_mRNA	789	490	133	22.34
YPR023C_mRNA	1206	907	676	61.3433
YLR277C_mRNA	2340	2041	414	16.695
YJR075W_mRNA	1191	892	854	78.799
YGL093W_mRNA	2754	2455	489	16.394
YGR168C_mRNA	1131	832	210	20.7742
YAL034C_mRNA	1242	943	384	33.5156
YOR090C_mRNA	1719	1420	560	32.4584
YDR463W_mRNA	1560	1261	435	28.3924
YBR276C_mRNA	2424	2125	740	28.6616
YJR154W_mRNA	1041	742	51	5.6571
YLR316C_mRNA	969	670	371.293	45.611
YFR057W_mRNA	456	157	0	0
YGL001C_mRNA	1050	751	914	100.169
YML009C-A_mRNA	327	28.091	22	64.4591
YLR459W_mRNA	1185	886	389	36.1363
YFL015W-A_mRNA	318	19.7438	0	0
YKR098C_mRNA	2154	1855	489	21.6967
YIL062C_mRNA	465	166	640	317.322
YER006C-A_mRNA	318	19.7438	0	0
YML057C-A_mRNA	390	91	20	18.0891
YNL168C_mRNA	780	481	271	46.3716
YML003W_mRNA	873	574	41	5.87895
YDL064W_mRNA	474	175	217	102.059
YOL129W_mRNA	555	256	674	216.694
YOR037W_mRNA	1101	802	203	20.8329
YOR280C_mRNA	801	502	138	22.6258
YBR236C_mRNA	1311	1012	361	29.3599
YAR023C_mRNA	540	241	42	14.3437
YIL134C-A_mRNA	204	1.60381	0	0
YOR189W_mRNA	351	52	77	121.875
YDR190C_mRNA	1392	1093	1704	128.315
YGL112C_mRNA	1551	1252	603	39.6407
YMR006C_mRNA	2121	1822	1620.54	73.2048
YML094W_mRNA	492	193	238	101.496
YKR051W_mRNA	1257	958	426	36.5992
YGR033C_mRNA	720	421	394	77.0268
YGL190C_mRNA	1581	1282	1099	70.5566
YHR009C_mRNA	1572	1273	1048	67.758
YDL231C_mRNA	3378	3079	653	17.4555
YHR123W_mRNA	1176	877	428	40.1672
YDR124W_mRNA	975	676	98	11.9318
YGL246C_mRNA	1164	865	443	42.1517
YMR198W_mRNA	1785	1486	216	11.9636
YML108W_mRNA	318	19.7438	16	66.6987
YIL160C_mRNA	1254	955	107	9.22164
YMR158W-B_mRNA	321	22.4012	0	0
YLR379W_mRNA	375	76	79	85.5542
YBL100W-C_mRNA	120	1.19594	0	0
YDR145W_mRNA	1620	1321	930	57.9439
YDL061C_mRNA	171	1.37341	0	0
YML019W_mRNA	999	700	354	41.623
YCR001W_mRNA	315	17.2766	5	23.8199
YKL032C_mRNA	1794	1495	1586	87.3152
YLR263W_mRNA	2484	2185	117	4.4072
YPL256C_mRNA	1638	1339	600	36.8806
YPL099C_mRNA	549	250	129	42.4695
YMR176W_mRNA	4236	3937	371	7.75597
YGR114C_mRNA	390	91	13	11.7579
YDL040C_mRNA	2565	2266	1250	45.4023
YHR052W_mRNA	1131	832	665	65.7849
YGR128C_mRNA	2142	1843	471	21.0341
YDR312W_mRNA	1362	1063	219.388	16.9866
YLR102C_mRNA	798	499	130	21.4423
YKL010C_mRNA	4452	4153	780	15.4583
YNL158W_mRNA	597	298	176	48.6098
YBL006W-A_mRNA	150	1.28333	0	0
YDR162C_mRNA	711	412	225	44.9483
YDL101C_mRNA	1542	1243	157	10.3958
YML081C-A_mRNA	180	1.42288	0	0
YAL061W_mRNA	1254	955	1279	110.229
YKR041W_mRNA	753	454	29.7638	5.39585
YHR091C_mRNA	1932	1633	407	20.5133
YCL010C_mRNA	780	481	307	52.5317
YLR275W_mRNA	333	34.0145	19	45.9745
YDR336W_mRNA	945	646	265	33.763
YMR002W_mRNA	471	172	714	341.663
YIL096C_mRNA	1011	712	131	15.1433
YER062C_mRNA	753	454	645	116.932
YKL090W_mRNA	1332	1033	178	14.1823
YGR059W_mRNA	1539	1240	13	0.862878
YNL322C_mRNA	942	643	1187	151.938
YJR149W_mRNA	1215	916	85	7.6375
YJR157W_mRNA	363	64	1	1.28602
YOR063W_mRNA	1164	865	33244	3163.19
YLR091W_mRNA	882	583	165	23.294
YEL050C_mRNA	1182	883	479	44.6481
YPL064C_mRNA	906	607	392	53.1527
YPL101W_mRNA	1371	1072	402	30.8645
YPL247C_mRNA	1572	1273	846	54.6978
YNL337W_mRNA	255	2.5999	0	0
YMR276W_mRNA	1122	823	2661	266.117
YMR301C_mRNA	2073	1774	551	25.5638
YDR103W_mRNA	2754	2455	494	16.5616
YGL208W_mRNA	1248	949	321	27.8398
YPR066W_mRNA	900	601	128	17.5293
YNL286W_mRNA	858	559	223	32.8338
YDR488C_mRNA	1602	1303	196	12.3805
YFL048C_mRNA	1338	1039	725	57.4315
YJL027C_mRNA	417	118	5	3.48751
YBR141W-A_mRNA	96	1.14811	0	0
YFR053C_mRNA	1458	1159	4834	343.282
YGR132C_mRNA	864	565	1129	164.465
YPR093C_mRNA	867	568	269	38.9791
YGL092W_mRNA	3954	3655	1018	22.9239
YPL037C_mRNA	474	175	3002	1411.89
YOR310C_mRNA	1536	1237	2791	185.703
YBL031W_mRNA	1017	718	183	20.9775
YMR063W_mRNA	720	421	31	6.06049
YGL178W_mRNA	2580	2281	635	22.9127
YKL033W-A_mRNA	711	412	542	108.275
YGR296C-A_mRNA	576	277	84.5103	25.1107
YLR084C_mRNA	3663	3364	433	10.594
YHR036W_mRNA	1416	1117	227	16.7263
YKL176C_mRNA	2487	2188	699	26.2941
YMR229C_mRNA	5190	4891	1753	29.4993
YOR238W_mRNA	912	613	193	25.9134
YOR367W_mRNA	603	304	151	40.8819
YOR297C_mRNA	579	280	134	39.389
YJL014W_mRNA	1605	1306	2307	145.389
YPR165W_mRNA	630	331	1737	431.916
YDR009W_mRNA	1563	1264	72	4.68828
YIL164C_mRNA	600	301	106	28.9846
YLR435W_mRNA	618	319	174	44.8938
YLR112W_mRNA	420	121	28	19.0459
YNL147W_mRNA	348	49	127	213.322
YOR176W_mRNA	1182	883	705	65.7138
YPL177C_mRNA	921	622	498	65.8972
YJL203W_mRNA	843	544	158	23.9049
YDR034C_mRNA	2373	2074	395	15.6753
YFL036W_mRNA	4056	3757	1150	25.1933
YHR217C_mRNA	462	163	9.05592	4.5727
YJL174W_mRNA	831	532	1322	204.526
YDR329C_mRNA	1326	1027	629	50.409
YDL229W_mRNA	1842	1543	15686.6	836.742
YKR029C_mRNA	2256	1957	315	13.2479
YDR285W_mRNA	2628	2329	201	7.10321
YAL021C_mRNA	2514	2215	935	34.7429
YPL157W_mRNA	948	649	188	23.8419
YGL163C_mRNA	2697	2398	411	14.1065
YJR035W_mRNA	3258	2959	179	4.97893
YPL194W_mRNA	1839	1540	130	6.94785
YBR196C_mRNA	1665	1366	13289	800.699
YOR183W_mRNA	390	91	2	1.80891
YDL025W-A_mRNA	105	1.16428	0	0
YMR071C_mRNA	504	205	517	207.57
YPL119C-A_mRNA	264	3.0155	0	0
YOR236W_mRNA	636	337	178	43.4728
YDL203C_mRNA	1872	1573	336	17.5808
YDL084W_mRNA	1341	1042	3258	257.342
YLR361C-A_mRNA	297	7.64028	8	86.1805
YOR042W_mRNA	1236	937	1210.25	106.307
YBL051C_mRNA	2007	1708	1069	51.5131
YIL142C-A_mRNA	333	34.0145	27	65.3322
YLR447C_mRNA	1038	739	2424	269.97
YER019C-A_mRNA	267	3.19127	0	0
YML004C_mRNA	981	682	949	114.527
YDR468C_mRNA	675	376	333	72.8927
YAL002W_mRNA	3825	3526	427	9.96721
YLR412W_mRNA	825	526	319	49.9152
YOR246C_mRNA	993	694	963	114.208
YKL184W_mRNA	1401	1102	765	57.1357
YOR073W-A_mRNA	234	2.01696	0	0
YML046W_mRNA	1890	1591	297	15.3643
YNL283C_mRNA	1512	1213	825	55.9785
YBR006W_mRNA	1494	1195	310	21.3512
YLR018C_mRNA	900	601	315	43.1384
YLR344W_mRNA	384	85	2280.05	2207.76
YPR047W_mRNA	1410	1111	193	14.2979
YDR472W_mRNA	852	553	304	45.2456
YDL030W_mRNA	1593	1294	302	19.2088
YGL209W_mRNA	1149	850	1887	182.718
Q0092_mRNA	141	1.25297	0	0
YOR056C_mRNA	1380	1081	696	52.9921
YJR090C_mRNA	3456	3157	713	18.5884
YKL019W_mRNA	951	652	617	77.8871
YML043C_mRNA	1524	1225	98	6.58443
YOL075C_mRNA	3885	3586	285	6.54128
YDR107C_mRNA	2019	1720	297	14.212
YHR156C_mRNA	1023	724	63	7.16193
YPL252C_mRNA	519	220	260	97.2699
YOR383C_mRNA	615	316	6691	1742.74
YKR039W_mRNA	1809	1510	256	13.9537
YOR263C_mRNA	408	109	45	33.9793
YOR101W_mRNA	930	631	700	91.3054
YHR077C_mRNA	3270	2971	1125	31.1658
YGR123C_mRNA	1542	1243	489	32.3792
YNL202W_mRNA	879	580	68.094	9.66293
YCL023C_mRNA	348	49	0	0
YNL064C_mRNA	1230	931	3609	319.055
YER121W_mRNA	345	46.0001	18	32.2063
YOL141W_mRNA	2088	1789	36	1.65623
YDL127W_mRNA	927	628	114	14.9408
YDR237W_mRNA	879	580	294	41.7203
YER101C_mRNA	1293	994	149	12.3375
YHR144C_mRNA	939	640	205	26.3634
YBR102C_mRNA	2262	1963	313	13.1236
YNL197C_mRNA	1986	1687	920	44.8849
YIL032C_mRNA	357	58	1	1.41906
YGR013W_mRNA	1863	1564	378	19.8922
YOR125C_mRNA	702	403	299	61.0652
YOR022C_mRNA	2148	1849	242	10.7722
YKR043C_mRNA	816	517	1692	269.363
YGR051C_mRNA	324	25.1994	6	19.597
YJR062C_mRNA	1374	1075	335	25.6486
YLR240W_mRNA	2628	2329	308	10.8845
YDR321W_mRNA	1146	847	1127	109.514
YGL191W_mRNA	390	91	254	229.731
YDR195W_mRNA	1602	1303	277	17.497
YDR360W_mRNA	435	136	7	4.2363
YNL181W_mRNA	1224	925	348	30.9646
YOR071C_mRNA	1797	1498	309.707	17.0164
YGR192C_mRNA	999	700	171737	20192.7
YHR012W_mRNA	849	550	421	63.001
YLR408C_mRNA	369	70	18	21.1642
YHR037W_mRNA	1728	1429	714	41.1239
YER044C-A_mRNA	1227	928	14	1.24167
YPR116W_mRNA	834	535	30	4.61525
YBL075C_mRNA	1950	1651	301	15.0054
YKL055C_mRNA	837	538	37	5.6604
YHR218W-A_mRNA	318	19.7438	3.91231	16.3091
YGL036W_mRNA	2730	2431	871	29.4891
YOR011W_mRNA	4185	3886	350	7.41299
YML119W_mRNA	1074	775	378	40.1438
YKL144C_mRNA	639	340	130	31.4697
YPR043W_mRNA	279	4.19342	0	0
YJL025W_mRNA	1545	1246	82	5.41656
YPL023C_mRNA	1974	1675	796	39.1135
YLR291C_mRNA	1146	847	495	48.1005
YPL281C_mRNA	1314	1015	6	0.486534
YOL164W_mRNA	1941	1642	366	18.3458
YGR256W_mRNA	1479	1180	56	3.90601
YHR068W_mRNA	1164	865	2369	225.412
YPL241C_mRNA	807	508	72	11.6653
YDL168W_mRNA	1161	862	656	62.6361
YPL190C_mRNA	2409	2110	1293	50.4364
YKL160W_mRNA	438	139	505	299.023
YLR390W_mRNA	339	40.0016	43	88.4746
YKL011C_mRNA	1062	763	135	14.5625
YPL113C_mRNA	1191	892	136.146	12.5622
YGR063C_mRNA	309	13.0646	103	648.887
YDR300C_mRNA	1287	988	873	72.7252
YJR116W_mRNA	840	541	413	62.832
YLR157W-E_mRNA	165	1.34444	0	0
YDL085W_mRNA	1638	1339	34	2.0899
YMR322C_mRNA	714	415	0	0
YLR140W_mRNA	327	28.091	3	8.78987
YLR450W_mRNA	3138	2839	1170	33.9194
YLR331C_mRNA	378	79	37.3847	38.9488
YGR169C_mRNA	1215	916	233	20.9357
YPL029W_mRNA	2214	1915	235	10.1001
YJL147C_mRNA	1149	850	99	9.58615
YBR188C_mRNA	423	124	40	26.5501
YBR012C_mRNA	420	121	9	6.12188
YLR021W_mRNA	540	241	164	56.0086
YJL180C_mRNA	978	679	270	32.7282
YDR524W-C_mRNA	90	1.13832	0	0
YOR149C_mRNA	1551	1252	198	13.0163
YJL039C_mRNA	5052	4753	834	14.442
YKL142W_mRNA	660	361	784	178.746
YMR311C_mRNA	690	391	1078	226.918
YBL024W_mRNA	2055	1756	1022	47.9021
YMR124W_mRNA	2832	2533	973	31.6159
YJL112W_mRNA	2145	1846	486	21.6687
YDL016C_mRNA	303	9.89396	4	33.275
YBR107C_mRNA	738	439	164	30.7473
YDL156W_mRNA	1569	1270	72	4.66613
YJL068C_mRNA	900	601	472	64.6391
YDL228C_mRNA	642	343	5486.57	1316.54
YDL239C_mRNA	2373	2074	139	5.51612
YCR087C-A_mRNA	462	163	54.8519	27.6969
YOR172W_mRNA	2361	2062	432	17.2434
YBR103W_mRNA	1608	1309	376	23.6416
YLR394W_mRNA	1449	1150	279	19.968
YOL143C_mRNA	510	211	1525	594.861
YFL041W_mRNA	1869	1570	674	35.3336
YAL059C-A_mRNA	423	124	10.6825	7.09056
YBL072C_mRNA	603	304	11616.6	3145.09
YGL132W_mRNA	336	37.0051	4	8.89665
YDR309C_mRNA	1152	853	497	47.9551
YER067W_mRNA	486	187	1952.84	859.514
YOR049C_mRNA	1065	766	348	37.392
YJR033C_mRNA	4074	3775	479	10.4435
YBR282W_mRNA	441	142	130	75.3499
YKL167C_mRNA	414	115	87	62.2658
YCL022C_mRNA	516	217	13.3018	5.04519
YCR018C_mRNA	666	367	187	41.9376
YLR156C-A_mRNA	132	1.22641	0	0
YBR288C_mRNA	1452	1153	405	28.9104
YOL131W_mRNA	327	28.091	3	8.78987
YPR137W_mRNA	1722	1423	391.795	22.6611
YLR203C_mRNA	1311	1012	793	64.4942
YPL219W_mRNA	1479	1180	220	15.3451
YBL113C_mRNA	2379	2080	738.22	29.2113
YMR230W-A_mRNA	189	1.48108	0	0
YNL252C_mRNA	846	547	287	43.184
YDR171W_mRNA	1128	829	2465	244.732
YDR364C_mRNA	1368	1069	242	18.6323
YMR250W_mRNA	1758	1459	730	41.1809
YJR010C-A_mRNA	285	4.97562	5	82.7086
YDL177C_mRNA	513	214	117	44.9987
YCL048W-A_mRNA	240	2.14631	0	0
YKL218C_mRNA	981	682	238	28.7224
YPL222C-A_mRNA	246	2.30138	0	0
YCL031C_mRNA	894	595	608	84.1036
YLR384C_mRNA	4050	3751	1659	36.4022
YNL108C_mRNA	813	514	189.49	30.3425
YNL276C_mRNA	396	97	13.6288	11.5642
YPR132W_mRNA	438	139	5026.29	2976.19
YOR141C_mRNA	2646	2347	560	19.6383
YER104W_mRNA	627	328	47	11.7937
YGR282C_mRNA	942	643	6134	785.165
YOL112W_mRNA	1479	1180	338	23.5756
YPR018W_mRNA	1821	1522	281	15.1957
YLL011W_mRNA	1470	1171	356	25.0219
YGR238C_mRNA	2649	2350	253	8.86096
YOR228C_mRNA	909	610	165	22.2629
YML048W_mRNA	1212	913	2136	192.557
YOR388C_mRNA	1131	832	23.0601	2.28121
YFR040W_mRNA	3009	2710	1533	46.5587
YPL168W_mRNA	1293	994	296	24.5094
YIL120W_mRNA	1692	1393	179	10.5762
YKR053C_mRNA	1215	916	425	38.1875
YBR001C_mRNA	2343	2044	567	22.8313
YDL150W_mRNA	1269	970	637.45	54.0882
YDR351W_mRNA	2595	2296	631	22.6196
YIL101C_mRNA	1944	1645	530	26.5178
YLR329W_mRNA	795	496	29	4.81221
YNL216W_mRNA	2484	2185	712	26.8199
YLR133W_mRNA	1749	1450	445	25.2592
YPL105C_mRNA	2550	2251	1645	60.1476
YDR335W_mRNA	3675	3376	1206	29.4017
YOR046C_mRNA	1449	1150	1238	88.6035
YJL136W-A_mRNA	84	1.12925	0	0
YOR286W_mRNA	450	151	291	158.615
YKR069W_mRNA	1782	1483	274	15.2068
YGR047C_mRNA	3078	2779	301	8.91468
YKR059W_mRNA	1188	889	5948.31	550.706
YMR289W_mRNA	1125	826	434	43.2452
YAL036C_mRNA	1110	811	478	48.5104
YDL133W_mRNA	1314	1015	490	39.7336
YER009W_mRNA	378	79	729	759.501
YBR202W_mRNA	2538	2239	656	24.1145
YGR216C_mRNA	1830	1531	344	18.4932
YLL010C_mRNA	1284	985	539	45.0381
YNL088W_mRNA	4287	3988	637	13.1466
YHR061C_mRNA	945	646	163	20.7674
YLR260W_mRNA	2064	1765	345	16.088
YIL053W_mRNA	753	454	10255	1859.12
YBR004C_mRNA	1302	1003	539	44.2299
YCL016C_mRNA	1143	844	193	18.821
YNL130C_mRNA	1182	883	430	40.0807
YMR287C_mRNA	2910	2611	237	7.47084
YPL108W_mRNA	507	208	65	25.7204
YNL153C_mRNA	390	91	374	338.266
YEL019C_mRNA	804	505	29	4.72644
YDR359C_mRNA	2949	2650	411	12.7651
YMR320W_mRNA	306	11.3524	3	21.7502
YFL016C_mRNA	1536	1237	965	64.2075
YDL180W_mRNA	1644	1345	423	25.8849
YLR151C_mRNA	1023	724	173	19.6669
YKR033C_mRNA	426	127	2.33699	1.51454
YHL019C_mRNA	1818	1519	464.812	25.1853
YGL188C-A_mRNA	141	1.25297	0	0
YDR371W_mRNA	1536	1237	263	17.499
YBR295W_mRNA	3651	3352	454	11.1476
YNL186W_mRNA	2379	2080	913	36.1273
YMR057C_mRNA	372	73	27	30.4417
YLR249W_mRNA	3135	2836	32355	938.994
YER096W_mRNA	1539	1240	25	1.65938
YER017C_mRNA	2286	1987	1032	42.7474
YFL058W_mRNA	1023	724	6.54825	0.744414
YJL064W_mRNA	396	97	45.4584	38.5719
YML042W_mRNA	2013	1714	135	6.48262
YDR524C-B_mRNA	201	1.57618	0	0
YMR298W_mRNA	453	154	244	130.406
YFL030W_mRNA	1158	859	123	11.7853
YGR046W_mRNA	1158	859	353	33.8228
YGR099W_mRNA	2067	1768	228	10.614
YKR016W_mRNA	1623	1324	538	33.4443
YEL043W_mRNA	2871	2572	844	27.0084
YGL041C_mRNA	204	1.60381	0	0
YNR056C_mRNA	1686	1387	204	12.1055
YPL043W_mRNA	2058	1759	944.671	44.2021
YPR190C_mRNA	1965	1666	555	27.4186
YLR388W_mRNA	171	1.37341	0	0
YDL003W_mRNA	1701	1402	182	10.6844
YMR217W_mRNA	1578	1279	3596	231.407
YLL057C_mRNA	1239	940	73	6.3918
YBR122C_mRNA	534	235	185	64.7935
YDR507C_mRNA	3429	3130	468	12.3064
YJR077C_mRNA	936	637	1390	179.599
YLR453C_mRNA	1188	889	87	8.05463
YAR053W_mRNA	297	7.64028	1	10.7726
YGL261C_mRNA	363	64	0	0
YOR302W_mRNA	78	1.12084	0	0
YBR206W_mRNA	324	25.1994	118	385.407
YFL029C_mRNA	1107	808	410	41.7638
YMR122C_mRNA	375	76	6	6.49779
YOR224C_mRNA	441	142	494	286.33
YOL146W_mRNA	585	286	95	27.3392
YKR021W_mRNA	2748	2449	429	14.4177
YBR130C_mRNA	1278	979	609	51.1991
YMR105W-A_mRNA	195	1.5258	0	0
YJL066C_mRNA	759	460	272.184	48.7004
YHR076W_mRNA	1032	733	338	37.9525
YMR085W_mRNA	1299	1000	127	10.4528
YDL018C_mRNA	678	379	138	29.9687
YDR218C_mRNA	1272	973	14	1.18425
YLL044W_mRNA	447	148	1754.71	975.824
YGL122C_mRNA	1578	1279	1890	121.624
YML121W_mRNA	933	634	301	39.0756
YLR399C_mRNA	2061	1762	1243	58.0621
YJR031C_mRNA	4227	3928	370	7.75279
YOR095C_mRNA	777	478	606	104.345
YAL037C-B_mRNA	975	676	15535.4	1891.48
YNL023C_mRNA	2898	2599	520	16.4674
YJL183W_mRNA	1269	970	546	46.3286
YGR036C_mRNA	720	421	228	44.5739
YGR147C_mRNA	867	568	714	103.461
YGL011C_mRNA	759	460	1586	283.774
YKR070W_mRNA	1059	760	398	43.102
YNL332W_mRNA	1023	724	7.51236	0.854015
YNR065C_mRNA	3351	3052	438.436	11.8236
YLR335W_mRNA	2163	1864	1103	48.7032
YDR379C-A_mRNA	240	2.14631	0	0
YLR120C_mRNA	1710	1411	2468	143.961
YEL069C_mRNA	1695	1396	41.5749	2.45117
YLR397C_mRNA	2343	2044	480	19.3281
YLR097C_mRNA	1035	736	190	21.2473
YLR230W_mRNA	306	11.3524	23	166.751
YOL150C_mRNA	312	15.0416	4	21.8874
YHR018C_mRNA	1392	1093	788	59.3381
YNL107W_mRNA	681	382	92	19.8222
YAR014C_mRNA	2130	1831	734	32.994
YOL089C_mRNA	3093	2794	338	9.95676
YNL130C-A_mRNA	147	1.27274	0	0
YEL057C_mRNA	702	403	21	4.28886
YJL034W_mRNA	2049	1750	3051	143.493
YBL043W_mRNA	774	475	35	6.0646
YOR171C_mRNA	1875	1576	625	32.6401
YLR410W_mRNA	3441	3142	1191	31.1985
YJR142W_mRNA	1029	730	371	41.8291
YOL098C_mRNA	3114	2815	1072	31.3433
YDL148C_mRNA	2433	2134	812	31.3177
YDR152W_mRNA	798	499	832	137.231
YMR001C_mRNA	2118	1819	413	18.6872
YMR315W_mRNA	1050	751	1126	123.403
YOR089C_mRNA	633	334	859	211.677
YMR218C_mRNA	3309	3010	467	12.7696
YCR089W_mRNA	4830	4531	334	6.06709
YDR270W_mRNA	3015	2716	481	14.5762
YDL207W_mRNA	1617	1318	686	42.8387
YLR366W_mRNA	306	11.3524	0	0
YCR022C_mRNA	345	46.0001	4	7.15696
YKL082C_mRNA	1305	1006	810.726	66.3291
YJL157C_mRNA	2493	2194	531	19.9198
YHL007C_mRNA	2820	2521	998	32.5826
YDR374C_mRNA	921	622	1	0.132324
YNR029C_mRNA	1290	991	387	32.1414
YGR145W_mRNA	2124	1825	784	35.3575
YBR296C-A_mRNA	120	1.19594	0	0
YDL025C_mRNA	1863	1564	580	30.5224
YLR287C_mRNA	1068	769	175	18.7301
YBR205W_mRNA	1215	916	862	77.4533
YDL020C_mRNA	1596	1297	1006	63.839
YJL044C_mRNA	1377	1078	591	45.1229
YBR255W_mRNA	2085	1786	409	18.8482
YLR161W_mRNA	345	46.0001	8.33333	14.9103
YNL012W_mRNA	1896	1597	77	3.96838
YHR115C_mRNA	1251	952	382	33.0259
YJR103W_mRNA	1737	1438	906	51.8558
YDR058C_mRNA	981	682	99	11.9475
YEL071W_mRNA	1491	1192	2021	139.546
YIR023W_mRNA	2913	2614	524.884	16.5267
YER180C-A_mRNA	258	2.72269	0	0
YIL029C_mRNA	429	130	46	29.1234
YIR036W-A_mRNA	402	103	29	23.1733
YJR112W_mRNA	606	307	105	28.15
YOL078W_mRNA	3531	3232	277	7.05401
YJL129C_mRNA	3708	3409	999	24.1194
YPR030W_mRNA	3366	3067	301	8.07757
YGL185C_mRNA	1140	841	170	16.6372
YGL060W_mRNA	1926	1627	241	12.1915
YIL076W_mRNA	891	592	1012	140.698
YOL148C_mRNA	1815	1516	393	21.3364
YPL138C_mRNA	1062	763	206	22.2214
YBR109C_mRNA	444	145	674	382.578
YDR164C_mRNA	2175	1876	465	20.4008
YDR092W_mRNA	462	163	318	160.571
YHR043C_mRNA	741	442	600.218	111.767
YMR174C_mRNA	207	1.63327	0	0
YBR161W_mRNA	1131	832	227	22.4559
YBR131C-A_mRNA	90	1.13832	0	0
YPR201W_mRNA	1215	916	65	5.84044
YJL170C_mRNA	630	331	51	12.6815
YDR099W_mRNA	822	523	1377	216.701
YDL047W_mRNA	936	637	644	83.2098
YDL190C_mRNA	2886	2587	887	28.2199
YPR186C_mRNA	1290	991	180	14.9495
YBR221W-A_mRNA	105	1.16428	0	0
YLR205C_mRNA	954	655	154	19.3512
YER032W_mRNA	2631	2332	236	8.32935
YJL188C_mRNA	309	13.0646	985	6205.37
YOR024W_mRNA	324	25.1994	0	0
YOR278W_mRNA	828	529	177	27.5388
YCR003W_mRNA	552	253	179	58.2318
YLR360W_mRNA	1320	1021	334	26.9246
YIL030W-A_mRNA	339	40.0016	12	24.6906
YIL008W_mRNA	300	8.66635	31	294.411
YDR525W-A_mRNA	240	2.14631	0	0
YNL256W_mRNA	2475	2176	607	22.9592
YKL138C-A_mRNA	210	1.66472	0	0
YDL121C_mRNA	450	151	226	123.185
YDR012W_mRNA	1089	790	8819.91	918.893
YHL035C_mRNA	4779	4480	939	17.251
YJL200C_mRNA	2370	2071	733	29.1308
YJR136C_mRNA	1266	967	167	14.2141
YGL066W_mRNA	1974	1675	480	23.586
YDL236W_mRNA	939	640	1027	132.074
YNL318C_mRNA	1623	1324	4.48054	0.278529
YAL009W_mRNA	780	481	179	30.6292
YOL022C_mRNA	1227	928	571	50.6426
YLR245C_mRNA	429	130	52	32.9221
YOR079C_mRNA	942	643	445	56.9609
YNL240C_mRNA	1476	1177	389	27.202
YLR241W_mRNA	2349	2050	824	33.0827
YBR166C_mRNA	1359	1060	454	35.2515
YPR104C_mRNA	2811	2512	397	13.0076
YDR087C_mRNA	837	538	481	73.5852
YJR011C_mRNA	786	487	105	17.7455
YJR050W_mRNA	708	409	194	39.0397
YAL065C_mRNA	387	88	8.67732	8.11579
YLR171W_mRNA	390	91	55.7278	50.4033
YJR112W-A_mRNA	330	31.038	24	63.6422
YOR091W_mRNA	1038	739	537	59.8078
YAL042C-A_mRNA	378	79	197	205.242
YGL212W_mRNA	951	652	144	18.1779
YGL152C_mRNA	678	379	61.005	13.2481
YFL039C_mRNA	1128	829	10144	1007.12
YGR018C_mRNA	330	31.038	50.718	134.492
YHL017W_mRNA	1599	1300	560	35.4546
YKL023C-A_mRNA	228	1.90776	0	0
YFR003C_mRNA	468	169	191	93.0196
YML047C_mRNA	1059	760	1	0.108296
YOL051W_mRNA	3246	2947	1196.66	33.4209
YHR137C-A_mRNA	651	352	0	0
YML101C-A_mRNA	318	19.7438	6	25.012
YAL028W_mRNA	1587	1288	297	18.9788
YLR328W_mRNA	1206	907	789	71.5975
YGR215W_mRNA	333	34.0145	45	108.887
YHR050W-A_mRNA	171	1.37341	0	0
YAL015C_mRNA	1200	901	276	25.2123
YDR342C_mRNA	1713	1414	15435	898.431
YGR231C_mRNA	933	634	1048	136.05
YOR307C_mRNA	1362	1063	354	27.4093
YOL007C_mRNA	1026	727	365	41.3225
YER154W_mRNA	1209	910	727	65.7538
YML079W_mRNA	606	307	315	84.4501
YPL085W_mRNA	6588	6289	987	12.9171
YLR159W_mRNA	345	46.0001	8.33333	14.9103
YPL122C_mRNA	1542	1243	279	18.474
YOL165C_mRNA	432	133	1.74374	1.07909
YCL055W_mRNA	1008	709	172	19.9669
YML052W_mRNA	909	610	918	123.863
YBR132C_mRNA	1791	1492	397	21.9003
YLR011W_mRNA	576	277	98	29.1188
YER127W_mRNA	1074	775	289	30.6919
YAL032C_mRNA	1140	841	400	39.1464
YBR153W_mRNA	735	436	195	36.8109
YLR188W_mRNA	2088	1789	556	25.5795
YER063W_mRNA	657	358	541	124.378
YHR063C_mRNA	1140	841	565	55.2943
YDR350C_mRNA	2055	1756	458	21.4669
YGR100W_mRNA	2853	2554	767	24.7174
YGR020C_mRNA	357	58	388	550.594
YJR051W_mRNA	1506	1207	621	42.346
YGL088W_mRNA	366	67	22	27.0256
YGR275W_mRNA	474	175	273	128.396
YJR125C_mRNA	1227	928	844	74.8553
YAL020C_mRNA	1002	703	472.525	55.3219
YLR312W-A_mRNA	762	463	247	43.908
YOR222W_mRNA	924	625	668	87.9679
YMR193W_mRNA	777	478	165	28.4108
YPR159C-A_mRNA	102	1.15868	0	0
YPR109W_mRNA	885	586	263	36.9391
YPL053C_mRNA	1341	1042	718	56.7133
YFR030W_mRNA	3108	2809	322	9.43478
YLR207W_mRNA	2502	2203	651	24.3217
YKL150W_mRNA	909	610	1265	170.682
YEL035C_mRNA	501	202	3	1.22236
YBR005W_mRNA	642	343	516	123.818
YMR172C-A_mRNA	384	85	39.2942	38.0484
YNL335W_mRNA	678	379	33.3333	7.23881
YGR243W_mRNA	441	142	283	164.031
YJL024C_mRNA	585	286	137	39.426
YGR240C_mRNA	2964	2665	8442	260.721
YML025C_mRNA	861	562	379	55.5048
YBR106W_mRNA	567	268	3054	937.912
YFL053W_mRNA	1776	1477	71	3.95645
YGR104C_mRNA	924	625	183	24.099
YDL085C-A_mRNA	207	1.63327	0	0
YLR363C_mRNA	657	358	104	23.9099
YDL103C_mRNA	1434	1135	460	33.3572
YGL056C_mRNA	1584	1285	678	43.4265
YKL169C_mRNA	384	85	69.7225	67.5122
YHR102W_mRNA	3243	2944	510	14.2581
YJL212C_mRNA	2400	2101	723	28.3231
YOR320C_mRNA	1476	1177	500	34.964
YOR318C_mRNA	306	11.3524	4	29.0003
YDR480W_mRNA	972	673	184	22.5025
YOR259C_mRNA	1314	1015	1648	133.635
YOL006C_mRNA	2310	2011	484	19.8089
YJR061W_mRNA	2808	2509	232	7.61054
YML106W_mRNA	681	382	1716	369.728
YHL010C_mRNA	1758	1459	270	15.2313
YGL072C_mRNA	360	61	26	35.081
YJL001W_mRNA	648	349	999	235.596
YDL055C_mRNA	1086	787	8962	937.256
YGL233W_mRNA	2733	2434	573	19.3759
YNL174W_mRNA	573	274	20.5357	6.16861
YPL237W_mRNA	858	559	2454.51	361.394
YLR154W-C_mRNA	375	76	3384	3664.75
YBR210W_mRNA	429	130	92	58.2468
YER098W_mRNA	2265	1966	335	14.0246
YPL031C_mRNA	918	619	520	69.1418
YNL005C_mRNA	1116	817	595	59.9408
YDR510W_mRNA	306	11.3524	137	993.259
YIL085C_mRNA	1554	1255	785	51.4818
YOR298W_mRNA	1440	1141	135	9.73814
YOR217W_mRNA	2586	2287	739.643	26.6185
YNR014W_mRNA	639	340	609	147.423
YBR301W_mRNA	363	64	8.01686	10.3099
YPR036W_mRNA	1437	1138	2889	208.946
YBR076W_mRNA	1065	766	37	3.97558
YML014W_mRNA	840	541	369	56.138
YDR332W_mRNA	2070	1771	265	12.3156
YBL062W_mRNA	381	82	17.9293	17.996
YGR102C_mRNA	552	253	167	54.328
YKL105C_mRNA	3399	3100	659	17.4965
YMR197C_mRNA	654	355	415	96.2161
YLR372W_mRNA	1038	739	2236	249.032
YOR354C_mRNA	2079	1780	548	25.3389
YML015C_mRNA	1041	742	352	39.0451
YNL129W_mRNA	723	424	77	14.947
YOR340C_mRNA	981	682	434	52.3761
YOR179C_mRNA	567	268	98	30.0967
YOR150W_mRNA	492	193	199	84.864
YER066W_mRNA	558	259	114.644	36.4317
YJR066W_mRNA	7413	7114	768	8.88536
YLR452C_mRNA	2097	1798	402	18.402
YKL151C_mRNA	1014	715	591	68.0314
YOR184W_mRNA	1188	889	1112	102.951
YBR084C-A_mRNA	570	271	5289.46	1606.46
YBR120C_mRNA	489	190	94	40.7195
YHR173C_mRNA	339	40.0016	7	14.4028
YAL008W_mRNA	597	298	208	57.448
YML109W_mRNA	2829	2530	178	5.79065
YDR035W_mRNA	1113	814	1544	156.117
YAL035W_mRNA	3009	2710	3679	111.735
YMR178W_mRNA	825	526	534	83.5571
YOR127W_mRNA	3024	2725	734	22.1696
YML006C_mRNA	2325	2026	569	23.1154
YGL099W_mRNA	1923	1624	821	41.6088
YML016C_mRNA	2079	1780	919	42.4936
YML096W_mRNA	1578	1279	284	18.2758
YGL123W_mRNA	765	466	18370	3244.52
YOL087C_mRNA	3351	3052	1455	39.238
YOR364W_mRNA	369	70	5	5.87895
YOR210W_mRNA	213	1.69834	0	0
YGL059W_mRNA	1476	1177	236	16.503
YBR272C_mRNA	1443	1144	182	13.094
YLL037W_mRNA	381	82	39	39.1452
YKR088C_mRNA	1014	715	559	64.3478
YIL027C_mRNA	426	127	189	122.486
YHR176W_mRNA	1299	1000	111	9.13589
YHR087W_mRNA	336	37.0051	104	231.313
YGR039W_mRNA	312	15.0416	0	0
YKL036C_mRNA	393	94	4	3.50235
YIL018W_mRNA	765	466	16805.4	2968.18
YGR204C-A_mRNA	114	1.1825	0	0
YDR033W_mRNA	963	664	5549	687.82
YNL142W_mRNA	1500	1201	212	14.5285
YNL262W_mRNA	6669	6370	477	6.16321
YLR262C-A_mRNA	195	1.5258	0	0
YKR031C_mRNA	5052	4753	592	10.2514
YIL063C_mRNA	984	685	531	63.8016
YHR116W_mRNA	456	157	72	37.7451
YCR042C_mRNA	4224	3925	781	16.3772
YOR105W_mRNA	327	28.091	23.2351	68.0777
YPL262W_mRNA	1467	1168	1310	92.3116
YMR154C_mRNA	2184	1885	166	7.24811
YOR393W_mRNA	1314	1015	6	0.486534
YKL095W_mRNA	837	538	117	17.8991
YDL090C_mRNA	1296	997	258	21.2987
YOR161C_mRNA	1620	1321	1336	83.2399
YDL219W_mRNA	453	154	70	37.4115
YDR506C_mRNA	1827	1528	167	8.99541
YJR043C_mRNA	1053	754	222	24.2331
YNL232W_mRNA	879	580	486	68.9662
YNL110C_mRNA	663	364	452	102.203
YCR108C_mRNA	192	1.50279	0	0
YDR393W_mRNA	1371	1072	262	20.1157
YPR073C_mRNA	486	187	168	73.9427
YKL097C_mRNA	411	112	3	2.20461
YHR121W_mRNA	564	265	328	101.872
Q0130_mRNA	231	1.96013	0	0
YGR160W_mRNA	612	313	239.829	63.0645
YKL067W_mRNA	462	163	668	337.3
YPL221W_mRNA	2382	2083	2003	79.1443
YBR250W_mRNA	1572	1273	16	1.03447
YKL178C_mRNA	1413	1114	11	0.81271
YJR106W_mRNA	2178	1879	224	9.81181
YDL153C_mRNA	1833	1534	1251	67.1212
YEL038W_mRNA	684	385	555	118.648
YJL162C_mRNA	1752	1453	163	9.23315
YBR263W_mRNA	1473	1174	1900	133.203
YDR137W_mRNA	1992	1693	413	20.078
YMR028W_mRNA	1101	802	280	28.735
YEL076C-A_mRNA	651	352	0	0
YGL183C_mRNA	660	361	2	0.455985
YHR171W_mRNA	1893	1594	244	12.5988
YNR031C_mRNA	4740	4441	855	15.8458
YBR228W_mRNA	915	616	225	30.0628
YJR036C_mRNA	2679	2380	221	7.64264
YOL015W_mRNA	1761	1462	160	9.00742
YDR532C_mRNA	1158	859	161	15.4263
YER014C-A_mRNA	462	163	35.8014	18.0776
YBL033C_mRNA	1038	739	687	76.5139
YLR239C_mRNA	987	688	256	30.6252
YKL020C_mRNA	3249	2950	737	20.5624
YDL159W_mRNA	1548	1249	275	18.1217
YNR076W_mRNA	363	64	27.9982	36.0062
YIL068W-A_mRNA	384	85	28.3751	27.4756
YNR072W_mRNA	1695	1396	64.2466	3.78785
YDR289C_mRNA	1230	931	385	34.036
YOR167C_mRNA	204	1.60381	0	0
YDL014W_mRNA	984	685	5009	601.85
YJL168C_mRNA	2202	1903	580	25.0852
YHR014W_mRNA	876	577	17	2.42494
YPR131C_mRNA	588	289	167	47.5605
YPR125W_mRNA	1365	1066	574	44.3182
YMR313C_mRNA	1929	1630	481	24.2876
YBR167C_mRNA	423	124	91	60.4015
YFL010C_mRNA	636	337	1007	245.939
YMR155W_mRNA	1644	1345	353	21.6013
YAL068W-A_mRNA	255	2.5999	0	0
YDR177W_mRNA	648	349	652	153.762
YGR246C_mRNA	1791	1492	388	21.4038
YDL087C_mRNA	786	487	179	30.2519
YFR031C-A_mRNA	765	466	9124.62	1611.6
YLR318W_mRNA	2655	2356	109	3.80784
YLR376C_mRNA	729	430	120	22.9689
YBR162C_mRNA	1368	1069	5607	431.699
YER157W_mRNA	2406	2107	354	13.8282
YBR290W_mRNA	966	667	599	73.9144
YDR055W_mRNA	1335	1036	1414	112.336
YOR262W_mRNA	1044	745	283	31.265
YCR091W_mRNA	2163	1864	395	17.4413
YNR054C_mRNA	951	652	305	38.5017
YLR142W_mRNA	1431	1132	117	8.50682
YLR105C_mRNA	1134	835	339	33.415
YJL150W_mRNA	303	9.89396	1	8.31874
YLR400W_mRNA	474	175	13	6.11411
YKL219W_mRNA	1224	925	199.868	17.784
YBR222C_mRNA	1632	1333	973	60.0773
YDR518W_mRNA	1554	1255	518	33.9714
YOL104C_mRNA	1059	760	55	5.95631
YML133W-A_mRNA	576	277	84.5103	25.1107
YFL067W_mRNA	528	229	80.548	28.9499
YMR309C_mRNA	2439	2140	1381	53.1138
YDR256C_mRNA	1548	1249	240	15.8153
YGR170W_mRNA	3417	3118	587	15.4949
YOR197W_mRNA	1299	1000	1228	101.071
YER148W-A_mRNA	579	280	33.5	9.84723
YJL036W_mRNA	1272	973	417	35.2737
YBR220C_mRNA	1683	1384	570.891	33.9504
YMR104C_mRNA	2034	1735	1131	53.6526
YDR404C_mRNA	516	217	364	138.061
YER022W_mRNA	2064	1765	427	19.9118
YHR179W_mRNA	1203	904	6956	633.314
YBR204C_mRNA	1128	829	301	29.8841
YDL106C_mRNA	1680	1381	404	24.0777
YGL247W_mRNA	594	295	109	30.4111
YGR219W_mRNA	342	43.0005	59.6413	114.157
YPL277C_mRNA	1464	1165	80.4475	5.68348
YOR329W-A_mRNA	210	1.66472	0	0
YDR027C_mRNA	2670	2371	607	21.071
YHR034C_mRNA	1035	736	193	21.5828
YOL105C_mRNA	1671	1372	659	39.5329
YOL135C_mRNA	669	370	151	33.5895
YBR254C_mRNA	528	229	113	40.6135
YKR055W_mRNA	876	577	116	16.5466
YLR211C_mRNA	681	382	58	12.4966
YJR004C_mRNA	1953	1654	300	14.9284
YPR062W_mRNA	477	178	1189	549.781
YNL321W_mRNA	2727	2428	809	27.4238
YHR199C-A_mRNA	222	1.81459	0	0
YLR157W-D_mRNA	213	1.69834	0	0
YML017W_mRNA	1782	1483	360	19.9797
YBR302C_mRNA	1140	841	527.404	51.6149
YPL182C_mRNA	384	85	52	50.3515
YOR094W_mRNA	552	253	89	28.9533
YJL127C_mRNA	1923	1624	172	8.71707
YGR003W_mRNA	2235	1936	157	6.67455
YOR312C_mRNA	518	219	5318.02	1998.64
YGR158C_mRNA	753	454	288	52.2113
YLL042C_mRNA	504	205	21	8.43128
YEL045C_mRNA	426	127	1	0.648073
YGR052W_mRNA	1110	811	175	17.7601
YOR067C_mRNA	1734	1435	653	37.4532
YMR316W_mRNA	1011	712	707	81.7273
YNL066W_mRNA	1263	964	1810	154.536
YPR071W_mRNA	636	337	99	24.1787
YER188W_mRNA	720	421	72	14.076
YJL167W_mRNA	1059	760	2122	229.805
YPR008W_mRNA	2085	1786	1154	53.1805
YKL216W_mRNA	945	646	3572	455.1
YCR008W_mRNA	1812	1513	958	52.114
YHR174W_mRNA	1314	1015	118746	9628.98
YDR095C_mRNA	411	112	0	0
YGR209C_mRNA	315	17.2766	575	2739.28
YKR084C_mRNA	1836	1537	752	40.2691
YGR004W_mRNA	1389	1090	206	15.5549
YCL035C_mRNA	333	34.0145	230	556.533
YGR106C_mRNA	798	499	1415	233.391
YIL075C_mRNA	2838	2539	3842	124.544
YMR303C_mRNA	1047	748	210.244	23.1339
YBR192W_mRNA	1134	835	349	34.4007
YJR109C_mRNA	3357	3058	504	13.565
YBR298C-A_mRNA	222	1.81459	0	0
YER186C_mRNA	921	622	284	37.5799
YCL068C_mRNA	783	484	0	0
YPL024W_mRNA	726	427	128	24.6723
YDR229W_mRNA	1362	1063	542	41.9656
YCL030C_mRNA	2400	2101	1784	69.887
YKL202W_mRNA	582	283	15.7807	4.58953
YKR036C_mRNA	1932	1633	365	18.3965
YER060W_mRNA	1587	1288	415.596	26.5573
YBL057C_mRNA	627	328	534	133.997
YDL197C_mRNA	1578	1279	363	23.3595
YNL173C_mRNA	1101	802	1410	144.701
YOR339C_mRNA	471	172	26	12.4415
YOR062C_mRNA	807	508	542	87.8139
YNL253W_mRNA	1269	970	224	19.0066
YCL033C_mRNA	507	208	265	104.86
YGL242C_mRNA	546	247	165	54.9813
YBR029C_mRNA	1374	1075	685	52.4457
YJL085W_mRNA	1872	1573	269	14.0751
YLR121C_mRNA	1527	1228	1137	76.2061
YJL055W_mRNA	738	439	881	165.173
YGL149W_mRNA	306	11.3524	2	14.5001
YMR254C_mRNA	309	13.0646	1	6.29987
YER152W-A_mRNA	567	268	57.3478	17.612
YGR146C_mRNA	636	337	467	114.055
YBR175W_mRNA	948	649	273	34.6215
YCL044C_mRNA	1254	955	214	18.4433
Q0297_mRNA	156	1.30603	0	0
YPR077C_mRNA	372	73	1.54358	1.74034
YIR042C_mRNA	711	412	51	10.1883
YKR090W_mRNA	2121	1822	510	23.0383
YOR293W_mRNA	318	19.7438	2031	8466.56
YER133W_mRNA	939	640	1370	176.185
YAL005C_mRNA	1929	1630	8422.03	425.262
YMR103C_mRNA	363	64	118	151.75
YCR057C_mRNA	2772	2473	956	31.8172
YHR177W_mRNA	1362	1063	96	7.43303
YMR253C_mRNA	1245	946	278	24.187
YNL209W_mRNA	1842	1543	15834.9	844.653
YIR025W_mRNA	1107	808	177	18.0298
YJL090C_mRNA	2295	1996	253	10.4325
YBL016W_mRNA	1062	763	380	40.9909
YDR247W_mRNA	1386	1087	466	35.2845
YLR254C_mRNA	570	271	183	55.5789
YKL102C_mRNA	306	11.3524	0	0
YLR055C_mRNA	1809	1510	700	38.1548
YBR061C_mRNA	933	634	213	27.6515
YBR280C_mRNA	1914	1615	318	16.2062
YMR088C_mRNA	1689	1390	588	34.8169
YCR072C_mRNA	1548	1249	226	14.8927
Q0115_mRNA	1554	1255	0	0
YGL180W_mRNA	2694	2395	258	8.86629
YLR340W_mRNA	939	640	17838.2	2294.03
YBR082C_mRNA	447	148	1429	794.691
YNL078W_mRNA	1224	925	562	50.006
YEL017C-A_mRNA	132	1.22641	0	0
YMR009W_mRNA	540	241	238	81.2808
YJL099W_mRNA	2241	1942	335	14.1979
YMR114C_mRNA	1107	808	243	24.7527
YLR412C-A_mRNA	207	1.63327	0	0
YGL089C_mRNA	363	64	18	23.1484
YPR196W_mRNA	1413	1114	93.8178	6.93151
YLR413W_mRNA	2028	1729	4181	199.027
YLR274W_mRNA	2328	2029	451	18.2946
YEL077W-A_mRNA	483	184	0	0
YCL008C_mRNA	1158	859	485	46.4704
YLR083C_mRNA	2004	1705	1302	62.8513
YGR289C_mRNA	1851	1552	552.231	29.2858
YCR053W_mRNA	1545	1246	2766	182.71
YMR193C-A_mRNA	387	88	22	20.5763
YLR106C_mRNA	14733	14434	3011	17.1693
YEL003W_mRNA	336	37.0051	96	213.52
YLR364W_mRNA	330	31.038	10	26.5176
YMR306C-A_mRNA	390	91	2.93756	2.65688
YGR244C_mRNA	1284	985	1232	102.944
YMR242C_mRNA	518	219	4603.98	1730.28
YFL020C_mRNA	369	70	1	1.17579
YGL047W_mRNA	609	310	174	46.1972
YDL114W_mRNA	927	628	3	0.393178
YMR239C_mRNA	1416	1117	215	15.8421
YFL023W_mRNA	2391	2092	379	14.911
YOR261C_mRNA	1017	718	1200	137.558
YKL168C_mRNA	2175	1876	444	19.4795
YIR026C_mRNA	1095	796	627	64.8309
YOR306C_mRNA	1566	1267	965	62.6872
YJL182C_mRNA	318	19.7438	1	4.16867
YPL075W_mRNA	2358	2059	869	34.7369
YLR109W_mRNA	531	232	9749	3458.6
YAL059W_mRNA	639	340	229.317	55.5119
YOR034C-A_mRNA	243	2.22021	0	0
YLR431C_mRNA	1362	1063	214	16.5695
YPR089W_mRNA	2667	2368	713	24.782
YMR076C_mRNA	3834	3535	194	4.5169
YOL031C_mRNA	1266	967	428	36.4288
YCL057C-A_mRNA	294	6.78516	115	1394.97
YGL038C_mRNA	1443	1144	872	62.7362
YFR001W_mRNA	615	316	361	94.026
YDR135C_mRNA	4548	4249	1578	30.5667
YPR039W_mRNA	336	37.0051	1	2.22416
YBL026W_mRNA	288	5.47621	18	270.533
YLR356W_mRNA	594	295	123	34.3171
YPR028W_mRNA	543	244	1540	519.468
YOR054C_mRNA	2025	1726	688.82	32.8468
YBL040C_mRNA	660	361	545	124.256
YKR071C_mRNA	1047	748	645	70.9718
YOR322C_mRNA	2457	2158	860	32.8001
YER169W_mRNA	2391	2092	481	18.9239
YMR181C_mRNA	465	166	240	118.996
YML080W_mRNA	1272	973	133	11.2504
YLR010C_mRNA	483	184	28	12.5247
YMR194C-B_mRNA	222	1.81459	0	0
YLR307W_mRNA	906	607	12	1.62712
YGL061C_mRNA	744	445	90	16.646
YOL044W_mRNA	1152	853	161	15.5348
YGR083C_mRNA	1956	1657	830	41.2272
YMR140W_mRNA	1470	1171	366	25.7248
YHR196W_mRNA	1728	1429	506	29.1438
YPL103C_mRNA	1407	1108	250	18.5707
YBR165W_mRNA	834	535	184	28.3069
YMR058W_mRNA	1911	1612	4008	204.64
YGL219C_mRNA	1380	1081	540.042	41.1178
YAL067C_mRNA	1782	1483	21	1.16548
YMR295C_mRNA	594	295	1204	335.917
YOL156W_mRNA	1704	1405	90.212	5.28464
YGR127W_mRNA	939	640	244	31.3789
YER078C_mRNA	1536	1237	387	25.7495
YDL208W_mRNA	471	172	1156	553.168
YPR042C_mRNA	3228	2929	459	12.898
YOL145C_mRNA	3234	2935	1244	34.8851
YMR182C_mRNA	636	337	204	49.8228
YLR418C_mRNA	1182	883	374	34.8609
YNL014W_mRNA	3135	2836	141.017	4.09255
YDR543C_mRNA	300	8.66635	0.5	4.74856
YPR012W_mRNA	255	2.5999	0	0
YOR081C_mRNA	2250	1951	454	19.1525
YLR398C_mRNA	3864	3565	775	17.8925
YAL054C_mRNA	2142	1843	197	8.79769
YDR295C_mRNA	2025	1726	326	15.5455
YPL013C_mRNA	366	67	147	180.58
YDL005C_mRNA	1296	997	653	53.9071
YDR207C_mRNA	2511	2212	586	21.8042
YLL067W-A_mRNA	483	184	0	0
YFR023W_mRNA	1836	1537	8	0.428395
YER171W_mRNA	2337	2038	515	20.7984
YCR076C_mRNA	753	454	232	42.0591
YDR401W_mRNA	564	265	1.53819	0.477741
YJL190C_mRNA	393	94	4452	3898.12
YDR510C-A_mRNA	117	1.18908	0	0
YER051W_mRNA	1479	1180	209	14.5778
YPL178W_mRNA	627	328	673	168.876
YOR267C_mRNA	2280	1981	1730.64	71.9035
YML097C_mRNA	1356	1057	203	15.807
YFL034C-B_mRNA	864	565	277	40.3515
YJR110W_mRNA	2067	1768	318	14.8038
YHR099W_mRNA	11235	10936	812	6.11118
YHL023C_mRNA	3441	3142	489	12.8095
YER048W-A_mRNA	285	4.97562	5	82.7086
YEL075C_mRNA	369	70	0	0
YKL109W_mRNA	1665	1366	2376	143.161
YCR049C_mRNA	447	148	43.8116	24.3644
YLR195C_mRNA	1368	1069	570	43.8859
YJR001W_mRNA	1809	1510	1061	57.8317
YDR222W_mRNA	1248	949	98	8.49939
YLR223C_mRNA	3258	2959	485	13.4904
YOR170W_mRNA	306	11.3524	5	36.2503
YOR335W-A_mRNA	81	1.12496	0	0
YEL072W_mRNA	696	397	53	10.9879
YDL159C-B_mRNA	177	1.40551	0	0
YPL003W_mRNA	1389	1090	460	34.7344
YGR241C_mRNA	1707	1408	1003	58.6308
YKR105C_mRNA	1749	1450	114	6.4709
YJL192C_mRNA	705	406	577	116.971
YDR311W_mRNA	1929	1630	372	18.7838
YGR007W_mRNA	972	673	779	95.2687
YPL193W_mRNA	1146	847	314	30.5122
YJL142C_mRNA	393	94	149	130.463
YLR006C_mRNA	2139	1840	765	34.2193
YHR188C_mRNA	1833	1534	1024	54.9417
YNL267W_mRNA	3201	2902	822	23.3132
YDR044W_mRNA	987	688	2310	276.345
YNL154C_mRNA	1641	1342	1899	116.466
YHR214W_mRNA	612	313	36	9.46643
YBR296C_mRNA	1725	1426	422	24.3568
YBR103C-A_mRNA	144	1.26263	0	0
YFL055W_mRNA	1677	1378	104	6.21172
YGL074C_mRNA	327	28.091	4	11.7198
YDL209C_mRNA	1020	721	162	18.493
YPL165C_mRNA	1122	823	258	25.8017
YBR089C-A_mRNA	300	8.66635	127	1206.13
YPR145W_mRNA	1719	1420	3514.63	203.713
YOR358W_mRNA	729	430	260	49.766
YGR057C_mRNA	729	430	91	17.4181
YOR153W_mRNA	4536	4237	12417	241.205
YLR194C_mRNA	765	466	2053	362.603
YOL009C_mRNA	816	517	146	23.2429
YLR270W_mRNA	1053	754	479	52.2868
YIL100W_mRNA	354	55	2	2.99292
YPL038W_mRNA	534	235	100	35.0235
YOR245C_mRNA	1257	958	338	29.0388
YLR290C_mRNA	834	535	189	29.0761
YLR438W_mRNA	1275	976	301	25.3831
YJR152W_mRNA	1632	1333	150	9.26166
YGL263W_mRNA	1143	844	53	5.16846
YOR241W_mRNA	1647	1348	695	42.4349
YJL072C_mRNA	642	343	111	26.6352
YJR056C_mRNA	711	412	144	28.7669
YLR389C_mRNA	3084	2785	1114	32.9221
YPR160C-A_mRNA	285	4.97562	0	0
YFL002C_mRNA	1821	1522	477	25.7948
YDR249C_mRNA	1122	823	129	12.9008
YER172C-A_mRNA	381	82	3.70993	3.72374
YNL238W_mRNA	2445	2146	987	37.8543
YMR068W_mRNA	1281	982	224	18.7743
YGR176W_mRNA	348	49	31	52.0707
YJL038C_mRNA	660	361	15	3.41989
YPR185W_mRNA	2217	1918	483	20.7265
YNL057W_mRNA	333	34.0145	52.5742	127.214
YOR334W_mRNA	1413	1114	137.943	10.1916
YBL081W_mRNA	1107	808	688.102	70.0922
YLL033W_mRNA	693	394	43	8.98256
YKL196C_mRNA	603	304	819	221.737
YGR269W_mRNA	327	28.091	1	2.92996
YMR144W_mRNA	1029	730	119	13.4169
YBL041W_mRNA	726	427	1705	328.643
YLR361C_mRNA	1737	1438	210	12.0196
YDL212W_mRNA	633	334	952	234.595
YCL032W_mRNA	1041	742	402	44.5913
Q0032_mRNA	291	6.07225	0	0
YLR353W_mRNA	1812	1513	348	18.9308
YPL167C_mRNA	4515	4216	301	5.87616
YKL188C_mRNA	2562	2263	206	7.49222
YNL183C_mRNA	2373	2074	447	17.7389
YPL032C_mRNA	2478	2179	1129	42.6447
YDR142C_mRNA	1128	829	222	22.0407
YLR123C_mRNA	330	31.038	9	23.8658
YDR267C_mRNA	993	694	489	57.9932
YMR060C_mRNA	984	685	264	31.7206
YKL076C_mRNA	384	85	45	43.5734
YGR214W_mRNA	759	460	7958.17	1423.91
YDR215C_mRNA	414	115	5	3.57849
YER129W_mRNA	3429	3130	772	20.3002
YKR026C_mRNA	918	619	626	83.2361
YGR095C_mRNA	672	373	426	94.0002
YFR008W_mRNA	666	367	93	20.8567
YDR047W_mRNA	1089	790	994	103.559
YER015W_mRNA	2235	1936	189	8.03497
YOL162W_mRNA	648	349	12	2.82998
YNR047W_mRNA	2682	2383	321	11.0869
YLR019W_mRNA	1194	895	908	83.5008
YLR209C_mRNA	936	637	386	49.8742
YLR438C-A_mRNA	270	3.39154	0	0
YGR134W_mRNA	3369	3070	470	12.6005
YMR117C_mRNA	642	343	30	7.19872
YBR011C_mRNA	864	565	5601	815.915
YDR069C_mRNA	2781	2482	297	9.84878
YLR314C_mRNA	1563	1264	1632	106.268
YDR503C_mRNA	825	526	119	18.6204
YJR137C_mRNA	4329	4030	430	8.78196
YNL093W_mRNA	663	364	17	3.84393
YER181C_mRNA	324	25.1994	0	0
YCR039C_mRNA	633	334	141.308	34.8215
YDR080W_mRNA	2979	2680	266	8.16911
YAR070C_mRNA	300	8.66635	0	0
YPL074W_mRNA	2265	1966	412	17.2481
YJL054W_mRNA	1437	1138	679	49.1084
YPL065W_mRNA	729	430	159	30.4338
YOR226C_mRNA	471	172	262	125.372
YOR168W_mRNA	2430	2131	2178.12	84.1253
YJL081C_mRNA	1470	1171	548	38.5169
YJL219W_mRNA	1704	1405	69.2863	4.05881
YER100W_mRNA	753	454	568	102.972
YDL174C_mRNA	1764	1465	1094	61.4621
YOL111C_mRNA	639	340	416	100.703
YCR073W-A_mRNA	948	649	494	62.6484
YOR368W_mRNA	1206	907	184	16.697
YJL134W_mRNA	1230	931	611	54.0156
YBL096C_mRNA	309	13.0646	0	0
YKL064W_mRNA	2910	2611	1470	46.3381
YEL006W_mRNA	1008	709	346	40.1659
YBR189W_mRNA	588	289	8782.37	2501.16
YLL051C_mRNA	2139	1840	589	26.3466
YLR158C_mRNA	1089	790	778.5	81.1072
YNL074C_mRNA	1359	1060	801	62.1949
YKL130C_mRNA	741	442	225	41.8975
YNL329C_mRNA	3093	2794	476	14.022
YKL195W_mRNA	1212	913	1652	148.925
YML068W_mRNA	1395	1096	287	21.5526
YLR402W_mRNA	192	1.50279	0	0
YEL049W_mRNA	363	64	8.26417	10.6279
YGL150C_mRNA	4470	4171	1003	19.792
YOR131C_mRNA	657	358	317	72.8793
YNL011C_mRNA	1335	1036	320	25.4225
YDR172W_mRNA	2058	1759	2455	114.872
YKL206C_mRNA	804	505	244	39.7673
YAR019W-A_mRNA	333	34.0145	1	2.41971
YAR069C_mRNA	294	6.78516	0	0
YOR134W_mRNA	1230	931	135	11.9347
YGR203W_mRNA	447	148	109	60.6168
YPL220W_mRNA	654	355	7893.51	1830.08
YMR257C_mRNA	2403	2104	246	9.62315
YGL127C_mRNA	384	85	119	115.227
YOR078W_mRNA	645	346	240	57.0904
YKL075C_mRNA	1353	1054	304	23.7389
YDR286C_mRNA	345	46.0001	34	60.8342
YER037W_mRNA	966	667	426	52.5668
YJR160C_mRNA	1809	1510	66.2282	3.60989
YPL176C_mRNA	2352	2053	583	23.3726
YMR221C_mRNA	1515	1216	497	33.6396
YJR057W_mRNA	651	352	195	45.5953
YOL109W_mRNA	342	43.0005	1355	2593.55
YKL071W_mRNA	771	472	68	11.8575
YPR070W_mRNA	1701	1402	370	21.7211
YGR202C_mRNA	1275	976	652	54.9826
YAR033W_mRNA	705	406	146.84	29.7677
YER031C_mRNA	672	373	975	215.141
YHR214C-E_mRNA	300	8.66635	0	0
YDL175C_mRNA	1035	736	261	29.1871
YMR003W_mRNA	597	298	50	13.8096
YGL181W_mRNA	1191	892	834	76.9536
YER050C_mRNA	417	118	181	126.248
YLR175W_mRNA	1452	1153	4294	306.521
YDR037W_mRNA	1776	1477	6013	335.072
YDR151C_mRNA	978	679	405	49.0923
YGR116W_mRNA	4356	4057	1710.2	34.6952
YML081W_mRNA	3756	3457	902	21.4751
YGR180C_mRNA	1038	739	3447	383.906
YNL056W_mRNA	594	295	445	124.155
YDR004W_mRNA	1383	1084	281	21.3356
YHR027C_mRNA	2982	2683	2792	85.6491
YML018C_mRNA	1182	883	559	52.1049
YIL025C_mRNA	375	76	0	0
YER155C_mRNA	6504	6205	1449	19.22
YLR146W-A_mRNA	189	1.48108	0	0
YBR297W_mRNA	1407	1108	337.182	25.0468
YBL008W-A_mRNA	240	2.14631	0	0
YJR117W_mRNA	1362	1063	1054	81.6085
YEL034C-A_mRNA	603	304	7297.76	1975.8
YNL022C_mRNA	1473	1174	298	20.8918
YML032C_mRNA	1416	1117	615	45.3158
YOR192C_mRNA	1800	1501	59.0224	3.23641
YPR108W-A_mRNA	213	1.69834	0	0
YOR304C-A_mRNA	231	1.96013	0	0
YBL012C_mRNA	402	103	30	23.9724
YBR156C_mRNA	2097	1798	160	7.32417
YGL187C_mRNA	468	169	199	96.9157
YLR066W_mRNA	555	256	412	132.46
YDL166C_mRNA	594	295	343	95.6974
YBL077W_mRNA	432	133	474	293.329
YKR097W_mRNA	1650	1351	75	4.56913
YOR145C_mRNA	825	526	799.509	125.102
YOL067C_mRNA	534	235	121	42.3785
YDR063W_mRNA	450	151	203	110.649
YIL112W_mRNA	3252	2953	726	20.2349
YNL042W_mRNA	1191	892	371	34.2324
YNL175C_mRNA	1212	913	691.464	62.3343
YBR162W-A_mRNA	198	1.55022	0	0
YGL057C_mRNA	864	565	95	13.8389
YGL244W_mRNA	1677	1378	1078	64.3869
YPR050C_mRNA	414	115	77.2734	55.3044
YOR116C_mRNA	4383	4084	1260	25.3929
YOL070C_mRNA	1506	1207	577	39.3456
YMR126C_mRNA	1029	730	175	19.7307
YOL033W_mRNA	1611	1312	182	11.4174
YOR033C_mRNA	2109	1810	439	19.9624
YOL024W_mRNA	519	220	2	0.74823
YNL265C_mRNA	897	598	248.713	34.2314
YMR179W_mRNA	2277	1978	167	6.94893
YMR067C_mRNA	1251	952	368	31.8155
YPL272C_mRNA	1554	1255	157	10.2964
YKL108W_mRNA	1362	1063	176	13.6272
YDR032C_mRNA	597	298	1068	294.973
YLL018C-A_mRNA	297	7.64028	23	247.769
YNL131W_mRNA	459	160	413	212.451
YNL307C_mRNA	1128	829	955	94.8149
YLR092W_mRNA	2682	2383	337	11.6395
YGR287C_mRNA	1770	1471	191.159	10.6957
YIR012W_mRNA	1296	997	903	74.5453
YKL009W_mRNA	711	412	1024	204.565
YOR324C_mRNA	1809	1510	286.842	15.6348
YOR006C_mRNA	942	643	354	45.3127
YDL143W_mRNA	1587	1288	2447	156.367
YIL156W_mRNA	3216	2917	442	12.4714
YOR166C_mRNA	1377	1078	228	17.4078
YPR016W-A_mRNA	261	2.86036	0	0
YOR177C_mRNA	1395	1096	44	3.30423
YPL077C_mRNA	723	424	97	18.8293
YNR003W-A_mRNA	99	1.15329	0	0
YHR112C_mRNA	1137	838	301	29.5631
YMR150C_mRNA	573	274	211	63.3811
YBR256C_mRNA	717	418	548	107.903
YDR071C_mRNA	576	277	784	232.951
YDR093W_mRNA	4839	4540	1800	32.6321
YLR373C_mRNA	2706	2407	496	16.9603
YJL165C_mRNA	2568	2269	1386	50.2755
YOL004W_mRNA	4611	4312	1782	34.0139
YOL125W_mRNA	1431	1132	373	27.12
YML010W_mRNA	3192	2893	2440.22	69.4238
YDR149C_mRNA	708	409	4.3182	0.868974
YOR128C_mRNA	1716	1417	1206	70.0495
YDR384C_mRNA	828	529	567	88.2176
YIL047C-A_mRNA	369	70	87.8264	103.265
YGR245C_mRNA	2304	2005	1305	53.5703
YER053C_mRNA	903	604	1180	160.795
YLR029C_mRNA	615	316	10631.5	2769.09
YIR030W-A_mRNA	384	85	16	15.4928
YGR016W_mRNA	573	274	28	8.41076
YLR224W_mRNA	1110	811	737	74.7953
YLR299W_mRNA	1983	1684	561	27.4188
YMR026C_mRNA	1200	901	253	23.1113
YBL076C_mRNA	3219	2920	4814	135.691
YHR050W_mRNA	1650	1351	1053	64.1506
YLR309C_mRNA	2736	2437	630	21.2771
YNR038W_mRNA	1890	1591	367	18.9856
YIL002C_mRNA	2841	2542	499	16.1567
YDL164C_mRNA	2268	1969	354	14.7974
YJL078C_mRNA	2646	2347	2122	74.4149
YBR030W_mRNA	1659	1360	290	17.5504
YPL047W_mRNA	300	8.66635	22	208.937
YGR111W_mRNA	1203	904	272	24.7644
YKL015W_mRNA	2940	2641	470	14.6473
YOR118W_mRNA	1704	1405	536	31.399
YNR008W_mRNA	1986	1687	488	23.8085
YGL077C_mRNA	1692	1393	1374	81.1827
YPR133C_mRNA	1233	934	906	79.8379
YAR071W_mRNA	1404	1105	944.446	70.3465
YDL049C_mRNA	807	508	224	36.2921
YEL039C_mRNA	342	43.0005	101	193.32
YAL064W_mRNA	285	4.97562	0	0
YHR167W_mRNA	786	487	79	13.3514
YGR037C_mRNA	264	3.0155	0	0
YPR082C_mRNA	432	133	104	64.359
YKR002W_mRNA	1707	1408	594	34.7226
YJL020W-A_mRNA	258	2.72269	0	0
YOL010W_mRNA	1104	805	245	25.0494
YBL053W_mRNA	375	76	51.371	55.633
YOR083W_mRNA	888	589	137	19.144
YLR367W_mRNA	393	94	1090	954.391
YHR168W_mRNA	1557	1258	176	11.5149
YDR334W_mRNA	4545	4246	856	16.5929
YGR109C_mRNA	1143	844	25	2.43795
YCR047W-A_mRNA	207	1.63327	0	0
YPL189C-A_mRNA	207	1.63327	0	0
YNL254C_mRNA	1206	907	147	13.3394
YER044C_mRNA	447	148	313	174.065
YGR133W_mRNA	552	253	77	25.0494
YBR096W_mRNA	693	394	351	73.3228
YDL217C_mRNA	624	325	225	56.9806
YKL210W_mRNA	3075	2776	2567	76.1087
YER048C_mRNA	1176	877	881	82.6807
YDL036C_mRNA	1389	1090	219	16.5366
YDR456W_mRNA	1902	1603	752	38.6111
YBL073W_mRNA	312	15.0416	1	5.47186
YHR203C_mRNA	786	487	8574.79	1449.18
YNL151C_mRNA	756	457	551	99.2346
YHR032C-A_mRNA	120	1.19594	0	0
YMR261C_mRNA	3165	2866	1537	44.1393
YLR280C_mRNA	351	52	4.77444	7.55696
YBR033W_mRNA	2760	2461	206	6.88943
YIL046W-A_mRNA	165	1.34444	0	0
YKR046C_mRNA	852	553	878	130.676
YKL170W_mRNA	417	118	121.277	84.5914
YER028C_mRNA	1185	886	566	52.5788
YOL037C_mRNA	354	55	14	20.9504
YGL258W-A_mRNA	234	2.01696	0	0
YNL090W_mRNA	579	280	121.498	35.7139
YDL032W_mRNA	312	15.0416	0	0
YCR098C_mRNA	1557	1258	52	3.40213
YNL038W_mRNA	690	391	223	46.9414
YMR281W_mRNA	915	616	336	44.8938
YHR213W-A_mRNA	234	2.01696	0	0
YMR175W-A_mRNA	195	1.5258	0	0
YMR259C_mRNA	4263	3964	516	10.7138
YDR221W_mRNA	2109	1810	358	16.2792
YGL202W_mRNA	1503	1204	2425	165.773
YLR381W_mRNA	2202	1903	206	8.90956
YLR448W_mRNA	531	232	1398.26	496.052
YPL056C_mRNA	306	11.3524	14	101.501
YLR098C_mRNA	1947	1648	232	11.5867
YDR320C_mRNA	2007	1708	258	12.4325
YDR344C_mRNA	444	145	18	10.2172
YNR030W_mRNA	1656	1357	498	30.2049
YAL016C-A_mRNA	315	17.2766	4	19.0559
YPR074C_mRNA	2043	1744	5572	262.962
YOR233W_mRNA	2403	2104	402	15.7256
YHR194W_mRNA	1740	1441	413.597	23.6233
YER053C-A_mRNA	114	1.1825	0	0
YNL006W_mRNA	912	613	372	49.9471
YMR047C_mRNA	3342	3043	1525	41.2473
YHR127W_mRNA	732	433	173	32.8841
YBL094C_mRNA	333	34.0145	11.0124	26.6468
YLR300W_mRNA	1347	1048	4811	377.835
YJL127C-B_mRNA	159	1.31822	0	0
YOL017W_mRNA	2145	1846	94	4.19106
YLR192C_mRNA	798	499	1857	306.295
YHR149C_mRNA	2205	1906	498	21.5047
YLR399W-A_mRNA	105	1.16428	0	0
YGR296C-B_mRNA	483	184	0	0
YLR293C_mRNA	660	361	4158	947.993
YHR130C_mRNA	336	37.0051	5	11.1208
YPR094W_mRNA	324	25.1994	29	94.7188
YHR051W_mRNA	447	148	220	122.346
YDL056W_mRNA	2502	2203	455	16.9991
YDR084C_mRNA	600	301	269	73.5552
YFL052W_mRNA	1398	1099	131	9.81073
YIL152W_mRNA	708	409	189	38.0335
YMR205C_mRNA	2880	2581	7051	224.849
YMR235C_mRNA	1224	925	1218	108.376
YCR009C_mRNA	798	499	806	132.942
YBL036C_mRNA	774	475	325	56.3142
YER143W_mRNA	1287	988	642	53.4818
YDL051W_mRNA	828	529	901.686	140.29
YMR241W_mRNA	945	646	898	114.412
YIL155C_mRNA	1950	1651	1190	59.3236
YPL136W_mRNA	369	70	8.98425	10.5636
YDL161W_mRNA	1365	1066	889	68.6392
YOR323C_mRNA	1371	1072	1313	100.809
YER014W_mRNA	1620	1321	358.199	22.3177
YLR044C_mRNA	1692	1393	72594.2	4289.22
YGL049C_mRNA	2745	2446	1249	42.0275
YGR263C_mRNA	1275	976	195	16.4442
YNL214W_mRNA	600	301	67	18.3205
YNL019C_mRNA	855	556	66.8889	9.90164
YMR316C-A_mRNA	312	15.0416	16	87.5498
YEL008W_mRNA	381	82	4	4.01489
YJR074W_mRNA	657	358	237	54.487
YGR064W_mRNA	369	70	86	101.118
YBL111C_mRNA	2004	1705	5.12845e-05	2.47565e-06
YOL030W_mRNA	1455	1156	2179	155.141
YER034W_mRNA	558	259	139	44.1716
YMR210W_mRNA	1350	1051	583	45.6556
YMR158W_mRNA	468	169	135	65.7468
YOL019W-A_mRNA	153	1.29441	0	0
YDR375C_mRNA	1371	1072	434	33.3214
YER114C_mRNA	3123	2824	688	20.0517
YLR035C_mRNA	2088	1789	192	8.83321
YMR162C_mRNA	4971	4672	736	12.9659
YJL197W_mRNA	3765	3466	806	19.1397
YBR110W_mRNA	1350	1051	548	42.9147
YJL048C_mRNA	1191	892	298	27.4966
YGL131C_mRNA	4212	3913	360	7.57217
YFL028C_mRNA	870	571	329	47.4229
YJL208C_mRNA	990	691	166	19.7723
YOR155C_mRNA	1353	1054	671	52.3974
YDR383C_mRNA	717	418	173	34.0642
YPL154C_mRNA	1218	919	4437	397.376
YDR453C_mRNA	591	292	111	31.2873
YNL031C_mRNA	411	112	2957.91	2173.67
YER008C_mRNA	4011	3712	863	19.1351
YDR269C_mRNA	324	25.1994	2	6.53233
YKR050W_mRNA	2670	2371	478	16.593
YDR273W_mRNA	1098	799	108	11.1251
YGR257C_mRNA	1101	802	589	60.4462
YJR099W_mRNA	711	412	176	35.1596
YOR242C_mRNA	1116	817	21	2.11556
YNR019W_mRNA	1929	1630	976	49.2822
YAL047W-A_mRNA	330	31.038	2	5.30352
YDR406W_mRNA	4590	4291	1940	37.211
YKL096W_mRNA	720	421	1759	343.884
YKR061W_mRNA	1278	979	262	22.0265
YIL103W_mRNA	1278	979	306	25.7257
YGL253W_mRNA	1461	1162	17383	1231.25
YBL001C_mRNA	315	17.2766	78	371.59
YPR087W_mRNA	321	22.4012	33	121.247
YGL045W_mRNA	1629	1330	205	12.6862
YOR086C_mRNA	3561	3262	1625	41.0013
YDL247W_mRNA	1830	1531	174.772	9.39559
YGR222W_mRNA	882	583	194	27.388
YPR146C_mRNA	330	31.038	16	42.4281
YLR383W_mRNA	3345	3046	288	7.78199
YCR077C_mRNA	2391	2092	1729	68.0238
YNL049C_mRNA	2631	2332	518	18.2822
YGL143C_mRNA	1242	943	215	18.7653
YNR004W_mRNA	441	142	45	26.0827
YJR016C_mRNA	1758	1459	5202	293.456
YML027W_mRNA	1158	859	90	8.62337
YDR545C-A_mRNA	480	181	3.70751	1.6859
YHL030W_mRNA	5607	5308	984	15.2578
YIL094C_mRNA	1116	817	1918	193.221
YGL142C_mRNA	1851	1552	323	17.1293
YDL185C-A_mRNA	228	1.90776	0	0
YMR163C_mRNA	2118	1819	213	9.63773
YER190C-A_mRNA	576	277	84.5103	25.1107
YAL013W_mRNA	1218	919	810	72.5433
YBR111C_mRNA	696	397	866	179.538
YPL112C_mRNA	1185	886	334	31.0271
YKL040C_mRNA	771	472	344	59.9852
YJL158C_mRNA	684	385	3917.13	837.404
YBR072W_mRNA	645	346	40	9.51507
YDR276C_mRNA	168	1.35856	0	0
YHR120W_mRNA	2880	2581	237	7.55768
YGR227W_mRNA	1578	1279	311	20.0133
YKL013C_mRNA	516	217	530	201.022
YMR018W_mRNA	1545	1246	32	2.11378
YBL039W-B_mRNA	180	1.42288	0	0
YIR018C-A_mRNA	138	1.24372	0	0
YGR232W_mRNA	687	388	333	70.6383
YCR037C_mRNA	2772	2473	660	21.9658
YDR298C_mRNA	639	340	459	111.112
YIR029W_mRNA	1032	733	137	15.3831
YBR054W_mRNA	1035	736	252	28.1806
YKL065C_mRNA	621	322	954	243.849
YBL070C_mRNA	321	22.4012	2	7.34829
YDR370C_mRNA	1329	1030	241	19.2578
YLR166C_mRNA	2616	2317	469	16.66
YIL066C_mRNA	2610	2311	108	3.84638
YML095C_mRNA	633	334	49	12.0747
YNL098C_mRNA	969	670	2521	309.689
YDR357C_mRNA	369	70	49	57.6137
YDL151C_mRNA	582	283	58.5501	17.0282
YKL141W_mRNA	597	298	495	136.715
YCR088W_mRNA	1779	1480	1405	78.1344
YDR495C_mRNA	3036	2737	272	8.17941
YNL293W_mRNA	1902	1603	537	27.572
YMR315W-A_mRNA	108	1.17012	0	0
YMR237W_mRNA	2175	1876	893	39.1784
YPL215W_mRNA	1008	709	431	50.0333
YPL135W_mRNA	498	199	408	168.747
YPR184W_mRNA	4611	4312	506	9.65828
YPR037C_mRNA	591	292	490	138.115
YOR175C_mRNA	1860	1561	1157	61.004
YHR145C_mRNA	357	58	27.8812	39.565
YNL077W_mRNA	1587	1288	394	25.1772
YNL177C_mRNA	930	631	476	62.0877
YGR277C_mRNA	918	619	359	47.7344
YNL200C_mRNA	741	442	304	56.6082
YMR305C_mRNA	1170	871	2720	257.027
YPR035W_mRNA	1113	814	9343	944.691
YLR081W_mRNA	1725	1426	98	5.65633
YBR139W_mRNA	1527	1228	900	60.3215
YML041C_mRNA	843	544	99	14.9784
YJL111W_mRNA	1653	1354	2564	155.857
YKR086W_mRNA	3216	2917	429	12.1046
YLR432W_mRNA	1572	1273	3357.9	217.104
YDR259C_mRNA	1152	853	93	8.9735
YIL048W_mRNA	3456	3157	711	18.5363
YBR128C_mRNA	1035	736	108	12.0774
YKL016C_mRNA	525	226	369	134.383
YBR199W_mRNA	1395	1096	1391	104.459
YNL076W_mRNA	1755	1456	588	33.2387
YAL066W_mRNA	309	13.0646	0	0
YHR098C_mRNA	2790	2491	1293	42.7221
YPL015C_mRNA	1074	775	591	62.7644
YNL020C_mRNA	1917	1618	576	29.3003
YDR502C_mRNA	1155	856	1269.65	122.079
YDR447C_mRNA	411	112	2381.5	1750.09
YDL039C_mRNA	2097	1798	2444	111.877
YJL074C_mRNA	3693	3394	236	5.72306
YOR164C_mRNA	939	640	467	60.0572
YKL166C_mRNA	1197	898	217	19.8889
YEL042W_mRNA	1557	1258	1021	66.7995
YML094C-A_mRNA	402	103	64	51.1412
YGR118W_mRNA	438	139	4141.71	2452.41
YDL225W_mRNA	1656	1357	599	36.3308
YIL006W_mRNA	1122	823	135	13.5009
YHR182W_mRNA	2358	2059	184	7.35511
YOL097C_mRNA	1299	1000	1924	158.355
YMR033W_mRNA	1404	1105	674	50.2025
YLR015W_mRNA	1518	1219	204	13.7738
YJL137C_mRNA	1143	844	100	9.75181
YER139C_mRNA	681	382	54	11.6348
YLR465C_mRNA	309	13.0646	0	0
YDR224C_mRNA	396	97	3323	2819.59
YOR360C_mRNA	1581	1282	380	24.3963
YNL155W_mRNA	825	526	527	82.4618
YPL234C_mRNA	495	196	1042	437.562
YCL005W_mRNA	771	472	361	62.9496
YMR277W_mRNA	2199	1900	681	29.5
YJR064W_mRNA	1689	1390	2082	123.28
YOL128C_mRNA	1128	829	56	5.55983
YGL064C_mRNA	1686	1387	150	8.90108
YPL151C_mRNA	1356	1057	413	32.159
YPL236C_mRNA	1095	796	187	19.3355
YHR095W_mRNA	495	196	0	0
YNL233W_mRNA	2679	2380	323	11.17
YOR102W_mRNA	351	52	58.846	93.1412
YBR251W_mRNA	924	625	306	40.2967
YIL176C_mRNA	363	64	0	0
YHR046C_mRNA	888	589	231	32.2793
YPL067C_mRNA	597	298	165	45.5717
YCL045C_mRNA	2283	1984	1788	74.1743
YOL045W_mRNA	3306	3007	744.566	20.3797
YDR418W_mRNA	498	199	4233.34	1750.89
YMR215W_mRNA	1575	1276	1129	72.8234
YJL088W_mRNA	1017	718	14	1.60484
YHR101C_mRNA	1008	709	137	15.9038
YER164W_mRNA	4407	4108	872	17.4708
YDR225W_mRNA	399	100	3004.63	2472.97
YOR020W-A_mRNA	273	3.62112	0	0
YDL002C_mRNA	612	313	206	54.169
YKR012C_mRNA	378	79	38	39.5899
YJL153C_mRNA	1602	1303	96	6.06394
YHL020C_mRNA	1215	916	800	71.8824
YJL145W_mRNA	885	586	446	62.6419
YGR034W_mRNA	384	85	3929.95	3805.37
YBR240C_mRNA	1353	1054	51	3.98252
YNL324W_mRNA	396	97	2.71538	2.30402
YOR283W_mRNA	693	394	397	82.932
YGR009C_mRNA	1956	1657	856	42.5186
YOR234C_mRNA	324	25.1994	803	2622.73
YPL227C_mRNA	1005	706	423	49.3132
YGL035C_mRNA	1515	1216	1173	79.3948
YLR001C_mRNA	2589	2290	312	11.2136
YLR285C-A_mRNA	171	1.37341	0	0
YLL047W_mRNA	384	85	1	0.968298
YGL154C_mRNA	819	520	178	28.1737
YHR215W_mRNA	1404	1105	2942.67	219.183
YDR434W_mRNA	1605	1306	610	38.4428
YJR121W_mRNA	1536	1237	3297	219.37
YLL029W_mRNA	2250	1951	1399	59.0185
YDR014W-A_mRNA	489	190	2	0.866372
YMR274C_mRNA	948	649	179	22.7005
YGL063W_mRNA	1113	814	211	21.3347
YMR084W_mRNA	789	490	24	4.03128
YLR154W-B_mRNA	165	1.34444	0	0
YNL092W_mRNA	1203	904	71	6.46424
YNR023W_mRNA	1701	1402	293	17.2008
YGR023W_mRNA	1656	1357	647.416	39.2674
YIL035C_mRNA	1119	820	653	65.5431
YNL004W_mRNA	1365	1066	991	76.5146
YLR303W_mRNA	1335	1036	0	0
YPL002C_mRNA	702	403	130	26.5501
YOR384W_mRNA	2085	1786	485	22.3505
YAL056W_mRNA	2643	2344	1029	36.1315
YMR317W_mRNA	3423	3124	401	10.5648
YML054C_mRNA	1776	1477	130	7.2442
YPR159W_mRNA	2163	1864	1893	83.5858
YHR133C_mRNA	876	577	767	109.408
YLR313C_mRNA	1593	1294	83	5.27924
YGL254W_mRNA	900	601	142	19.4465
YBL092W_mRNA	393	94	7701	6742.91
YPL070W_mRNA	1839	1540	652	34.8461
YNL218W_mRNA	1764	1465	211	11.8542
YMR024W_mRNA	1173	874	430	40.4935
YDR153C_mRNA	1236	937	646	56.7441
YDL184C_mRNA	78	1.12084	0	0
YOR010C_mRNA	756	457	132.065	23.7848
YDL154W_mRNA	2706	2407	112	3.82974
YBR062C_mRNA	543	244	179	60.3797
YBL014C_mRNA	2685	2386	237	8.17534
YNL250W_mRNA	3939	3640	290	6.55729
YDR431W_mRNA	312	15.0416	0	0
YNL314W_mRNA	768	469	147	25.7972
YNL227C_mRNA	1773	1474	257.746	14.392
YER054C_mRNA	1647	1348	169	10.3187
YBR099C_mRNA	384	85	12.8115	12.4053
YNR025C_mRNA	360	61	30	40.478
YAL001C_mRNA	3483	3184	383	9.90042
YJL012C_mRNA	2166	1867	2814	124.053
YGR286C_mRNA	1128	829	681	67.6115
YGL159W_mRNA	1113	814	236	23.8625
YGR153W_mRNA	654	355	52	12.056
YKR019C_mRNA	1848	1549	269	14.2932
YNL290W_mRNA	1023	724	620	70.4825
YJL107C_mRNA	1164	865	165	15.6999
YDR245W_mRNA	1182	883	1165	108.591
YOR315W_mRNA	1041	742	194	21.5192
YMR255W_mRNA	567	268	309	94.8968
YKL209C_mRNA	3873	3574	1266	29.1546
YBL047C_mRNA	4146	3847	2542	54.3853
YNL189W_mRNA	1629	1330	1226	75.8694
YER033C_mRNA	3231	2932	272	7.63542
YGR136W_mRNA	726	427	964	185.813
YFL022C_mRNA	1512	1213	2003	135.909
YDR183W_mRNA	693	394	125	26.1121
YMR119W_mRNA	1875	1576	682	35.6169
YBR145W_mRNA	1056	757	732	79.5872
YMR227C_mRNA	1773	1474	367	20.4926
YER120W_mRNA	735	436	1323	249.748
YJL043W_mRNA	774	475	19	3.29221
YOL158C_mRNA	1821	1522	1776	96.0409
YGL197W_mRNA	4464	4165	887	17.5282
YHR150W_mRNA	1740	1441	197	11.252
YPL040C_mRNA	3009	2710	328	9.96168
YPL185W_mRNA	396	97	19	16.1217
YDR003W-A_mRNA	123	1.20308	0	0
YHR070W_mRNA	1500	1201	392	26.864
YBR248C_mRNA	1659	1360	707	42.7867
YBR190W_mRNA	312	15.0416	0	0
YNL118C_mRNA	2913	2614	1177	37.0594
YCL036W_mRNA	1701	1402	111	6.51633
YGR196C_mRNA	2454	2155	518	19.7838
YLR060W_mRNA	1788	1489	2977	164.555
YJR147W_mRNA	1077	778	409	43.2685
YDR394W_mRNA	1287	988	2043	170.192
YCR051W_mRNA	669	370	1182	262.932
YHL003C_mRNA	1236	937	779	68.4267
YOR361C_mRNA	2292	1993	2624	108.364
YPR168W_mRNA	474	175	54	25.3971
YDR320C-A_mRNA	219	1.77302	0	0
YGL006W-A_mRNA	111	1.17619	0	0
YLR185W_mRNA	267	3.19127	0	0
YPL181W_mRNA	1521	1222	912	61.4259
YOL160W_mRNA	342	43.0005	2	3.82811
YER093C-A_mRNA	414	115	46	32.9221
YJL095W_mRNA	4437	4138	471	9.36825
YKL088W_mRNA	1716	1417	661	38.3937
YDL021W_mRNA	936	637	81	10.4658
YDR023W_mRNA	1389	1090	3417	258.016
YHL027W_mRNA	1878	1579	1129	58.8491
YOL085W-A_mRNA	213	1.69834	0	0
YBR200W_mRNA	1656	1357	395	23.9577
YPR003C_mRNA	2265	1966	430	18.0017
YCR014C_mRNA	1749	1450	149	8.45758
YJR018W_mRNA	363	64	68	87.4494
YBR105C_mRNA	1089	790	624	65.0108
YDR086C_mRNA	243	2.22021	0	0
YPL041C_mRNA	624	325	77	19.5
YKL181W_mRNA	1284	985	2699	225.525
YDR521W_mRNA	336	37.0051	2	4.44833
YDR426C_mRNA	378	79	30.9778	32.2739
YGR150C_mRNA	2595	2296	436	15.6294
YGR164W_mRNA	336	37.0051	8	17.7933
YMR299C_mRNA	939	640	177	22.7626
YBL025W_mRNA	438	139	36	21.3165
YGL199C_mRNA	471	172	122.931	58.825
YGL078C_mRNA	1572	1273	1526	98.6629
YLR302C_mRNA	363	64	0	0
YDL113C_mRNA	1923	1624	471	23.8706
YLR467W_mRNA	5391	5092	841.95	13.609
YKL183W_mRNA	921	622	434	57.4285
YKL220C_mRNA	2136	1837	187	8.37839
YML022W_mRNA	564	265	838	260.271
YDR165W_mRNA	1335	1036	534	42.4238
YGL140C_mRNA	3660	3361	685	16.7745
YDR417C_mRNA	372	73	1724.76	1944.62
YML128C_mRNA	1542	1243	1043	69.0623
YKL049C_mRNA	690	391	163	34.3114
YGR226C_mRNA	210	1.66472	0	0
YHR022C_mRNA	771	472	62	10.8113
YNL127W_mRNA	2862	2563	338	10.8542
YLR415C_mRNA	339	40.0016	2	4.1151
YER007C-A_mRNA	546	247	553	184.271
YKL047W_mRNA	1551	1252	268	17.6181
YDR389W_mRNA	1965	1666	524	25.8871
YOR325W_mRNA	474	175	2.15842	1.01514
YOR007C_mRNA	1041	742	2696	299.05
YBR215W_mRNA	1878	1579	384	20.016
YDR187C_mRNA	519	220	278.532	104.203
YNR073C_mRNA	1509	1210	67.3684	4.58246
YDR173C_mRNA	1068	769	189	20.2285
YOL016C_mRNA	1344	1045	2392	188.396
YBR003W_mRNA	1422	1123	602	44.1209
YBL046W_mRNA	1326	1027	545	43.6771
YIL115C_mRNA	4383	4084	1080.64	21.7782
YMR189W_mRNA	3105	2806	251	7.36231
YDR409W_mRNA	2715	2416	436	14.8531
YMR094W_mRNA	1437	1138	46	3.32693
YPL211W_mRNA	546	247	565	188.269
YMR040W_mRNA	483	184	21	9.39354
YHL045W_mRNA	348	49	1	1.6797
YBR168W_mRNA	1242	943	157	13.703
YER103W_mRNA	1929	1630	392	19.7937
YDR268W_mRNA	1140	841	161	15.7564
YMR285C_mRNA	1548	1249	437	28.797
YBR239C_mRNA	1590	1291	255	16.2571
YGR261C_mRNA	2430	2131	701	27.0746
YGL207W_mRNA	3108	2809	1549	45.3866
YDR403W_mRNA	1611	1312	45	2.82297
YGL080W_mRNA	393	94	172	150.601
YLR219W_mRNA	2187	1888	875	38.1447
YJR025C_mRNA	534	235	194	67.9457
YLR177W_mRNA	1887	1588	1948	100.964
YDR473C_mRNA	1410	1111	233	17.2612
YEL064C_mRNA	1443	1144	158	11.3673
YHR080C_mRNA	4038	3739	504	11.0944
YPL057C_mRNA	1149	850	1339	129.655
YNL163C_mRNA	3333	3034	751	20.3729
YML028W_mRNA	591	292	9609	2708.46
YOR035C_mRNA	2370	2071	618	24.5604
YLL058W_mRNA	1728	1429	314	18.0853
YNR049C_mRNA	633	334	210	51.7488
YMR133W_mRNA	1287	988	64	5.33152
YFR005C_mRNA	1347	1048	334	26.2309
YML098W_mRNA	504	205	179	71.8666
YHR092C_mRNA	1731	1432	8457.78	486.117
YGR285C_mRNA	1302	1003	5427	445.335
YLR401C_mRNA	2007	1708	610	29.3948
YHR180W-A_mRNA	183	1.44122	0	0
YDR378C_mRNA	261	2.86036	0	0
YBR098W_mRNA	2076	1777	171.189	7.92894
YGL052W_mRNA	306	11.3524	7	50.7504
YOL082W_mRNA	1248	949	465	40.3287
YGR077C_mRNA	1770	1471	384	21.4855
YOL164W-A_mRNA	183	1.44122	0	0
YLR259C_mRNA	1719	1420	4050	234.744
YCL009C_mRNA	930	631	1894	247.046
YJR133W_mRNA	630	331	220	54.7044
YDR133C_mRNA	336	37.0051	883	1963.94
YPR195C_mRNA	330	31.038	6	15.9106
YNL299W_mRNA	1929	1630	172	8.68498
YBL087C_mRNA	414	115	3240.82	2319.45
YMR208W_mRNA	1332	1033	657	52.3471
YAL011W_mRNA	1878	1579	333	17.3576
YKL179C_mRNA	2040	1741	671	31.7213
YEL002C_mRNA	1293	994	1335	110.541
YDR515W_mRNA	1344	1045	195	15.3584
YMR020W_mRNA	1527	1228	413	27.6809
YMR014W_mRNA	1560	1261	689	44.9709
YGR223C_mRNA	1347	1048	515	40.4458
YPR083W_mRNA	1740	1441	150	8.56752
YGL086W_mRNA	2250	1951	577	24.3414
YPL001W_mRNA	1125	826	144	14.3486
YMR326C_mRNA	309	13.0646	0	0
YGL173C_mRNA	4587	4288	2277	43.7055
YLR286W-A_mRNA	135	1.23488	0	0
YJL184W_mRNA	372	73	107	120.639
YPR193C_mRNA	471	172	11	5.26371
YER078W-A_mRNA	165	1.34444	0	0
YOR272W_mRNA	1383	1084	643	48.8213
YNL251C_mRNA	1728	1429	1152	66.3511
YPL044C_mRNA	549	250	14.3287	4.71731
YDL107W_mRNA	1056	757	155	16.8525
YDL201W_mRNA	861	562	417	61.07
YOL013C_mRNA	1656	1357	666	40.3945
YBR077C_mRNA	489	190	155	67.1438
YER007W_mRNA	1557	1258	83	5.43032
YNL143C_mRNA	393	94	4	3.50235
YDR396W_mRNA	501	202	150.449	61.3006
YOR026W_mRNA	1026	727	191	21.6235
YIL042C_mRNA	1185	886	411	38.18
YGR001C_mRNA	747	448	339	62.2801
YMR213W_mRNA	1773	1474	361	20.1575
YMR192W_mRNA	2163	1864	448	19.7815
YGL217C_mRNA	342	43.0005	2	3.82811
YAR030C_mRNA	342	43.0005	7	13.3984
YDR258C_mRNA	2436	2137	880	33.8927
YAR047C_mRNA	321	22.4012	1	3.67414
YAL022C_mRNA	1554	1255	724	47.4813
YBR224W_mRNA	516	217	4	1.51715
YOR359W_mRNA	1572	1273	284	18.3619
YDR176W_mRNA	2109	1810	774	35.1958
YDL099W_mRNA	1026	727	788	89.2113
YDR380W_mRNA	1908	1609	308	15.7552
YDL110C_mRNA	453	154	524	280.052
YOR250C_mRNA	1338	1039	258	20.4377
YFL019C_mRNA	354	55	2	2.99292
Q0055_mRNA	2565	2266	5.43524	0.197418
YDR148C_mRNA	1392	1093	813	61.2207
YDL220C_mRNA	2775	2476	199.218	6.62225
YFL008W_mRNA	3678	3379	371	9.03678
YBL084C_mRNA	2277	1978	310.128	12.9046
YNL312W_mRNA	822	523	475	74.7515
YGR105W_mRNA	234	2.01696	0	0
YMR177W_mRNA	1533	1234	358	23.8779
YLR090W_mRNA	1380	1081	487	37.0793
YPL279C_mRNA	1128	829	83.5172	8.29181
YOL012C_mRNA	405	106	268	208.093
YJL118W_mRNA	660	361	122	27.8151
YNL124W_mRNA	1479	1180	352	24.5521
YIL124W_mRNA	894	595	1042	144.138
YOL026C_mRNA	342	43.0005	148	283.28
YPL022W_mRNA	3303	3004	675	18.494
YLR173W_mRNA	1827	1528	355	19.122
YOR100C_mRNA	984	685	28	3.3643
YKL099C_mRNA	753	454	286	51.8487
YGL214W_mRNA	486	187	92.0337	40.5073
YNL021W_mRNA	2121	1822	458	20.6893
YGL137W_mRNA	2670	2371	1802	62.5534
YPL258C_mRNA	1656	1357	119	7.21764
YOR375C_mRNA	1365	1066	3995	308.452
YHR147C_mRNA	645	346	282	67.0812
YJR072C_mRNA	1158	859	1184	113.445
YIL100C-A_mRNA	339	40.0016	1	2.05755
YGL095C_mRNA	1734	1435	512	29.3661
YIL129C_mRNA	7131	6832	880	10.6014
YGL009C_mRNA	2340	2041	3147	126.906
YFL021W_mRNA	1533	1234	296.15	19.7526
YLR129W_mRNA	2832	2533	763	24.7923
YIL040W_mRNA	417	118	196	136.711
YMR294W-A_mRNA	360	61	301	406.129
Q0143_mRNA	153	1.29441	0	0
YNR043W_mRNA	1191	892	1024	94.485
YJR006W_mRNA	1464	1165	470	33.2047
YAL039C_mRNA	810	511	956	153.98
YDR504C_mRNA	384	85	12	11.6196
YFL033C_mRNA	5313	5014	800.131	13.1342
YIR008C_mRNA	1230	931	261	23.0738
YHR006W_mRNA	1626	1327	701	43.4785
YMR008C_mRNA	1995	1696	1283.46	62.2851
YBR058C_mRNA	2346	2047	646	25.9742
YDR386W_mRNA	1899	1600	193	9.92808
YPL019C_mRNA	2508	2209	3056	113.864
YHR108W_mRNA	1758	1459	1539	86.8183
YKL182W_mRNA	6156	5857	7418	104.241
YBL068W-A_mRNA	237	2.07881	0	0
YHR070C-A_mRNA	411	112	77	56.5849
YHR001W-A_mRNA	234	2.01696	0	0
YLL014W_mRNA	327	28.091	161	471.723
YKR035W-A_mRNA	615	316	1.82142e-05	4.74406e-06
YIL079C_mRNA	1083	784	199	20.8913
YPL142C_mRNA	318	19.7438	726.296	3027.69
YDR208W_mRNA	2340	2041	588	23.7117
YIL143C_mRNA	2532	2233	733	27.0174
YDR324C_mRNA	2331	2032	512	20.7383
YDL170W_mRNA	1587	1288	215	13.7389
YDR317W_mRNA	1245	946	104	9.04836
YOL155C_mRNA	2904	2605	2185.89	69.0633
YDR436W_mRNA	2133	1834	520	23.3363
YLR163C_mRNA	1389	1090	483	36.4711
YBR253W_mRNA	366	67	110	135.128
YPL180W_mRNA	2400	2101	387	15.1605
YHR189W_mRNA	573	274	72	21.6277
YNL065W_mRNA	1761	1462	307	17.283
YNL178W_mRNA	723	424	13086	2540.21
YGL073W_mRNA	2502	2203	996	37.2111
YER006W_mRNA	1563	1264	1375	89.5331
YLL020C_mRNA	306	11.3524	2	14.5001
YIL127C_mRNA	621	322	326	83.3277
YKL111C_mRNA	336	37.0051	27.7633	61.7502
YML063W_mRNA	768	469	10406.4	1826.23
YKL187C_mRNA	2253	1954	239	10.067
YMR168C_mRNA	1827	1528	200	10.7729
YIR037W_mRNA	492	193	494	210.667
YPR061C_mRNA	906	607	157	21.2882
YLR119W_mRNA	642	343	94	22.556
YBL018C_mRNA	402	103	97	77.5108
YDL111C_mRNA	798	499	420	69.275
YKL006W_mRNA	417	118	5115.83	3568.31
YHR090C_mRNA	849	550	131	19.6036
YBR038W_mRNA	2892	2593	492	15.6167
YEL033W_mRNA	420	121	120	81.6251
YHL015W_mRNA	366	67	6544	8038.9
YDL227C_mRNA	1761	1462	139	7.8252
YOL027C_mRNA	1722	1423	780	45.1146
Q0105_mRNA	1158	859	1	0.0958153
YHR015W_mRNA	1980	1681	13	0.636507
YMR148W_mRNA	447	148	84	46.7138
YJL077C_mRNA	396	97	48	40.7284
YPR178W_mRNA	1398	1099	340.73	25.5177
YLL061W_mRNA	1752	1453	300	16.9935
YHR132W-A_mRNA	396	97	184	156.126
YPL282C_mRNA	495	196	5.0702	2.1291
YBL015W_mRNA	1581	1282	488	31.3299
YHR207C_mRNA	1581	1282	297	19.0676
YOR386W_mRNA	1698	1399	277	16.2963
YIL137C_mRNA	2841	2542	801	25.9349
YFL012W_mRNA	447	148	6	3.3367
YBR008C_mRNA	1647	1348	330	20.1489
YGR205W_mRNA	873	574	321	46.0279
YPR001W_mRNA	1461	1162	105	7.43723
YML058W_mRNA	315	17.2766	242	1152.88
YML104C_mRNA	3384	3085	318	8.48398
YKL069W_mRNA	543	244	106	35.7556
YPL026C_mRNA	1509	1210	561	38.1597
YGR218W_mRNA	3255	2956	1693	47.139
YBL066C_mRNA	3447	3148	267	6.98079
YPR164W_mRNA	4224	3925	345	7.23448
YLR363W-A_mRNA	258	2.72269	0	0
YNL133C_mRNA	522	223	47	17.3469
YDL124W_mRNA	939	640	1635	210.264
YNR032C-A_mRNA	222	1.81459	0	0
YGR108W_mRNA	1416	1117	470	34.6316
YHR109W_mRNA	1758	1459	104	5.86686
YPR153W_mRNA	423	124	14	9.29254
YCR095W-A_mRNA	159	1.31822	0	0
YNL223W_mRNA	1485	1186	270	18.7373
YKL005C_mRNA	1785	1486	508	28.1367
YKR011C_mRNA	1062	763	365	39.3728
YFR002W_mRNA	2520	2221	695	25.7552
YML092C_mRNA	753	454	908	164.611
YDL026W_mRNA	312	15.0416	2	10.9437
YER057C_mRNA	390	91	503	454.94
YHR117W_mRNA	1920	1621	552	28.0275
YLR196W_mRNA	1731	1432	1547	88.915
YIL014W_mRNA	1893	1594	573	29.5865
YKL134C_mRNA	2319	2020	227	9.24916
YLR125W_mRNA	411	112	19	13.9625
YBR231C_mRNA	912	613	258	34.6407
YGR115C_mRNA	780	481	28.8006	4.92816
YGL008C_mRNA	2757	2458	23878.9	799.576
YPL129W_mRNA	735	436	643	121.381
YER038W-A_mRNA	381	82	9.52004	9.55549
YLR046C_mRNA	813	514	114	18.2545
YFR045W_mRNA	930	631	238	31.0438
YBL112C_mRNA	318	19.7438	3.91231	16.3091
YDL068W_mRNA	330	31.038	2.3381	6.20008
YGR175C_mRNA	1491	1192	2830	195.406
YNR016C_mRNA	6702	6403	5386	69.2326
YGR045C_mRNA	363	64	0	0
YGL226C-A_mRNA	261	2.86036	0	0
YLR113W_mRNA	1308	1009	2454	200.176
YBL013W_mRNA	1206	907	45	4.08351
YMR106C_mRNA	1890	1591	145	7.50111
YLR460C_mRNA	1131	832	77.1078	7.62786
YDL100C_mRNA	1065	766	1809	194.374
YMR272C_mRNA	1155	856	1695	162.976
YGR094W_mRNA	3315	3016	5731	156.396
YBR163W_mRNA	1758	1459	417	23.5239
YPR147C_mRNA	915	616	295	39.4157
YOL059W_mRNA	1323	1024	2020	162.36
YFR024C-A_mRNA	1380	1081	1176	89.5384
YBL004W_mRNA	7482	7183	1369	15.6865
YMR307C-A_mRNA	195	1.5258	0	0
YKL174C_mRNA	1857	1558	482	25.4629
YLR324W_mRNA	1572	1273	481	31.0989
YLR347C_mRNA	2586	2287	775	27.891
YDL216C_mRNA	1323	1024	208	16.7183
YJR086W_mRNA	333	34.0145	75	181.478
YMR159C_mRNA	453	154	24	12.8268
YGR067C_mRNA	2415	2116	68	2.64497
YLR436C_mRNA	3825	3526	1062	24.7896
YKL163W_mRNA	978	679	208.727	25.3009
YMR216C_mRNA	2229	1930	742	31.6428
YHR075C_mRNA	1203	904	125	11.3807
YFR036W-A_mRNA	651	352	345.85	80.8673
YBR118W_mRNA	1377	1078	97070.2	7411.31
YLR430W_mRNA	6696	6397	1125	14.4745
YBR159W_mRNA	1044	745	1225	135.334
YLR336C_mRNA	2700	2401	281	9.63257
YPL098C_mRNA	342	43.0005	108	206.718
YOR378W_mRNA	1548	1249	74.6728	4.92071
YLR407W_mRNA	687	388	87	18.4551
YOR220W_mRNA	798	499	668	110.18
YJR095W_mRNA	969	670	8	0.98275
YLR317W_mRNA	435	136	23.7074	14.3474
YLL003W_mRNA	2841	2542	313	10.1344
YPL231W_mRNA	5664	5365	10843	166.344
YDR296W_mRNA	681	382	487	104.929
YMR158C-A_mRNA	138	1.24372	0	0
YPR025C_mRNA	1182	883	291	27.1244
YLR004C_mRNA	1572	1273	97	6.2715
YOR300W_mRNA	309	13.0646	6	37.7992
YIL031W_mRNA	3105	2806	567	16.6312
YPR167C_mRNA	786	487	138	23.3227
YKR063C_mRNA	1509	1210	218	14.8286
YGL076C_mRNA	735	436	14818.8	2797.41
YHR190W_mRNA	1335	1036	2620	208.147
YKL154W_mRNA	735	436	314	59.2749
YLR184W_mRNA	348	49	1	1.6797
YLR319C_mRNA	2367	2068	350	13.9298
YER122C_mRNA	1482	1183	1608	111.874
YPR166C_mRNA	348	49	68	114.22
YLR104W_mRNA	396	97	114	96.73
YOL114C_mRNA	609	310	56	14.8681
YLR377C_mRNA	1047	748	63	6.93213
YGL013C_mRNA	3207	2908	421	11.9156
YDR514C_mRNA	1452	1153	288	20.5585
YER125W_mRNA	2430	2131	1542	59.5564
YLR457C_mRNA	960	661	96.7379	12.0455
YDR254W_mRNA	1377	1078	211	16.1099
YLR039C_mRNA	3171	2872	422	12.0936
YLL066W-A_mRNA	483	184	0	0
YHR185C_mRNA	714	415	2	0.396652
YLR337C_mRNA	2454	2155	1171.84	44.7557
YJL181W_mRNA	1836	1537	232	12.4234
YOR104W_mRNA	849	550	281.765	42.165
YER020W_mRNA	1350	1051	1172	91.781
YOR309C_mRNA	381	82	150	150.559
YNL123W_mRNA	2994	2695	925	28.2495
YMR004W_mRNA	1536	1237	424	28.2114
YJR082C_mRNA	342	43.0005	37	70.8201
YJL019W_mRNA	2049	1750	244	11.4757
YDR477W_mRNA	1902	1603	1042	53.501
YLL043W_mRNA	2010	1711	1599	76.9177
YKL213C_mRNA	2148	1849	919	40.9078
YIL140W_mRNA	2472	2173	487	18.4458
YCR043C_mRNA	384	85	120	116.196
YPL089C_mRNA	2031	1732	1322	62.822
YBL103C_mRNA	1461	1162	371	26.2782
YLR193C_mRNA	528	229	131	47.083
YDL204W_mRNA	1182	883	291	27.1244
YDR019C_mRNA	1203	904	308	28.0421
YHR011W_mRNA	1341	1042	174	13.7439
YML008C_mRNA	1152	853	3031	292.459
YHR096C_mRNA	1779	1480	297.176	16.5264
YMR109W_mRNA	3660	3361	1481	36.2672
YOR043W_mRNA	1461	1162	1125	79.6846
YOR331C_mRNA	558	259	885.328	281.341
YLR082C_mRNA	1179	880	171	15.9934
YNL272C_mRNA	2280	1981	580	24.0975
YNL245C_mRNA	540	241	128	43.714
YNR074C_mRNA	1137	838	258	25.3398
YDR038C_mRNA	3276	2977	521.926	14.4297
YOL043C_mRNA	1143	844	226	22.0391
YMR011W_mRNA	1626	1327	25235.7	1565.21
YDR408C_mRNA	645	346	651	154.858
YNR034W_mRNA	966	667	369	45.5332
YNR033W_mRNA	2364	2065	751	29.9328
YNL201C_mRNA	2577	2278	336	12.1399
YJR065C_mRNA	1350	1051	1708	133.756
YBR281C_mRNA	2637	2338	416	14.6446
YJL032W_mRNA	315	17.2766	3	14.2919
YAR002W_mRNA	1620	1321	669	41.6823
YMR204C_mRNA	1263	964	154	13.1484
YIL030C_mRNA	3960	3661	1416	31.834
YPL149W_mRNA	885	586	291	40.8718
YHR124W_mRNA	1884	1585	167	8.67192
YER107C_mRNA	1098	799	670	69.017
YGR112W_mRNA	1170	871	233	22.0174
YPR084W_mRNA	1371	1072	298	22.8796
YOL049W_mRNA	1476	1177	938	65.5925
YLR333C_mRNA	327	28.091	1162	3404.61
YKL113C_mRNA	1149	850	328	31.7602
YLL053C_mRNA	459	160	79	40.6382
YBR174C_mRNA	315	17.2766	1	4.76397
YAR029W_mRNA	225	1.85938	0	0
YFL054C_mRNA	1941	1642	294	14.7368
YNR021W_mRNA	1215	916	1237	111.148
YHL034C_mRNA	885	586	2545.35	357.501
YIL022W_mRNA	1296	997	1135	93.6976
YDR485C_mRNA	2388	2089	522	20.5665
YIL074C_mRNA	1410	1111	1109.22	82.1737
YGR096W_mRNA	945	646	157	20.003
YBR086C_mRNA	2841	2542	2249	72.8185
YLR202C_mRNA	327	28.091	11	32.2295
YBR057C_mRNA	1101	802	542	55.6228
YGR103W_mRNA	1818	1519	2522	136.652
YJR096W_mRNA	849	550	406	60.7563
YCL041C_mRNA	495	196	31	13.0177
YLR169W_mRNA	354	55	52	77.8159
YGL230C_mRNA	444	145	9	5.10861
YOL064C_mRNA	1074	775	655	69.5613
YBR126C_mRNA	1488	1189	5484	379.615
YNL211C_mRNA	261	2.86036	0	0
YBR092C_mRNA	1404	1105	1843.51	137.313
YLR445W_mRNA	567	268	1	0.307109
YOR191W_mRNA	4860	4561	672	12.1265
YNL228W_mRNA	777	478	156.254	26.9049
YHR198C_mRNA	966	667	230	28.3811
YHR021C_mRNA	249	2.39087	0	0
YPR007C_mRNA	2043	1744	18	0.849481
YAR019C_mRNA	2925	2626	300	9.40274
YLR146C_mRNA	903	604	382	52.054
YDR029W_mRNA	315	17.2766	6	28.5838
YBR233W-A_mRNA	285	4.97562	8	132.334
YER152C_mRNA	1332	1033	755.652	60.2074
YML034C-A_mRNA	399	100	17	13.9919
YJR007W_mRNA	915	616	1124	150.18
YER118C_mRNA	1104	805	504	51.5303
YKL189W_mRNA	1200	901	271	24.7555
YLR213C_mRNA	1269	970	134	11.37
YER082C_mRNA	1665	1366	548	33.0185
YPL063W_mRNA	1431	1132	1245	90.5213
YFL051C_mRNA	483	184	40	17.8925
YDR008C_mRNA	351	52	44	69.6429
YCR097W_mRNA	381	82	93	93.3463
YKL225W_mRNA	348	49	0	0
YDL248W_mRNA	1152	853	199.426	19.2424
YPR142C_mRNA	564	265	213.194	66.215
YDL057W_mRNA	987	688	100	11.963
YPR123C_mRNA	435	136	477.463	288.954
YMR236W_mRNA	474	175	443	208.35
YIR031C_mRNA	1665	1366	201	12.1108
YDR046C_mRNA	1815	1516	1984	107.714
YDR025W_mRNA	471	172	6193.89	2963.89
YER061C_mRNA	1329	1030	252	20.1368
YDR040C_mRNA	3276	2977	1216.23	33.6252
YMR207C_mRNA	6372	6073	403	5.46172
YJL127W-A_mRNA	117	1.18908	0	0
YDR322W_mRNA	1104	805	367	37.523
YPR170C_mRNA	336	37.0051	12	26.69
YHL014C_mRNA	1218	919	257	23.0168
YOR211C_mRNA	2646	2347	496	17.3939
YNL146W_mRNA	303	9.89396	2	16.6375
YMR324C_mRNA	243	2.22021	0	0
YBR131W_mRNA	2115	1816	135	6.11851
YDR123C_mRNA	915	616	137	18.3049
YMR141C_mRNA	309	13.0646	7	44.0991
YJL016W_mRNA	1686	1387	557	33.0527
YJL077W-B_mRNA	99	1.15329	0	0
YML123C_mRNA	1764	1465	5762	323.716
YML099C_mRNA	2643	2344	468	16.433
YER166W_mRNA	4716	4417	1106	20.6089
YDR160W_mRNA	2559	2260	436	15.8784
YAL016C-B_mRNA	186	1.46059	0	0
YDL230W_mRNA	1008	709	366	42.4877
YLR114C_mRNA	2295	1996	1016	41.8949
YDR001C_mRNA	2256	1957	1629	68.5107
YDR116C_mRNA	858	559	430	63.3118
YOR370C_mRNA	1812	1513	1621	88.1804
YML112W_mRNA	891	592	182	25.3033
YKR083C_mRNA	402	103	50	39.954
YBL059W_mRNA	582	283	79	22.9757
YNL188W_mRNA	1302	1003	268	21.9918
YJL089W_mRNA	2490	2191	10	0.375652
YFR047C_mRNA	888	589	568	79.3708
YDR196C_mRNA	726	427	423	81.5343
YGR101W_mRNA	1041	742	327	36.272
YDR331W_mRNA	1236	937	382	33.5546
YMR312W_mRNA	822	523	251	39.5003
YBR043C_mRNA	2070	1771	475	22.0751
YDR385W_mRNA	2529	2230	23430.8	864.789
YOR317W_mRNA	2103	1804	1552	70.8081
YJR158W_mRNA	1704	1405	1.43017e-06	8.37796e-08
YOR239W_mRNA	1887	1588	1493	77.3815
YOL091W_mRNA	1830	1531	34	1.82781
YDL089W_mRNA	1455	1156	244	17.3724
YHR151C_mRNA	1581	1282	240	15.4082
YIR003W_mRNA	2040	1741	822	38.8598
YAR050W_mRNA	4614	4315	205.45	3.91881
YKR100C_mRNA	1068	769	503	53.8356
YCR017C_mRNA	2862	2563	2076	66.6663
YLL066W-B_mRNA	171	1.37341	0	0
YHR166C_mRNA	1881	1582	188	9.78091
YBR264C_mRNA	600	301	250	68.3599
YDR363W-A_mRNA	270	3.39154	0	0
YDL221W_mRNA	552	253	29.782	9.6886
YJR139C_mRNA	1080	781	2108	222.151
YHR138C_mRNA	345	46.0001	121	216.498
YBL028C_mRNA	321	22.4012	60	220.449
YEL011W_mRNA	2115	1816	3232	146.482
YBR135W_mRNA	453	154	162	86.5809
YOL142W_mRNA	723	424	346	67.1642
YGL151W_mRNA	3399	3100	726	19.2754
YFR022W_mRNA	2202	1903	297	12.8453
YER179W_mRNA	1005	706	128	14.9222
YPR191W_mRNA	1107	808	750	76.3973
YGL024W_mRNA	336	37.0051	7	15.5691
YBR171W_mRNA	621	322	388	99.1753
YDL146W_mRNA	1476	1177	441	30.8383
YLR289W_mRNA	1938	1639	136	6.82948
YDR163W_mRNA	528	229	134	48.1612
YGL184C_mRNA	1398	1099	32	2.39652
YLL026W_mRNA	2727	2428	5823	197.39
YIL039W_mRNA	1422	1123	820	60.0983
YGL055W_mRNA	1533	1234	10169	678.252
YGL226W_mRNA	372	73	73	82.3053
YOR107W_mRNA	930	631	165	21.522
YOL127W_mRNA	429	130	7572	4793.97
YNL261W_mRNA	1440	1141	318	22.9387
YML100W_mRNA	3297	2998	2932	80.4934
YGL058W_mRNA	519	220	206	77.0677
YPL187W_mRNA	498	199	1	0.413595
YGR137W_mRNA	375	76	215	232.837
YNR042W_mRNA	429	130	32.2652	20.4277
YBR146W_mRNA	837	538	530	81.0814
YNR006W_mRNA	1869	1570	850.723	44.5981
YNL054W_mRNA	3498	3199	505	12.9929
YJL052W_mRNA	999	700	3408.5	400.768
YGR198W_mRNA	2454	2155	765	29.2174
YOR265W_mRNA	321	22.4012	74	271.887
YOR057W_mRNA	1188	889	245	22.6826
YOL025W_mRNA	1983	1684	216	10.557
YML012W_mRNA	636	337	1502	366.833
YMR036C_mRNA	1665	1366	185	11.1468
YLR370C_mRNA	537	238	440	152.161
YLR152C_mRNA	1731	1432	439	25.2319
YLR111W_mRNA	333	34.0145	2	4.83942
YHL009C_mRNA	993	694	175	20.7542
YLR012C_mRNA	300	8.66635	1	9.49711
YGR010W_mRNA	1188	889	323	29.904
YGL186C_mRNA	1740	1441	779	44.494
YCL001W-B_mRNA	255	2.5999	0	0
YGL117W_mRNA	798	499	218	35.957
YIL084C_mRNA	984	685	168	20.1858
YOR008W-B_mRNA	102	1.15868	0	0
YJR094W-A_mRNA	279	4.19342	0	0
YGL200C_mRNA	612	313	1678	441.241
YDR201W_mRNA	498	199	100	41.3595
YGR262C_mRNA	786	487	364	61.5177
YLR227C_mRNA	1482	1183	192	13.3581
YER089C_mRNA	1395	1096	1185	88.9889
YCR064C_mRNA	411	112	7	5.14408
YOR124C_mRNA	3819	3520	879	20.5529
YPL152W-A_mRNA	99	1.15329	0	0
YML122C_mRNA	381	82	1	1.00372
YFR011C_mRNA	513	214	178	68.4596
YBR007C_mRNA	2211	1912	387	16.6591
YKL122C_mRNA	504	205	401	160.997
YGL158W_mRNA	1539	1240	242	16.0628
YPR024W_mRNA	2244	1945	844	35.715
YPL233W_mRNA	651	352	139	32.5012
YIL105W-A_mRNA	141	1.25297	0	0
YFL044C_mRNA	906	607	210	28.4747
YDL162C_mRNA	357	58	0	0
YPR173C_mRNA	1314	1015	1174	95.1985
YGR089W_mRNA	2811	2512	620	20.3142
YGR110W_mRNA	1338	1039	54	4.27766
YOR075W_mRNA	1041	742	165	18.3024
YLR433C_mRNA	1662	1363	423	25.543
YGL165C_mRNA	579	280	148.608	43.683
YOR069W_mRNA	2028	1729	536.267	25.5279
YKL133C_mRNA	1392	1093	151	11.3706
YGR043C_mRNA	1002	703	82	9.60034
YDR497C_mRNA	1755	1456	3823	216.108
YCR046C_mRNA	510	211	338	131.845
YML038C_mRNA	1329	1030	673	53.7781
YCR054C_mRNA	1692	1393	88	5.19947
YNR058W_mRNA	1443	1144	102	7.33841
YLR246W_mRNA	1080	781	198	20.8661
YGR042W_mRNA	816	517	238	37.8891
YDR127W_mRNA	4767	4468	1851	34.0974
YGR278W_mRNA	1734	1435	187	10.7255
YOR363C_mRNA	2991	2692	356	10.8844
YDL160C-A_mRNA	243	2.22021	0	0
YLR085C_mRNA	1317	1018	358	28.9443
YER029C_mRNA	591	292	320	90.1976
YOL071W_mRNA	489	190	146	63.2451
YKR057W_mRNA	264	3.0155	0	0
YGR087C_mRNA	1692	1393	15	0.886274
YEL055C_mRNA	3069	2770	896	26.6229
YOR382W_mRNA	462	163	2170	1095.72
YNL075W_mRNA	873	574	418	59.9366
YPL010W_mRNA	570	271	440	133.632
YJR038C_mRNA	363	64	5	6.4301
YML131W_mRNA	1098	799	289	29.77
YGR026W_mRNA	837	538	847	129.577
YLR093C_mRNA	762	463	666	118.392
YJL022W_mRNA	309	13.0646	2	12.5997
YKR054C_mRNA	12279	11980	605	4.15649
YEL065W_mRNA	1887	1588	1105	57.2716
YGL105W_mRNA	1131	832	3188	315.372
YGL115W_mRNA	969	670	606	74.4433
YNL036W_mRNA	666	367	402	90.1546
YER173W_mRNA	1980	1681	235.29	11.5203
YKR056W_mRNA	1920	1621	399	20.259
YJL073W_mRNA	1938	1639	282	14.1611
YDL128W_mRNA	1236	937	1163	102.157
YIL102C-A_mRNA	228	1.90776	0	0
YLR026C_mRNA	1023	724	429	48.7693
YDR310C_mRNA	3189	2890	717	20.4197
YLR267W_mRNA	1713	1414	180	10.4773
YKL203C_mRNA	7425	7126	608	7.0224
YNR002C_mRNA	849	550	186	27.8342
YGR079W_mRNA	1113	814	132	13.3468
YNL280C_mRNA	1317	1018	928	75.0288
YNL167C_mRNA	1944	1645	683	34.173
YMR321C_mRNA	318	19.7438	37.4744	156.218
YFR056C_mRNA	369	70	26	30.5705
YFR032C-A_mRNA	180	1.42288	0	0
YFL047W_mRNA	2145	1846	384	17.1209
YBR081C_mRNA	3999	3700	578	12.8574
YOL159C_mRNA	516	217	99	37.5494
YNR046W_mRNA	408	109	210	158.57
YNL294C_mRNA	1602	1303	812	51.2908
YBR056C-B_mRNA	159	1.31822	0	0
YDL191W_mRNA	363	64	3492.17	4491
YDR147W_mRNA	1605	1306	220	13.8646
YOR188W_mRNA	3414	3115	343	9.06283
YDL155W_mRNA	1284	985	457	38.1863
YLR463C_mRNA	552	253	11.4112	3.71227
YNL063W_mRNA	945	646	201	25.6089
YBL038W_mRNA	699	400	310	63.7866
YHL004W_mRNA	1185	886	576	53.5077
YHR056W-A_mRNA	435	136	1.80454	1.09208
YAR020C_mRNA	168	1.35856	0	0
YOR178C_mRNA	2382	2083	843	33.3094
YPL017C_mRNA	1500	1201	278	19.0515
YHL046C_mRNA	363	64	3.30649	4.25222
YGR210C_mRNA	1236	937	1070	93.9879
YLR157C-C_mRNA	132	1.22641	0	0
YJR144W_mRNA	810	511	576	92.7747
YDL096C_mRNA	327	28.091	7	20.5097
YDL058W_mRNA	5373	5074	705	11.4358
YIL109C_mRNA	2781	2482	2229	73.9156
YEL005C_mRNA	849	550	139	20.8008
YIR034C_mRNA	1122	823	428	42.8028
YOR338W_mRNA	1092	793	41	4.25538
YMR272W-A_mRNA	114	1.1825	0	0
YOL147C_mRNA	711	412	238	47.5453
YFL066C_mRNA	1179	880	0	0
YBR009C_mRNA	312	15.0416	864.07	4728.07
YDL157C_mRNA	357	58	114	161.773
YDR144C_mRNA	1791	1492	737	40.6562
YJR151W-A_mRNA	51	1.08974	0	0
YDR059C_mRNA	447	148	73	40.5965
YDR443C_mRNA	4263	3964	393.388	8.16798
YHR163W_mRNA	750	451	733	133.769
YOR161W-A_mRNA	81	1.12496	0	0
YCL001W_mRNA	567	268	454	139.428
YNL146C-A_mRNA	195	1.5258	0	0
YDR405W_mRNA	792	493	608	101.504
YJR010W_mRNA	1536	1237	308	20.4932
YAL046C_mRNA	357	58	68	96.4959
YPL012W_mRNA	3687	3388	1080	26.2366
YGL003C_mRNA	1701	1402	574	33.697
YKR024C_mRNA	2229	1930	233	9.93634
YNL015W_mRNA	228	1.90776	0	0
YGR122W_mRNA	1209	910	318	28.7616
YDL188C_mRNA	1134	835	679.169	66.9452
YCR104W_mRNA	375	76	9.8596	10.6776
YJL029C_mRNA	2469	2170	475	18.0161
YMR222C_mRNA	672	373	253	55.8264
YBR056W-A_mRNA	201	1.57618	0	0
YDR102C_mRNA	333	34.0145	2	4.83942
YGL189C_mRNA	360	61	4731	6383.38
YLR405W_mRNA	1104	805	327	33.4333
YGL177W_mRNA	348	49	1	1.6797
YPR017C_mRNA	432	133	111	68.6909
YER163C_mRNA	699	400	333	68.5192
YBR069C_mRNA	1860	1561	1879	99.0722
YCL046W_mRNA	324	25.1994	5	16.3308
YNL305C_mRNA	894	595	500	69.1641
Q0144_mRNA	330	31.038	0	0
YDR382W_mRNA	333	34.0145	2426	5870.22
YLR294C_mRNA	330	31.038	19	50.3834
YDR407C_mRNA	3870	3571	471	10.8557
YNL017C_mRNA	339	40.0016	1	2.05755
YDR244W_mRNA	1839	1540	475	25.3864
YKR104W_mRNA	921	622	28	3.70506
YGL020C_mRNA	708	409	623	125.37
YHL030W-A_mRNA	462	163	52.6466	26.5834
YDR475C_mRNA	2631	2332	737	26.0116
YPL131W_mRNA	894	595	16144	2233.17
YNR067C_mRNA	3354	3055	1133	30.5244
YPL116W_mRNA	2094	1795	455	20.8629
YOR273C_mRNA	1980	1681	2868	140.423
YIL097W_mRNA	1551	1252	236	15.5144
YNR070W_mRNA	4002	3703	221	4.91209
YGL193C_mRNA	312	15.0416	14	76.6061
YLR149C-A_mRNA	87	1.1337	0	0
YMR044W_mRNA	1428	1129	475	34.628
YGL224C_mRNA	843	544	286	43.2708
YER003C_mRNA	1290	991	1056	87.7037
YDR291W_mRNA	3234	2935	396	11.1049
YDR277C_mRNA	1302	1003	1233	101.179
YHL002C-A_mRNA	489	190	39.4653	17.0958
YNL086W_mRNA	309	13.0646	6	37.7992
YGR069W_mRNA	336	37.0051	1	2.22416
YGR053C_mRNA	852	553	79	11.7579
YPL034W_mRNA	498	199	67	27.7108
YNL050C_mRNA	813	514	227	36.3488
YLR419W_mRNA	4308	4009	422	8.66372
YLL031C_mRNA	3054	2755	689	20.5838
YFL014W_mRNA	330	31.038	10	26.5176
YOR113W_mRNA	2745	2446	428	14.4017
YFR026C_mRNA	510	211	19	7.41138
YIL118W_mRNA	696	397	589	122.11
YLR065C_mRNA	546	247	432	143.951
YDL082W_mRNA	600	301	3943.2	1078.23
YDL241W_mRNA	372	73	97	109.365
YKR103W_mRNA	3657	3358	87	2.13239
YBL003C_mRNA	399	100	1302.37	1071.92
YLL023C_mRNA	840	541	669	101.779
YLL034C_mRNA	2514	2215	533	19.8053
YNL117W_mRNA	1665	1366	34	2.04859
YNL040W_mRNA	1371	1072	229	17.582
YNL226W_mRNA	411	112	7	5.14408
YOR381W_mRNA	2136	1837	283	12.6796
YBR200W-A_mRNA	165	1.34444	0	0
YGL129C_mRNA	1353	1054	382	29.8298
YHR204W_mRNA	2391	2092	546	21.4812
YMR086W_mRNA	2883	2584	848	27.0104
YBR217W_mRNA	561	262	83	26.0738
YPL261C_mRNA	309	13.0646	0	0
YKL077W_mRNA	1179	880	983	91.9388
YCL026C-A_mRNA	582	283	12	3.48998
YPR143W_mRNA	753	454	577.806	104.75
YIL051C_mRNA	438	139	1627	963.387
YJL070C_mRNA	2667	2368	360	12.5126
YML115C_mRNA	1608	1309	929	58.4123
YPL280W_mRNA	714	415	3.5	0.694141
YKL224C_mRNA	372	73	0	0
YGR276C_mRNA	1662	1363	553	33.3931
YFL062W_mRNA	1140	841	13.0958	1.28164
YBL039C_mRNA	1740	1441	934	53.3471
YBL042C_mRNA	1920	1621	354	17.9741
YHL006W-A_mRNA	354	55	14	20.9504
YDL041W_mRNA	354	55	5.65108	8.45661
YGL136C_mRNA	963	664	108	13.387
YFL059W_mRNA	897	598	95.2632	13.1115
YMR132C_mRNA	627	328	53	13.2993
YJR021C_mRNA	945	646	306	38.9867
YFR041C_mRNA	888	589	341	47.6504
YMR099C_mRNA	894	595	666	92.1266
YKL123W_mRNA	381	82	28	28.1043
YDL092W_mRNA	441	142	254	147.222
YDR166C_mRNA	2916	2617	422	13.272
YGR148C_mRNA	468	169	2665.12	1297.95
YGL194C-A_mRNA	243	2.22021	0	0
YJL161W_mRNA	543	244	73	24.6241
YGL243W_mRNA	1203	904	204	18.5733
YJL201W_mRNA	1800	1501	309	16.9436
YGR081C_mRNA	633	334	148	36.4706
YBR255C-A_mRNA	363	64	77	99.0236
YPR148C_mRNA	1308	1009	1122	91.5229
YOR186C-A_mRNA	210	1.66472	0	0
YOL076W_mRNA	2391	2092	317	12.4717
YCR021C_mRNA	999	700	509	59.8477
YPL186C_mRNA	915	616	122	16.3007
YKL201C_mRNA	3537	3238	529.219	13.452
YER128W_mRNA	612	313	40	10.5183
YLR187W_mRNA	3081	2782	272	8.0471
YJR093C_mRNA	984	685	442	53.108
YOR060C_mRNA	774	475	154	26.6842
YDR499W_mRNA	2244	1945	216	9.14033
YGL227W_mRNA	2877	2578	711	22.6994
YPR112C_mRNA	2664	2365	776	27.0059
YHR164C_mRNA	4569	4270	363	6.99692
YFL003C_mRNA	2637	2338	65	2.28821
YKR093W_mRNA	1806	1507	360	19.6615
YHR074W_mRNA	2145	1846	916	40.8406
YPL052W_mRNA	879	580	177	25.1173
YPL238C_mRNA	390	91	399.487	361.317
YOL113W_mRNA	1968	1669	741	36.5418
YLR197W_mRNA	1515	1216	2934.14	198.598
YBL059C-A_mRNA	330	31.038	53	140.543
YBR053C_mRNA	1077	778	397	41.999
YHR161C_mRNA	1914	1615	912	46.4783
YOR008C-A_mRNA	225	1.85938	0	0
YLR357W_mRNA	2670	2371	641.963	22.2847
YJR019C_mRNA	1050	751	395	43.2897
YKL053W_mRNA	375	76	39	42.2356
YLR423C_mRNA	1254	955	106	9.13546
YBL010C_mRNA	843	544	98	14.8271
YOR253W_mRNA	531	232	279	98.9792
YHR214W-A_mRNA	486	187	50.1964	22.0932
YJR034W_mRNA	327	28.091	33	96.6886
YGR270C-A_mRNA	219	1.77302	0	0
YJL220W_mRNA	453	154	10	5.3445
YOR213C_mRNA	747	448	179	32.8854
YGR191W_mRNA	1812	1513	1188	64.6257
YNR071C_mRNA	1029	730	57	6.42658
YOL110W_mRNA	714	415	180	35.6987
YDR003W_mRNA	633	334	303	74.6662
YDR120C_mRNA	1713	1414	671	39.0572
YMR095C_mRNA	675	376	30	6.56691
YJR084W_mRNA	1272	973	376	31.8055
YDL140C_mRNA	5202	4903	3451	57.931
YGR200C_mRNA	2367	2068	746	29.6904
YDR179C_mRNA	489	190	12	5.19823
YDL165W_mRNA	576	277	196	58.2377
YPL061W_mRNA	1503	1204	11352	776.022
YDL244W_mRNA	1023	724	9.59621	1.09091
YNL275W_mRNA	1731	1432	246	14.139
YJL002C_mRNA	1431	1132	1413	102.736
YOR098C_mRNA	3231	2932	826	23.187
YPR044C_mRNA	354	55	2076	3106.65
YOL056W_mRNA	912	613	368	49.41
YKL048C_mRNA	1923	1624	176	8.91979
YFR029W_mRNA	2037	1738	254	12.0285
YGR091W_mRNA	1485	1186	195	13.5325
YDR240C_mRNA	1479	1180	137	9.55579
YER030W_mRNA	462	163	315	159.056
YHL044W_mRNA	708	409	85	17.105
YGL138C_mRNA	1038	739	5	0.55687
YPR135W_mRNA	2784	2485	306	10.135
YPL196W_mRNA	822	523	341	53.6637
YLR099W-A_mRNA	264	3.0155	0	0
YLR126C_mRNA	756	457	216	38.9014
YHR007C-A_mRNA	216	1.73436	0	0
YJL050W_mRNA	3222	2923	1314	36.9994
YMR290W-A_mRNA	348	49	15	25.1955
YNL239W_mRNA	1365	1066	892	68.8709
YER178W_mRNA	1263	964	3030	258.698
Q0017_mRNA	162	1.33101	0	0
YPL255W_mRNA	1158	859	199	19.0672
YAL063C_mRNA	3969	3670	288.468	6.46932
YJL104W_mRNA	450	151	213	116.1
YGL194C_mRNA	1359	1060	120	9.31758
YHR078W_mRNA	1659	1360	421	25.4783
YDR091C_mRNA	1827	1528	977	52.6258
YJL037W_mRNA	675	376	5	1.09449
YGR146C-A_mRNA	162	1.33101	0	0
YAL069W_mRNA	315	17.2766	0	0
YNL308C_mRNA	1776	1477	1248	69.5444
YLR176C_mRNA	2436	2137	297	11.4388
YOR328W_mRNA	4695	4396	252	4.71814
YKL125W_mRNA	1884	1585	289	15.0071
YOR070C_mRNA	1914	1615	497	25.3286
YNL089C_mRNA	477	178	67.5025	31.2124
YMR134W_mRNA	714	415	168	33.3188
YJR080C_mRNA	1185	886	427	39.6663
YDR391C_mRNA	699	400	402	82.7168
YDR413C_mRNA	576	277	116.952	34.7501
YOR126C_mRNA	717	418	108	21.2655
YOR243C_mRNA	2031	1732	1122	53.3179
YCR079W_mRNA	1329	1030	466	37.2372
YHL021C_mRNA	1398	1099	1673	125.293
YDL022W_mRNA	1176	877	3484	326.969
YDL019C_mRNA	3852	3553	1212	28.076
YLR393W_mRNA	840	541	87	13.2358
YLR368W_mRNA	1797	1498	264	14.5051
YGR255C_mRNA	1440	1141	652	47.0316
YKL038W_mRNA	3513	3214	680	17.4137
YNL071W_mRNA	1449	1150	2932	209.843
YLR143W_mRNA	2058	1759	332	15.5346
YGL016W_mRNA	3246	2947	321	8.96505
YER093C_mRNA	4293	3994	465	9.58237
YPL020C_mRNA	1866	1567	432	22.6904
YDR096W_mRNA	2685	2386	1348	46.4994
YHR170W_mRNA	1557	1258	1469	96.1101
YHR141C_mRNA	321	22.4012	2616.87	9614.75
YGR208W_mRNA	930	631	580	75.6531
YNL149C_mRNA	390	91	278.587	251.969
YJL179W_mRNA	330	31.038	34	90.1598
YER072W_mRNA	390	91	887	802.251
YMR089C_mRNA	2478	2179	939	35.468
YJR153W_mRNA	1086	787	87	9.09855
YBR101C_mRNA	873	574	659	94.4934
YMR284W_mRNA	1809	1510	274	14.9349
YJL163C_mRNA	1668	1369	395	23.7477
YJL093C_mRNA	2076	1777	631	29.226
YOR193W_mRNA	1131	832	119	11.772
YLR186W_mRNA	759	460	558	99.8399
YHR086W-A_mRNA	162	1.33101	0	0
YCL059C_mRNA	951	652	954	120.428
YKL148C_mRNA	1923	1624	741	37.5543
YDL213C_mRNA	678	379	748	162.439
YNL192W_mRNA	3396	3097	2961	78.691
YPL246C_mRNA	789	490	795	133.536
YJR114W_mRNA	393	94	87.5528	76.6602
YMR245W_mRNA	621	322	170	43.4531
YGR174C_mRNA	513	214	190	73.0748
YEL018C-A_mRNA	534	235	44.0316	15.4214
YDR339C_mRNA	570	271	316	95.9722
YNL295W_mRNA	1575	1276	238	15.3516
YNL319W_mRNA	441	142	0.519459	0.301086
YDR415C_mRNA	1125	826	283	28.199
YKL021C_mRNA	1407	1108	705	52.3694
YOL002C_mRNA	954	655	1576	198.035
YMR077C_mRNA	666	367	120	26.9118
YNL334C_mRNA	669	370	47.4286	10.5503
YEL076C_mRNA	651	352	6.37246	1.49002
YDL075W_mRNA	342	43.0005	3795	7263.84
YMR203W_mRNA	1164	865	1619	154.049
YOR332W_mRNA	702	403	2219.67	453.327
YJL172W_mRNA	1731	1432	476	27.3585
YPL189W_mRNA	1830	1531	60	3.22555
YPR034W_mRNA	1434	1135	741	53.7341
YIL070C_mRNA	801	502	300	49.1864
YKL022C_mRNA	2523	2224	314	11.6204
YOR072W-B_mRNA	162	1.33101	0	0
YGR032W_mRNA	5688	5389	1293	19.7478
YOL036W_mRNA	2286	1987	821	34.0074
YMR142C_mRNA	600	301	7968.8	2178.99
YAR018C_mRNA	1308	1009	219	17.8641
YCR032W_mRNA	6504	6205	407	5.39859
YOR293C-A_mRNA	150	1.28333	0	0
YLL054C_mRNA	2532	2233	193	7.11371
YOR326W_mRNA	4725	4426	1856	34.5139
YOR316C_mRNA	1320	1021	770	62.0716
YML078W_mRNA	549	250	630	207.409
YGR284C_mRNA	933	634	651	84.5122
YKL051W_mRNA	1062	763	924	99.6725
YPR189W_mRNA	4299	4000	535	11.0083
YOL042W_mRNA	1092	793	252	26.155
YGL106W_mRNA	450	151	704	383.728
YPR203W_mRNA	309	13.0646	1.86407	11.7434
YPR111W_mRNA	1695	1396	108	6.36746
YPL184C_mRNA	1839	1540	1016	54.3001
YDR045C_mRNA	333	34.0145	44	106.467
YDR231C_mRNA	618	319	181	46.6999
YLR341W_mRNA	1434	1135	35	2.53805
YOR029W_mRNA	336	37.0051	4	8.89665
YGR252W_mRNA	1320	1021	450	36.2756
YLR101C_mRNA	396	97	168	142.549
YDL149W_mRNA	2994	2695	256	7.81824
YNL024C-A_mRNA	219	1.77302	0	0
YKL007W_mRNA	807	508	767	124.268
YMR283C_mRNA	1542	1243	199	13.1768
YOR163W_mRNA	567	268	290	89.0617
YPR115W_mRNA	3252	2953	872	24.3042
YKL140W_mRNA	1647	1348	727	44.3887
YKL117W_mRNA	651	352	2670	624.305
YIL132C_mRNA	642	343	49	11.7579
YJL132W_mRNA	2253	1954	204	8.59278
YPL087W_mRNA	954	655	621	78.033
YPR049C_mRNA	3537	3238	170	4.32116
YBR034C_mRNA	1047	748	1365	150.196
YNL009W_mRNA	1263	964	82	7.00107
YDL104C_mRNA	1224	925	132	11.7452
YIL017C_mRNA	2766	2467	837	27.9244
YHR049C-A_mRNA	297	7.64028	2	21.5451
YPR014C_mRNA	330	31.038	7	18.5623
YLR068W_mRNA	456	157	108	56.6177
YHR131C_mRNA	2553	2254	568	20.7406
YIL057C_mRNA	495	196	11	4.61918
YOR373W_mRNA	2556	2257	284.103	10.3603
YJL058C_mRNA	1632	1333	129	7.96503
YDR203W_mRNA	318	19.7438	3	12.506
YAL017W_mRNA	4071	3772	837	18.2634
YLR256W_mRNA	4509	4210	3175	62.0711
YMR211W_mRNA	1428	1129	161	11.7371
YER018C_mRNA	666	367	337	75.5774
YPR170W-A_mRNA	186	1.46059	0	0
YNR028W_mRNA	927	628	445	58.3214
YJL171C_mRNA	1191	892	1186	109.433
YPR169W-A_mRNA	219	1.77302	0	0
YDL145C_mRNA	3606	3307	2898	72.126
YPL169C_mRNA	1800	1501	741	40.6317
YIL105C_mRNA	2061	1762	657	30.6893
YBR261C_mRNA	699	400	520	106.997
YOR260W_mRNA	1737	1438	1097	62.7879
YJL106W_mRNA	1938	1639	223	11.1983
YLR362W_mRNA	2154	1855	334	14.8194
YML099W-A_mRNA	330	31.038	3	7.95528
YER010C_mRNA	705	406	344	69.7365
YOR296W_mRNA	3870	3571	213	4.90928
YPL107W_mRNA	747	448	134	24.6181
YDL115C_mRNA	1062	763	336	36.2445
YER081W_mRNA	1410	1111	694.777	51.4706
YLR131C_mRNA	2313	2014	394	16.1014
YJL156W-A_mRNA	222	1.81459	0	0
YLR099C_mRNA	1185	886	671	62.3328
YHR001W_mRNA	1314	1015	366	29.6786
YNL029C_mRNA	1569	1270	327	21.192
YKR066C_mRNA	1086	787	1545	161.578
YLR409C_mRNA	2820	2521	815	26.608
YHR208W_mRNA	1182	883	4117	383.75
YLL001W_mRNA	2274	1975	536	22.337
YIR033W_mRNA	3342	3043	1481	40.0572
YNL217W_mRNA	981	682	1140	137.578
YAL060W_mRNA	1149	850	954	92.3756
YGL120C_mRNA	2304	2005	1431	58.7426
YDL073W_mRNA	2955	2656	523	16.207
YPL147W_mRNA	2613	2314	147	5.22856
YLR288C_mRNA	1425	1126	258	18.8586
YIR014W_mRNA	729	430	45	8.61335
YBL100C_mRNA	315	17.2766	35	166.739
YDR026C_mRNA	1713	1414	488	28.4052
YDR414C_mRNA	1089	790	236	24.5874
YML050W_mRNA	936	637	109	14.0836
YER111C_mRNA	3282	2983	220	6.07012
YGL225W_mRNA	1014	715	1710	196.842
YOL132W_mRNA	1416	1117	22	1.62105
YNL087W_mRNA	3537	3238	1502	38.1787
YML069W_mRNA	1659	1360	1377	83.3341
YPL160W_mRNA	3273	2974	2635	72.9235
YGL070C_mRNA	369	70	115	135.216
YDR155C_mRNA	489	190	8743	3787.34
YDR011W_mRNA	4506	4207	2097	41.0255
YDR236C_mRNA	657	358	260	59.7748
YNL195C_mRNA	786	487	43	7.2672
YBL027W_mRNA	570	271	9331.54	2834.08
YNL291C_mRNA	1647	1348	415	25.3388
YMR073C_mRNA	606	307	133	35.6567
YPR020W_mRNA	348	49	37	62.1489
YGR266W_mRNA	2106	1807	565	25.7346
YMR143W_mRNA	432	133	4202.98	2600.96
YML023C_mRNA	1671	1372	282	16.917
YDL007W_mRNA	1314	1015	2418	196.073
YPL166W_mRNA	642	343	43	10.3182
YGR204W_mRNA	2841	2542	3637	117.759
YPR113W_mRNA	663	364	1438	325.151
YPL062W_mRNA	405	106	2	1.55293
YPR199C_mRNA	885	586	278	39.0459
YDR028C_mRNA	3045	2746	1667	49.9647
YHR148W_mRNA	552	253	114	37.0862
YLR364C-A_mRNA	123	1.20308	0	0
YNR007C_mRNA	933	634	209	27.1322
YOR369C_mRNA	432	133	11331	7012.04
YJL079C_mRNA	900	601	1135	155.435
Q0250_mRNA	756	457	1	0.180099
YPR129W_mRNA	1050	751	767.113	84.0712
YOR376W_mRNA	369	70	2	2.35158
YJL223C_mRNA	363	64	0	0
YFR034C_mRNA	939	640	249	32.0219
YOL097W-A_mRNA	186	1.46059	0	0
YJL164C_mRNA	1194	895	546	50.2108
YML026C_mRNA	441	142	3978.7	2306.11
YER149C_mRNA	1263	964	140.5	11.9957
YIL004C_mRNA	429	130	107	67.7436
YLR235C_mRNA	399	100	3	2.46916
YJL067W_mRNA	351	52	40.8158	64.6031
YAL055W_mRNA	543	244	190	64.0902
YNL311C_mRNA	2292	1993	232	9.58095
YKL207W_mRNA	762	463	1085	192.875
YDL116W_mRNA	2181	1882	531	23.2222
YLR191W_mRNA	1161	862	237	22.6292
YEL052W_mRNA	1530	1231	838	56.0291
YDR397C_mRNA	441	142	141.551	82.0453
YGR270W_mRNA	4140	3841	1149	24.6209
YLR311C_mRNA	348	49	2	3.3594
YOR314W-A_mRNA	111	1.17619	0	0
YDR536W_mRNA	1710	1411	91	5.30814
YMR297W_mRNA	1599	1300	4071	257.742
YFR018C_mRNA	1092	793	557	57.8109
YEL060C_mRNA	1908	1609	3251	166.299
YMR200W_mRNA	771	472	755	131.654
YER189W_mRNA	369	70	4.69693	5.5226
YOR380W_mRNA	1641	1342	194	11.8981
YLR074C_mRNA	501	202	505	205.763
YER185W_mRNA	912	613	33	4.43079
YDL052C_mRNA	912	613	1003	134.669
YGL204C_mRNA	306	11.3524	3	21.7502
YMR232W_mRNA	2034	1735	54	2.56166
YER190W_mRNA	5046	4747	0	0
YCR066W_mRNA	1464	1165	175	12.3635
YJR063W_mRNA	378	79	144	150.025
YKL084W_mRNA	351	52	82	129.789
YPR006C_mRNA	1728	1429	172	9.90659
YGR211W_mRNA	1461	1162	813	57.5854
YHR175W_mRNA	570	271	533	161.877
YDR326C_mRNA	4317	4018	747	15.3017
YOR196C_mRNA	1245	946	469	40.8046
YLL006W_mRNA	1281	982	204	17.098
YPR056W_mRNA	1017	718	242	27.7408
YOR350C_mRNA	1992	1693	192	9.33409
YOL137W_mRNA	1494	1195	264	18.1829
YAR027W_mRNA	708	409	453	91.1597
YBR230C_mRNA	405	106	378	293.504
YPL223C_mRNA	507	208	37	14.6408
YCR035C_mRNA	1185	886	491	45.6116
YGL174W_mRNA	801	502	117	19.1827
YDL033C_mRNA	1254	955	151	13.0137
YLR443W_mRNA	1347	1048	515	40.4458
YOR122C_mRNA	381	82	941	944.504
YJL149W_mRNA	1992	1693	358	17.4042
YKL100W-A_mRNA	90	1.13832	0	0
YOR256C_mRNA	2430	2131	590	22.7875
YAL030W_mRNA	354	55	164	245.419
YBR040W_mRNA	897	598	2	0.275269
YPR010C-A_mRNA	219	1.77302	0	0
YER012W_mRNA	597	298	994	274.535
YKL035W_mRNA	1500	1201	3736	256.031
YLR325C_mRNA	237	2.07881	0	0
YDR398W_mRNA	1932	1633	1069	53.879
YMR201C_mRNA	1116	817	166	16.723
YCR002C_mRNA	969	670	697	85.6221
YDL031W_mRNA	2988	2689	900	27.5473
YMR007W_mRNA	381	82	17	17.0633
YLR080W_mRNA	1335	1036	100	7.94453
YHR113W_mRNA	1473	1174	867	60.7825
YFL068W_mRNA	483	184	0	0
YLR145W_mRNA	606	307	140	37.5334
YEL016C_mRNA	1482	1183	314	21.846
YOL094C_mRNA	972	673	209	25.5599
YIL169C_mRNA	2988	2689	2142.41	65.5751
YOR336W_mRNA	4098	3799	403	8.73099
YHR085W_mRNA	1005	706	190	22.1502
YNL002C_mRNA	969	670	1135	139.428
YDR354C-A_mRNA	144	1.26263	0	0
YMR066W_mRNA	2697	2398	308	10.5713
YLR058C_mRNA	1410	1111	2206	163.425
YMR016C_mRNA	2358	2059	901	36.0161
YGR288W_mRNA	1422	1123	193	14.1451
YMR031C_mRNA	2532	2233	2132	78.5826
YBR025C_mRNA	1185	886	4405	409.204
YDL077C_mRNA	3150	2851	384	11.0857
YLR210W_mRNA	1383	1084	105	7.97238
YGL100W_mRNA	1050	751	490	53.7012
YBR089W_mRNA	600	301	112.763	30.8338
YDL135C_mRNA	609	310	296	78.5883
YGL014W_mRNA	2667	2368	1201	41.7435
YKL027W_mRNA	1344	1045	422	33.2372
YGL065C_mRNA	1512	1213	323	21.9164
YDR064W_mRNA	456	157	7039	3690.11
YBL060W_mRNA	2064	1765	258	12.031
YGR126W_mRNA	693	394	28	5.84911
YNL120C_mRNA	486	187	11.3063	4.97631
YOR174W_mRNA	855	556	259	38.3401
YER040W_mRNA	2193	1894	305	13.254
YOR275C_mRNA	1986	1687	465	22.6864
YPL254W_mRNA	1467	1168	371	26.1432
YPR088C_mRNA	1626	1327	1461	90.6165
YDL072C_mRNA	612	313	1061	278.997
YDR053W_mRNA	396	97	26.981	22.8936
YLR269C_mRNA	351	52	8	12.6624
YDL012C_mRNA	324	25.1994	88	287.422
YNL052W_mRNA	462	163	382	192.887
YDR482C_mRNA	408	109	165	124.591
YMR262W_mRNA	942	643	412	52.7368
YDL070W_mRNA	1917	1618	1559	79.3041
YKL153W_mRNA	510	211	15160	5913.49
YBR209W_mRNA	318	19.7438	0	0
YHR160C_mRNA	852	553	47	6.99521
YBL054W_mRNA	1578	1279	295	18.9836
YLR343W_mRNA	1668	1369	250	15.0302
YDR464C-A_mRNA	189	1.48108	0	0
YJL117W_mRNA	936	637	1121	144.842
YIL005W_mRNA	2106	1807	563	25.6435
YKR079C_mRNA	2517	2218	464	17.2181
YGL188C_mRNA	174	1.38904	0	0
YDR410C_mRNA	720	421	243	47.5064
YNL103W-A_mRNA	90	1.13832	0	0
YPR197C_mRNA	564	265	33.8746	10.521
YNR039C_mRNA	1818	1519	304	16.4719
YDL114W-A_mRNA	114	1.1825	0	0
YKR018C_mRNA	2178	1879	1402	61.4114
YEL026W_mRNA	381	82	924	927.44
YOR044W_mRNA	474	175	64	30.1002
YMR300C_mRNA	1533	1234	796	53.0916
YPL073C_mRNA	486	187	4.6314	2.03844
YPL058C_mRNA	4536	4237	672	13.0539
YLL015W_mRNA	4680	4381	1153	21.6613
YDL022C-A_mRNA	249	2.39087	0	0
YML082W_mRNA	1950	1651	572	28.5152
YKR089C_mRNA	2733	2434	1392	47.0703
YKL116C_mRNA	1557	1258	354	23.1606
YGL018C_mRNA	555	256	94	30.2215
YOR346W_mRNA	2958	2659	554.334	17.1586
YBR010W_mRNA	411	112	2246.09	1650.58
YFL045C_mRNA	765	466	2092	369.491
YEL021W_mRNA	804	505	0	0
YBR067C_mRNA	633	334	4550	1121.23
YLR406C-A_mRNA	150	1.28333	0	0
YDR432W_mRNA	1245	946	3297.49	286.893
YOR014W_mRNA	2274	1975	1407	58.6347
YLR007W_mRNA	1011	712	339	39.1875
YBR238C_mRNA	2196	1897	649	28.1582
YDL152W_mRNA	366	67	13	15.9697
YER076C_mRNA	909	610	185	24.9614
YBR047W_mRNA	528	229	33	11.8606
YNL162W-A_mRNA	219	1.77302	0	0
YJL060W_mRNA	1335	1036	519	41.2321
YOL069W_mRNA	1356	1057	122	9.49976
YLR323C_mRNA	780	481	106	18.138
YOR298C-A_mRNA	456	157	1163	609.688
YNL007C_mRNA	1059	760	2170	235.003
YBR142W_mRNA	2322	2023	494	20.0983
YDL240C-A_mRNA	138	1.24372	0	0
YDL232W_mRNA	111	1.17619	0	0
YHR026W_mRNA	642	343	1513	363.055
YDL159W-A_mRNA	132	1.22641	0	0
YNL035C_mRNA	1170	871	341	32.2229
YDR115W_mRNA	318	19.7438	58	241.783
YCL048W_mRNA	1392	1093	11	0.828324
YMR064W_mRNA	1557	1258	435	28.4601
YDR169C_mRNA	1542	1243	626	41.4506
YBL091C_mRNA	1266	967	1995	169.803
YCR045W-A_mRNA	351	52	0	0
YPR200C_mRNA	393	94	10	8.75588
YLL030C_mRNA	342	43.0005	0	0
YFR009W_mRNA	2259	1960	1724	72.3951
YNL317W_mRNA	1398	1099	300	22.4673
YBL093C_mRNA	663	364	553	125.041
YLR266C_mRNA	2106	1807	415	18.9024
YKL155C_mRNA	1887	1588	312	16.1708
YAR007C_mRNA	1866	1567	365	19.1713
YHL048C-A_mRNA	135	1.23488	0	0
YIL106W_mRNA	945	646	529	67.3986
YGL068W_mRNA	585	286	419.71	120.785
YPR172W_mRNA	603	304	199	53.8775
YML011C_mRNA	534	235	84	29.4198
YNL001W_mRNA	1161	862	337	32.1774
YLL055W_mRNA	1596	1297	263	16.6895
YKL214C_mRNA	612	313	183	48.121
YOR194C_mRNA	861	562	572	83.7698
YER115C_mRNA	576	277	192	57.0492
YHR059W_mRNA	393	94	63	55.1621
YKL039W_mRNA	1572	1273	1277	82.5639
YOR002W_mRNA	1635	1336	870	53.597
YDR478W_mRNA	597	298	50	13.8096
YJL146W_mRNA	1410	1111	256	18.965
YDR206W_mRNA	2655	2356	784	27.3885
YOL134C_mRNA	390	91	55	49.745
YPR108W_mRNA	1290	991	1146	95.1785
YLR278C_mRNA	4026	3727	863	19.0581
YMR111C_mRNA	1389	1090	179	13.5162
YKR101W_mRNA	1965	1666	140	6.91641
YMR097C_mRNA	1104	805	190	19.4261
YDR014W_mRNA	1944	1645	113	5.6538
YER068C-A_mRNA	432	133	5	3.09418
YOR394W_mRNA	495	196	5.0702	2.1291
YDR457W_mRNA	9807	9508	1454	12.5864
YOR017W_mRNA	2403	2104	277	10.8358
YNL094W_mRNA	1764	1465	691	38.8211
YDR083W_mRNA	1179	880	379	35.4474
YBL007C_mRNA	3735	3436	1940	46.4704
YKR013W_mRNA	990	691	1310	156.035
YDL171C_mRNA	6438	6139	2586	34.6704
YBL064C_mRNA	786	487	577	97.5157
YEL007W_mRNA	2001	1702	1110.53	53.7032
YBL088C_mRNA	8364	8065	509	5.19447
YPL127C_mRNA	777	478	778	133.961
YLR033W_mRNA	1509	1210	545	37.0714
YJL136C_mRNA	264	3.0155	0	0
YDR024W_mRNA	486	187	2	0.880271
YDL004W_mRNA	483	184	366	163.716
YPR002W_mRNA	1551	1252	115	7.55999
YBR023C_mRNA	3498	3199	1148	29.5363
YOR268C_mRNA	399	100	2	1.64611
YLR271W_mRNA	825	526	140	21.9064
YGR177C_mRNA	1608	1309	358	22.5098
YHL039W_mRNA	1758	1459	486	27.4163
YGR296W_mRNA	5580	5281	343.233	5.34934
Q0075_mRNA	1065	766	0	0
YGR068C_mRNA	1761	1462	334	18.803
YOR142W_mRNA	990	691	1085	129.235
YLR096W_mRNA	3444	3145	1010	26.4319
YHL043W_mRNA	513	214	51	19.6148
YKR042W_mRNA	1098	799	11525	1187.19
YHR024C_mRNA	1449	1150	753	53.8921
YDR065W_mRNA	1098	799	93	9.57997
YKL191W_mRNA	1605	1306	834	52.5594
YMR110C_mRNA	1599	1300	791	50.0796
YGR217W_mRNA	6120	5821	396	5.59919
YGR035W-A_mRNA	222	1.81459	0	0
YLR234W_mRNA	1971	1672	83	4.08573
YBR002C_mRNA	861	562	347	50.8184
YMR157C_mRNA	768	469	245	42.9953
YPL266W_mRNA	957	658	546	68.2959
YLR296W_mRNA	327	28.091	0	0
YBR246W_mRNA	1164	865	512	48.7171
YOR379C_mRNA	339	40.0016	3.32724	6.84596
YGL167C_mRNA	2853	2554	1788	57.6202
YJR161C_mRNA	1152	853	251.477	24.2648
YGR050C_mRNA	357	58	27	38.3145
YPL081W_mRNA	594	295	348.631	97.2685
YPL225W_mRNA	441	142	528	306.037
YJR140C_mRNA	4947	4648	387	6.85287
YER070W_mRNA	2667	2368	860	29.8913
YDL034W_mRNA	345	46.0001	5	8.94621
YLR262C_mRNA	648	349	341.999	80.6543
YGR187C_mRNA	1185	886	366	33.9997
YBR147W_mRNA	891	592	53	7.36855
YOR330C_mRNA	3765	3466	764	18.1423
YPL155C_mRNA	2121	1822	316	14.2747
YGL169W_mRNA	1281	982	425	35.6209
YIL149C_mRNA	5040	4741	1223	21.2317
YIL147C_mRNA	3663	3364	589	14.4108
YJL221C_mRNA	1770	1471	105.126	5.88198
YCL069W_mRNA	1377	1078	0	0
YML074C_mRNA	1236	937	3330	292.504
YJR030C_mRNA	2238	1939	265	11.2485
YDR111C_mRNA	1524	1225	467	31.3768
YDR128W_mRNA	3447	3148	537	14.04
YJL119C_mRNA	324	25.1994	5	16.3308
YER080W_mRNA	1884	1585	814	42.2691
YER052C_mRNA	1584	1285	1332	85.3157
YHR033W_mRNA	1272	973	147	12.4346
YDR159W_mRNA	3906	3607	582	13.2802
YBL029C-A_mRNA	285	4.97562	11	181.959
YOL151W_mRNA	1029	730	348	39.236
YDR118W-A_mRNA	117	1.18908	0	0
YBL063W_mRNA	3336	3037	264	7.15463
YKL104C_mRNA	2154	1855	1736	77.0254
YEL068C_mRNA	333	34.0145	35	84.6899
YLL005C_mRNA	2607	2308	234	8.34465
YDR118W_mRNA	1959	1660	146	7.2389
YCL057W_mRNA	2139	1840	1129	50.5015
YER132C_mRNA	5262	4963	372	6.16917
Q0140_mRNA	1197	898	5	0.45827
YOL138C_mRNA	4026	3727	426	9.40758
YML021C_mRNA	1080	781	240	25.2923
YPL210C_mRNA	1923	1624	872	44.1935
YFR034W-A_mRNA	288	5.47621	0	0
YNL122C_mRNA	348	49	36	60.4692
YDL234C_mRNA	2241	1942	1109	47.0013
YLR014C_mRNA	2715	2416	109	3.71328
YLR404W_mRNA	858	559	120	17.6684
YHR119W_mRNA	3243	2944	497	13.8946
YOL019W_mRNA	1656	1357	652	39.5454
YMR183C_mRNA	888	589	709	99.0738
YDL098C_mRNA	585	286	72	20.7202
YKL118W_mRNA	312	15.0416	0	0
YLR153C_mRNA	2052	1753	3102	145.642
YBR013C_mRNA	390	91	22	19.898
YFR032C-B_mRNA	264	3.0155	0	0
YLR078C_mRNA	735	436	323	60.9739
YMR161W_mRNA	675	376	317	69.3904
YNL058C_mRNA	951	652	472.426	59.6367
YER047C_mRNA	2694	2395	486	16.7016
YDL010W_mRNA	696	397	255.318	52.9321
YNL313C_mRNA	2715	2416	402	13.6948
YDL065C_mRNA	1029	730	516	58.1775
YDR349C_mRNA	1791	1492	987	54.4473
YKL034W_mRNA	2277	1978	410	17.0603
YDR050C_mRNA	747	448	31686	5821.26
YDR284C_mRNA	870	571	494	71.2063
YOR311C_mRNA	873	574	475	68.1098
YMR030W-A_mRNA	291	6.07225	2	27.1087
YNL025C_mRNA	972	673	218	26.6606
YHR146W_mRNA	1398	1099	1248	93.4641
YHR195W_mRNA	966	667	694	85.637
YCL065W_mRNA	369	70	7.4145	8.7179
YKR006C_mRNA	795	496	335	55.5893
YGR075C_mRNA	729	430	124	23.7346
YDR528W_mRNA	1272	973	74	6.2596
YCR020C_mRNA	648	349	24	5.65996
YKL073W_mRNA	2646	2347	640	22.4437
YCL054W-A_mRNA	87	1.1337	0	0
YJL084C_mRNA	3141	2842	328	9.49899
YER170W_mRNA	678	379	78	16.9388
YBR149W_mRNA	1035	736	1743	194.916
YFR044C_mRNA	1446	1147	1756	126.005
YDL138W_mRNA	2292	1993	352	14.5366
YJL010C_mRNA	2001	1702	465	22.4865
YGL153W_mRNA	1026	727	227.995	25.8118
YAL045C_mRNA	309	13.0646	7	44.0991
YDL187C_mRNA	330	31.038	0	0
YGL146C_mRNA	936	637	55	7.10642
YCR011C_mRNA	3150	2851	1224	35.3356
YCL076W_mRNA	744	445	0	0
YLL021W_mRNA	4401	4102	1048	21.0278
YBR193C_mRNA	672	373	189	41.7043
YPR180W_mRNA	1044	745	274	30.2707
YHR086W_mRNA	1572	1273	518	33.4911
YDR545W_mRNA	5391	5092	841.95	13.609
YLR150W_mRNA	822	523	11138	1752.8
YNR075W_mRNA	1125	826	150	14.9465
YDR253C_mRNA	576	277	79	23.4734
YDL112W_mRNA	4311	4012	842	17.2734
YGR237C_mRNA	2358	2059	785	31.3792
YNL309W_mRNA	1263	964	222	18.9541
YNR015W_mRNA	1155	856	562	54.0369
YKL086W_mRNA	384	85	38	36.7953
YPR151C_mRNA	621	322	11.056	2.82598
YLR200W_mRNA	345	46.0001	112	200.395
YJR115W_mRNA	510	211	620	241.845
YGR085C_mRNA	525	226	2932.75	1068.06
YNL008C_mRNA	2031	1732	432	20.5288
YPR174C_mRNA	666	367	116	26.0148
YLR252W_mRNA	306	11.3524	6	43.5004
YLR427W_mRNA	2013	1714	664	31.8849
YGL240W_mRNA	753	454	53	9.60833
YKL024C_mRNA	615	316	670	174.508
YNL116W_mRNA	1569	1270	192	12.443
YDL142C_mRNA	852	553	202	30.0645
YPR033C_mRNA	1641	1342	2157	132.29
YNL165W_mRNA	1221	922	199	17.7644
YGR157W_mRNA	2610	2311	1134	40.3869
YJR071W_mRNA	369	70	45	52.9106
YDR316W_mRNA	1416	1117	293	21.5895
YDR157W_mRNA	402	103	8	6.39265
YCL004W_mRNA	1566	1267	185	12.0177
YLR301W_mRNA	735	436	821	154.983
YOR032C_mRNA	1305	1006	141	11.5358
YGR265W_mRNA	411	112	24	17.6369
YHR180W_mRNA	492	193	55	23.4549
YJL051W_mRNA	2469	2170	248	9.40632
YIL071C_mRNA	1335	1036	157.466	12.51
YJR092W_mRNA	4344	4045	569	11.5777
YDR428C_mRNA	786	487	209	35.322
YPR100W_mRNA	423	124	180.044	119.505
YMR100W_mRNA	1863	1564	400	21.05
YDR246W_mRNA	660	361	327	74.5536
YOR308C_mRNA	1764	1465	141	7.92154
YNL234W_mRNA	1281	982	382	32.0169
YDR354W_mRNA	1143	844	578	56.3655
YMR275C_mRNA	2931	2632	731	22.8591
YIL064W_mRNA	774	475	448	77.6269
YBR237W_mRNA	2550	2251	488	17.8432
YPR057W_mRNA	1026	727	276	31.2466
YPL200W_mRNA	471	172	10	4.78519
YBL106C_mRNA	3033	2734	210	6.32192
YPL162C_mRNA	822	523	160	25.1794
YOR004W_mRNA	765	466	293	51.7499
YPR080W_mRNA	1377	1078	69692.8	5321.05
YPR004C_mRNA	1035	736	723	80.8516
YDR373W_mRNA	573	274	247	74.1949
YJR119C_mRNA	2187	1888	138	6.01596
YGL210W_mRNA	669	370	341	75.8544
YAR003W_mRNA	1281	982	337	28.2453
YJR060W_mRNA	1056	757	360	39.1412
YPR157W_mRNA	1404	1105	214	15.9397
YNL041C_mRNA	2520	2221	536	19.863
YDR343C_mRNA	1713	1414	3442.75	200.394
YOR140W_mRNA	2301	2002	356.41	14.6526
YIL128W_mRNA	3099	2800	523	15.3735
YDR264C_mRNA	2295	1996	1338	55.1726
YPR124W_mRNA	1221	922	2557.54	228.307
YOR266W_mRNA	1272	973	156	13.1959
YNR020C_mRNA	813	514	246	39.3913
YKL063C_mRNA	504	205	262	105.19
YOR202W_mRNA	663	364	416	94.0632
YPR177C_mRNA	372	73	4.26968	4.81394
YOR248W_mRNA	303	9.89396	265	2204.47
YHR135C_mRNA	1617	1318	1500	93.6707
YKL138C_mRNA	396	97	146	123.882
YJL011C_mRNA	486	187	60	26.4081
YAL038W_mRNA	1503	1204	48074.6	3286.38
YGR152C_mRNA	819	520	382.69	60.572
YER141W_mRNA	1461	1162	940	66.5809
YEL004W_mRNA	1029	730	132	14.8826
YGR122C-A_mRNA	129	1.2183	0	0
YDL214C_mRNA	2100	1801	46	2.10219
YFL050C_mRNA	2577	2278	295	10.6585
YKR074W_mRNA	468	169	234	113.961
YDR501W_mRNA	1566	1267	71	4.61222
YGR166W_mRNA	1683	1384	520	30.924
YBR155W_mRNA	1158	859	473	45.3206
YKL031W_mRNA	414	115	8	5.72559
YBR207W_mRNA	1398	1099	950	71.1465
YKL221W_mRNA	1422	1123	23	1.68568
YNL269W_mRNA	396	97	2	1.69702
YOL011W_mRNA	2061	1762	381	17.797
YMR079W_mRNA	915	616	747	99.8086
YFR049W_mRNA	372	73	127	143.189
YAL042W_mRNA	1248	949	2939	254.895
YHR056C_mRNA	2652	2353	473.262	16.5542
YDL119C_mRNA	924	625	169.968	22.3828
YLR030W_mRNA	792	493	61	10.1838
YOR008C_mRNA	1137	838	1229	120.708
YMR242W-A_mRNA	90	1.13832	0	0
YHR105W_mRNA	645	346	47	11.1802
YJL216C_mRNA	1746	1447	139	7.90632
YOL166C_mRNA	339	40.0016	0	0
YLR414C_mRNA	792	493	970	161.939
YNR013C_mRNA	2685	2386	1226	42.291
YHR100C_mRNA	558	259	107	34.0026
YIL131C_mRNA	1455	1156	231	16.4468
YLR144C_mRNA	2340	2041	343	13.8318
YDL163W_mRNA	303	9.89396	1	8.31874
YKL041W_mRNA	675	376	310	67.8581
YHL036W_mRNA	1641	1342	243	14.9033
YJL199C_mRNA	327	28.091	9	26.3696
YGL222C_mRNA	528	229	52	18.6894
YAL010C_mRNA	1482	1183	283	19.6893
YOR119C_mRNA	1455	1156	331	23.5667
YIL110W_mRNA	1134	835	286	28.1908
YKL100C_mRNA	1764	1465	1209	67.923
YGR084C_mRNA	1020	721	364	41.5522
YNL170W_mRNA	396	97	61	51.759
YGR230W_mRNA	414	115	27	19.3239
YER043C_mRNA	1350	1051	6826	534.554
YKL129C_mRNA	3819	3520	599	14.0059
YDR198C_mRNA	1440	1141	184	13.2727
YNL055C_mRNA	852	553	3201	476.418
YBR169C_mRNA	2082	1783	434	20.0339
YNL213C_mRNA	645	346	153	36.3951
YMR167W_mRNA	2310	2011	269	11.0095
YCL037C_mRNA	1305	1006	13	1.06359
YDR294C_mRNA	1770	1471	1227	68.653
YGL196W_mRNA	1287	988	492	40.986
YOR130C_mRNA	879	580	179	25.4011
YPR130C_mRNA	408	109	90.8872	68.6284
YPL097W_mRNA	1479	1180	175	12.2063
YER116C_mRNA	825	526	215	33.6419
YDR180W_mRNA	4482	4183	283	5.56835
YPL263C_mRNA	1956	1657	720	35.7633
YDR448W_mRNA	1305	1006	143	11.6995
YOR041C_mRNA	432	133	61.7494	38.2128
YBR214W_mRNA	1584	1285	1595	102.161
YOR251C_mRNA	915	616	574	76.6936
YKR095W_mRNA	5628	5329	1169	18.055
YEL018W_mRNA	840	541	242.968	36.9641
YLR077W_mRNA	1752	1453	446	25.2637
YOL035C_mRNA	303	9.89396	4	33.275
YHR093W_mRNA	549	250	3	0.987664
YBR117C_mRNA	2046	1747	105.927	4.99047
YER123W_mRNA	1575	1276	461	29.7357
YOR342C_mRNA	960	661	654	81.4337
YFR013W_mRNA	2364	2065	674	26.8638
YFR055W_mRNA	1023	724	995	113.113
YOL050C_mRNA	321	22.4012	7.33969	26.9671
YLL066C_mRNA	3618	3319	425.956	10.5629
YDR287W_mRNA	879	580	254	36.0441
YFL041W-A_mRNA	192	1.50279	0	0
YCL039W_mRNA	2238	1939	657	27.8879
YGL084C_mRNA	1683	1384	557	33.1243
YIL011W_mRNA	810	511	335	53.9575
YOR376W-A_mRNA	156	1.30603	0	0
YCR083W_mRNA	384	85	102	98.7664
YMR294W_mRNA	1122	823	180	18.0012
YNL273W_mRNA	3717	3418	195	4.69559
YOR068C_mRNA	345	46.0001	0.73258	1.31076
YCR006C_mRNA	474	175	11	5.17348
YLR261C_mRNA	327	28.091	26.0009	76.1816
YKL124W_mRNA	1740	1441	360	20.562
YNL203C_mRNA	612	313	27.906	7.33806
YPL133C_mRNA	1341	1042	245	19.352
YGL162W_mRNA	900	601	561	76.8274
YIL159W_mRNA	4128	3829	126	2.7084
YNR062C_mRNA	984	685	55	6.60846
YLR135W_mRNA	2247	1948	170	7.1827
YGR188C_mRNA	3066	2767	70	2.08217
YPL267W_mRNA	630	331	61	15.168
YDL233W_mRNA	1377	1078	255	19.4693
YMR156C_mRNA	717	418	113	22.25
YBL098W_mRNA	1383	1084	138	10.478
YMR080C_mRNA	2916	2617	1079	33.9348
YPL045W_mRNA	2397	2098	361	14.1622
YGL113W_mRNA	2007	1708	205	9.87857
YNL206C_mRNA	1368	1069	466	35.8786
YGR025W_mRNA	303	9.89396	0	0
YLR156W_mRNA	345	46.0001	8.33333	14.9103
YML060W_mRNA	1131	832	109	10.7828
YDR365C_mRNA	1887	1588	2077	107.65
YOR229W_mRNA	1404	1105	196	14.599
YGR182C_mRNA	354	55	78	116.724
YBL002W_mRNA	396	97	1016	862.085
YGL102C_mRNA	429	130	1643.86	1040.76
YBL082C_mRNA	1377	1078	590.68	45.0984
YLR346C_mRNA	306	11.3524	6	43.5004
YKR025W_mRNA	849	550	511	76.4691
YER177W_mRNA	804	505	5123	834.951
YOR387C_mRNA	621	322	25.5556	6.53217
YMR075C-A_mRNA	366	67	21.2887	26.1519
YBR252W_mRNA	444	145	323	183.342
YDR416W_mRNA	2580	2281	327	11.7991
YLR276C_mRNA	1785	1486	1264	70.0094
YBR041W_mRNA	2010	1711	833	40.0703
YER150W_mRNA	447	148	317	176.289
YGR031W_mRNA	1029	730	455	51.2999
YFR014C_mRNA	1341	1042	1021	80.6466
YDR219C_mRNA	1398	1099	314	23.5158
YGL176C_mRNA	1665	1366	263	15.8465
YLR322W_mRNA	315	17.2766	2	9.52794
YHR088W_mRNA	888	589	352	49.1876
YMR302C_mRNA	2553	2254	657	23.9905
YCR086W_mRNA	573	274	72	21.6277
YMR098C_mRNA	1839	1540	258	13.7888
YOR112W_mRNA	2286	1987	386	15.9889
YBR285W_mRNA	435	136	34	20.5763
YMR065W_mRNA	1515	1216	141	9.54363
YBR068C_mRNA	1830	1531	3810	204.822
YHR065C_mRNA	1506	1207	483	32.9358
YAR035W_mRNA	2064	1765	111	5.17614
YAL034C-B_mRNA	354	55	3	4.48938
YKR001C_mRNA	2115	1816	1480	67.077
YJR108W_mRNA	372	73	15	16.9121
YDR377W_mRNA	306	11.3524	87	630.755
YLR285W_mRNA	786	487	466	78.7562
YLR045C_mRNA	2667	2368	586	20.3678
YDR305C_mRNA	654	355	162	37.559
YIL134W_mRNA	936	637	173	22.3529
YLR190W_mRNA	1476	1177	545	38.1108
YIL028W_mRNA	399	100	19	15.638
YGL025C_mRNA	1194	895	404	37.1523
YNR032W_mRNA	1107	808	327	33.3092
YGR271W_mRNA	5904	5605	634	9.30982
YLR020C_mRNA	1617	1318	526	32.8472
YML100W-A_mRNA	174	1.38904	0	0
YBR059C_mRNA	3327	3028	1243	33.7865
YML049C_mRNA	4086	3787	801	17.4086
YKR078W_mRNA	1758	1459	255	14.3851
YDR193W_mRNA	399	100	15.4076	12.6813
YOR146W_mRNA	306	11.3524	28.4912	206.563
YOR372C_mRNA	1665	1366	297.539	17.9275
YJL195C_mRNA	702	403	8.47999	1.73188
YOR159C_mRNA	285	4.97562	27	446.627
YMR052W_mRNA	615	316	56	14.5858
YPL114W_mRNA	420	121	23.8544	16.226
YMR120C_mRNA	1779	1480	1234	68.6248
YCL029C_mRNA	1323	1024	308	24.7559
YGL022W_mRNA	2157	1858	2782	123.236
YPL202C_mRNA	1251	952	259	22.3919
YER071C_mRNA	381	82	25	25.0931
YGR279C_mRNA	1161	862	2819	269.163
YOR227W_mRNA	3741	3442	795	19.0101
YPL140C_mRNA	1521	1222	244	16.4341
YJL194W_mRNA	1542	1243	56.52	3.74248
YER176W_mRNA	3366	3067	737	19.778
YBR085W_mRNA	924	625	219	28.8398
YDL079C_mRNA	1506	1207	459	31.2992
YOR085W_mRNA	1053	754	779	85.0343
YOL101C_mRNA	939	640	522	67.1303
YNL067W-A_mRNA	147	1.27274	0	0
YLR089C_mRNA	1779	1480	1874	104.216
YJL047C_mRNA	2529	2230	243	8.9687
YOL152W_mRNA	1863	1564	145	7.63061
YDR427W_mRNA	1182	883	942	87.8048
YMR052C-A_mRNA	366	67	12	14.7413
YER145C_mRNA	1215	916	2245	201.72
YDL044C_mRNA	1323	1024	112	9.00214
YJL030W_mRNA	591	292	157	44.2532
YPR036W-A_mRNA	204	1.60381	0	0
YMR246W_mRNA	2085	1786	5503.9	253.64
YLL046C_mRNA	750	451	5	0.912476
YOL073C_mRNA	969	670	378	46.4349
YML133C_mRNA	4125	3826	262.287	5.64234
YKR007W_mRNA	555	256	367	117.992
YBR245C_mRNA	3390	3091	733	19.5179
YPL144W_mRNA	447	148	74	41.1527
YOR048C_mRNA	3021	2722	1030	31.1442
YGR125W_mRNA	3111	2812	562	16.4494
YNL224C_mRNA	2304	2005	462	18.9651
YBR065C_mRNA	1095	796	77	7.96169
YLR449W_mRNA	1179	880	1963	183.597
YLL063C_mRNA	1425	1126	141	10.3064
YIR019C_mRNA	4104	3805	144	3.11484
YOR154W_mRNA	1764	1465	237	13.3149
YFL046W_mRNA	624	325	171	43.3053
YDR466W_mRNA	2697	2398	714	24.5063
YLL008W_mRNA	2259	1960	1025	43.0423
YMR096W_mRNA	894	595	128	17.706
YJL159W_mRNA	1242	943	17087.9	1491.43
YDR109C_mRNA	2148	1849	258	11.4845
YPL123C_mRNA	1305	1006	222	18.1628
YNL072W_mRNA	924	625	180	23.7039
YAL026C_mRNA	4068	3769	895	19.5445
YAL014C_mRNA	768	469	652	114.42
YGR163W_mRNA	1026	727	375	42.4546
YHR054C_mRNA	1065	766	116.933	12.5643
YIL067C_mRNA	2037	1738	500.897	23.7206
YDL024C_mRNA	1407	1108	16	1.18852
YGL094C_mRNA	3348	3049	633	17.0873
YGR131W_mRNA	525	226	96	34.9615
YKL198C_mRNA	1989	1690	758	36.9156
YCL028W_mRNA	1218	919	1064	95.2915
YOR036W_mRNA	867	568	608	88.1015
YLR073C_mRNA	603	304	33	8.93446
YHR169W_mRNA	1296	997	311	25.674
YHR079C_mRNA	3348	3049	508	13.7131
YBR084W_mRNA	2928	2629	1713	53.6284
YER035W_mRNA	438	139	193	114.28
YDL247W-A_mRNA	75	1.11686	0	0
YPL054W_mRNA	906	607	112	15.1865
YGR248W_mRNA	768	469	373	65.4582
YER142C_mRNA	891	592	223	31.0035
YPR121W_mRNA	1719	1420	226	13.0993
YJR128W_mRNA	360	61	2	2.69853
YFL013C_mRNA	2079	1780	529.789	24.4969
YHR016C_mRNA	1407	1108	714	53.0379
YOR284W_mRNA	732	433	60	11.4049
YJL193W_mRNA	1209	910	187	16.9133
YJL176C_mRNA	2478	2179	486.613	18.3804
YHR002W_mRNA	1074	775	192	20.3905
YDR204W_mRNA	1008	709	314	36.4512
YNL048W_mRNA	1647	1348	408	24.9114
YEL074W_mRNA	339	40.0016	9	18.5179
YHR172W_mRNA	2472	2173	187	7.08288
YNL199C_mRNA	1605	1306	683	43.0433
YDR079C-A_mRNA	219	1.77302	0	0
YBR271W_mRNA	1260	961	197	16.8722
YPL213W_mRNA	717	418	136	26.7788
YJR045C_mRNA	1965	1666	6433	317.809
YNL003C_mRNA	855	556	358	52.9951
YCR094W_mRNA	1176	877	279	26.1838
YNL323W_mRNA	1245	946	409	35.5844
YEL062W_mRNA	1848	1549	189	10.0424
YPR019W_mRNA	2802	2503	632	20.7818
YHL006C_mRNA	453	154	37	19.7747
YGR029W_mRNA	570	271	264	80.1793
YHL025W_mRNA	999	700	850	99.9422
YGL125W_mRNA	1803	1504	317	17.3476
YJR135W-A_mRNA	264	3.0155	0	0
YIR023C-A_mRNA	324	25.1994	12.1162	39.5736
YGR038W_mRNA	669	370	248	55.1668
YGR008C_mRNA	255	2.5999	0	0
YKL083W_mRNA	615	316	202.274	52.6842
YNR068C_mRNA	819	520	65	10.2882
YMR046W-A_mRNA	129	1.2183	0	0
YNL145W_mRNA	117	1.18908	0	0
YHR165C_mRNA	7242	6943	1149	13.6207
YIL108W_mRNA	2091	1792	669	30.7267
YOR209C_mRNA	1290	991	1666	138.366
YDR278C_mRNA	318	19.7438	0	0
YFL024C_mRNA	2499	2200	505	18.8928
YOR204W_mRNA	1815	1516	1148	62.3262
YJR014W_mRNA	597	298	667	184.22
YDR352W_mRNA	954	655	303	38.0741
YMR160W_mRNA	2451	2152	302	11.5503
YLR425W_mRNA	3924	3625	374	8.49164
YKR022C_mRNA	969	670	314	38.5729
YBR216C_mRNA	2025	1726	288	13.7334
YLR023C_mRNA	1632	1333	578	35.6883
YNR064C_mRNA	873	574	47	6.73929
YPR118W_mRNA	1236	937	799	70.1835
YFL012W-A_mRNA	375	76	5	5.41482
YKL081W_mRNA	1239	940	8791	769.73
YJL173C_mRNA	369	70	138	162.259
YCR020W-B_mRNA	237	2.07881	0	0
YOR009W_mRNA	1464	1165	407	28.7539
YGL216W_mRNA	2418	2119	385	14.954
YGL155W_mRNA	1131	832	357	35.3161
YJL222W-A_mRNA	228	1.90776	0	0
YJR009C_mRNA	999	700	46652.1	5485.3
YLR378C_mRNA	1443	1144	1862	133.962
YGR250C_mRNA	2346	2047	1234	49.6164
YML005W_mRNA	1389	1090	196	14.7999
YBL068W_mRNA	981	682	422	50.9279
YLL062C_mRNA	975	676	71	8.64449
YNR005C_mRNA	405	106	19.2769	14.9679
YKR027W_mRNA	2298	1999	392	16.1399
YIR002C_mRNA	2982	2683	430	13.1909
YPR134W_mRNA	807	508	185	29.9734
YDR066C_mRNA	591	292	53	14.939
YCL026C-B_mRNA	582	283	62	18.0316
YNL080C_mRNA	1101	802	632	64.8591
YML127W_mRNA	1746	1447	681	38.7353
YDR487C_mRNA	627	328	1070	268.496
YAL062W_mRNA	1374	1075	335	25.6486
YKR068C_mRNA	582	283	283	82.3053
YCL034W_mRNA	1065	766	989	106.266
YPR051W_mRNA	531	232	243.727	86.4655
YIL153W_mRNA	1182	883	756	70.4675
YDR513W_mRNA	432	133	551	340.979
YPL039W_mRNA	951	652	231	29.1603
YAL023C_mRNA	2280	1981	2721	113.05
YER002W_mRNA	696	397	941	195.086
YGR195W_mRNA	741	442	367	68.3395
YMR112C_mRNA	396	97	55	46.668
YCR038W-A_mRNA	126	1.21053	0	0
YMR025W_mRNA	888	589	56	7.82529
YLR214W_mRNA	2061	1762	1926	89.966
YBR044C_mRNA	1719	1420	420	24.3438
YCR005C_mRNA	1383	1084	1274	96.7315
YDR057W_mRNA	1629	1330	411	25.4342
YLR027C_mRNA	1257	958	2370	203.615
YKL156C-A_mRNA	117	1.18908	0	0
YOR001W_mRNA	2202	1903	713	30.8375
YDR036C_mRNA	1503	1204	371	25.3615
YPR009W_mRNA	807	508	409	66.2655
YPL172C_mRNA	1389	1090	415	31.3364
YOR099W_mRNA	1182	883	1582	147.46
YHR035W_mRNA	1893	1594	95	4.90527
YDL083C_mRNA	432	133	4407.02	2727.23
YJR048W_mRNA	330	31.038	26	68.9457
YDL023C_mRNA	321	22.4012	37	135.943
YIR001C_mRNA	753	454	186	33.7198
YBR064W_mRNA	429	130	0	0
YPR149W_mRNA	522	223	2002	738.902
YKL065W-A_mRNA	222	1.81459	0	0
YNL194C_mRNA	906	607	71	9.62715
YPL042C_mRNA	1668	1369	388	23.3269
YHR073W-A_mRNA	177	1.40551	0	0
YBL071C-B_mRNA	99	1.15329	0	0
YOR216C_mRNA	1455	1156	420	29.9033
YOR132W_mRNA	1656	1357	786	47.6728
YNL190W_mRNA	615	316	1372	357.351
YKR080W_mRNA	963	664	744	92.2216
YHR039C-A_mRNA	345	46.0001	807	1443.92
YIL123W_mRNA	1431	1132	2903	211.071
YBR090C_mRNA	369	70	57	67.02
YJR145C_mRNA	786	487	15310.2	2587.5
YGR149W_mRNA	1299	1000	269	22.1401
YJR002W_mRNA	1782	1483	889	49.3388
YHR048W_mRNA	1545	1246	288	19.024
YDR381C-A_mRNA	345	46.0001	39	69.7804
YDR077W_mRNA	1017	718	22509	2580.24
YHL029C_mRNA	2040	1741	411	19.4299
YGL104C_mRNA	1461	1162	220	15.5828
YKR044W_mRNA	1332	1033	422	33.6233
YGL166W_mRNA	678	379	246.392	53.5075
YFL034W_mRNA	3222	2923	617	17.3734
YMR286W_mRNA	261	2.86036	0	0
YDR238C_mRNA	2922	2623	1930	60.5601
YHR186C_mRNA	4674	4375	584	10.9866
YOR203W_mRNA	354	55	12	17.9575
YCR092C_mRNA	3057	2758	359	10.7134
YHR106W_mRNA	1029	730	325	36.6428
YGL170C_mRNA	1242	943	16	1.39648
YGR097W_mRNA	3441	3142	1559	40.8383
YLL052C_mRNA	450	151	62	33.7942
YMR199W_mRNA	1641	1342	840	51.5175
YOR295W_mRNA	687	388	77	16.3338
YIL133C_mRNA	600	301	4460	1219.54
YDL086W_mRNA	822	523	902	141.949
YER088C-A_mRNA	324	25.1994	22	71.8556
YNR051C_mRNA	1548	1249	1320	86.984
YBR230W-A_mRNA	201	1.57618	0	0
YAL063C-A_mRNA	291	6.07225	0	0
YML091C_mRNA	3609	3310	596	14.8199
YIL066W-A_mRNA	444	145	13.1032	7.43766
YMR136W_mRNA	1683	1384	1680	99.9082
YJR023C_mRNA	402	103	17.7513	14.1847
YNR045W_mRNA	1470	1171	452	31.7694
YOL106W_mRNA	354	55	2	2.99292
YPR110C_mRNA	1008	709	1258	146.037
YKL217W_mRNA	1851	1552	157	8.32599
YOR121C_mRNA	306	11.3524	6	43.5004
YKR102W_mRNA	3510	3211	147	3.76795
YKR085C_mRNA	588	289	309	88.0012
YJR008W_mRNA	1017	718	287	32.8992
YLR304C_mRNA	2337	2038	3673	148.335
YGR021W_mRNA	873	574	449	64.3817
YNL248C_mRNA	1248	949	910	78.9229
YPL004C_mRNA	1026	727	6214	703.501
YBR176W_mRNA	939	640	150	19.2903
YDL006W_mRNA	846	547	235	35.3597
YDL076C_mRNA	885	586	344	48.3157
YPR058W_mRNA	924	625	301.486	39.7022
YIL002W-A_mRNA	210	1.66472	0	0
Q0255_mRNA	1419	1120	0	0
YOL149W_mRNA	696	397	339	70.2809
YHR180C-B_mRNA	105	1.16428	0	0
YIR022W_mRNA	504	205	394	158.187
YDR265W_mRNA	1014	715	229	26.3607
YNL042W-B_mRNA	258	2.72269	0	0
YOR059C_mRNA	1353	1054	564	44.0419
YIL136W_mRNA	1182	883	847	78.9497
YER027C_mRNA	1254	955	583	50.245
YBR177C_mRNA	1356	1057	773	60.1911
YAR075W_mRNA	474	175	5.52046	2.59636
YHR022C-A_mRNA	90	1.13832	0	0
YML058W-A_mRNA	207	1.63327	0	0
YHL042W_mRNA	453	154	8	4.2756
YBR027C_mRNA	333	34.0145	0	0
YKL112W_mRNA	2196	1897	441.237	19.144
YGR130C_mRNA	2451	2152	2474	94.6205
YER131W_mRNA	360	61	2877	3881.84
YAL031C_mRNA	2283	1984	476	19.7466
YJR049C_mRNA	1593	1294	656	41.7251
YKL135C_mRNA	2181	1882	773.995	33.8491
YML113W_mRNA	747	448	175	32.1505
YGL040C_mRNA	1029	730	1215	136.988
YBR197C_mRNA	654	355	179	41.5004
YJR079W_mRNA	330	31.038	0	0
YLR017W_mRNA	1014	715	493	56.7504
YGL121C_mRNA	381	82	19	19.0707
YER161C_mRNA	1002	703	677	79.2613
YDR307W_mRNA	1989	1690	348	16.9481
YKL018W_mRNA	990	691	200	23.8221
YOR108W_mRNA	1815	1516	1373	74.5417
YBR026C_mRNA	1143	844	520	50.7094
YPL248C_mRNA	2646	2347	329	11.5375
YML132W_mRNA	1140	841	527.404	51.6149
YDR520C_mRNA	2319	2020	224	9.12693
YAR064W_mRNA	300	8.66635	3	28.4913
YOR106W_mRNA	852	553	246	36.6132
YGR006W_mRNA	756	457	95	17.1094
YIL092W_mRNA	1902	1603	153	7.85572
YAL025C_mRNA	921	622	749	99.1104
YDR168W_mRNA	1521	1222	658	44.3182
YBR121C_mRNA	2004	1705	3974	191.837
YDR113C_mRNA	1122	823	228	22.8015
YGR159C_mRNA	1245	946	5536.17	481.666
YJR037W_mRNA	384	85	8	7.74638
YIR004W_mRNA	1299	1000	923	75.9678
YLR342W_mRNA	5631	5332	7230	111.603
YPL270W_mRNA	2322	2023	734	29.8626
YGR260W_mRNA	1605	1306	2570.39	161.989
YML064C_mRNA	738	439	179	33.5596
YIR020W-A_mRNA	243	2.22021	0	0
YPR202W_mRNA	717	418	143.009	28.159
YPR160W-A_mRNA	81	1.12496	0	0
YGL250W_mRNA	726	427	120	23.1303
YFR021W_mRNA	1503	1204	400	27.344
YOR173W_mRNA	1062	763	229	24.7024
YOL090W_mRNA	2895	2596	447	14.172
YDL071C_mRNA	375	76	1	1.08296
YOR271C_mRNA	984	685	1542	185.277
YKL087C_mRNA	675	376	289	63.2613
YBR087W_mRNA	1065	766	371	39.8633
YML056C_mRNA	1575	1276	4196.89	270.71
YGL252C_mRNA	1767	1468	1163	65.2051
YBR270C_mRNA	1638	1339	163	10.0192
YOR349W_mRNA	3045	2746	260	7.79293
YNL229C_mRNA	1065	766	774	83.1649
YPR068C_mRNA	1413	1114	160	11.8212
YLR310C_mRNA	4770	4471	1019	18.7585
YKL074C_mRNA	1584	1285	289	18.5107
YBL067C_mRNA	2244	1945	665	28.1404
YNL257C_mRNA	3690	3391	434	10.5339
YPL121C_mRNA	669	370	1	0.222447
YDR081C_mRNA	2778	2479	628	20.8502
YOL039W_mRNA	321	22.4012	1700.08	6246.35
YEL066W_mRNA	540	241	84	28.6873
YPR013C_mRNA	954	655	506	63.5824
YKR075W-A_mRNA	270	3.39154	0	0
YJL108C_mRNA	1152	853	409	39.4641
YJR138W_mRNA	4755	4456	373	6.88956
YDR458C_mRNA	1992	1693	463	22.5088
YAL048C_mRNA	1989	1690	118	5.74676
YER069W_mRNA	2592	2293	243	8.72228
YPL051W_mRNA	597	298	166	45.8479
YDL131W_mRNA	1323	1024	1198.2	96.307
YCR020C-A_mRNA	267	3.19127	0	0
YBL089W_mRNA	1380	1081	297	22.613
YPL250C_mRNA	411	112	46	33.804
YKR072C_mRNA	1689	1390	950.263	56.2674
YIL044C_mRNA	897	598	383	52.7139
YDR476C_mRNA	675	376	788	172.491
YER144C_mRNA	2418	2119	881	34.2194
YGL037C_mRNA	651	352	4950	1157.42
YBR039W_mRNA	936	637	784	101.299
YNL162W_mRNA	321	22.4012	1567.13	5757.87
YDR212W_mRNA	1680	1381	1520	90.5895
YLL060C_mRNA	702	403	120	24.5078
YKL126W_mRNA	2043	1744	1455	68.6664
YHR031C_mRNA	2172	1873	269	11.8207
YEL034W_mRNA	474	175	6.05068e-07	2.84573e-07
YDR182W-A_mRNA	204	1.60381	0	0
YKL018C-A_mRNA	300	8.66635	32	303.908
YDR101C_mRNA	1782	1483	599	33.244
YPR106W_mRNA	1332	1033	267	21.2735
YJL135W_mRNA	318	19.7438	0	0
Q0010_mRNA	387	88	0	0
YKR045C_mRNA	552	253	90	29.2786
YPR053C_mRNA	456	157	275	144.165
YNL268W_mRNA	1836	1537	1935	103.618
YBR136W_mRNA	7107	6808	262	3.16745
YNL169C_mRNA	1503	1204	654	44.7074
YMR135W-A_mRNA	534	235	23	8.05541
YLR429W_mRNA	1956	1657	1667	82.802
YGR031C-A_mRNA	492	193	0	0
YIR020C-B_mRNA	735	436	42.3215	7.98918
YOR190W_mRNA	1338	1039	105	8.31767
YJL185C_mRNA	882	583	102	14.3999
YLR056W_mRNA	1098	799	3383	348.484
YPR198W_mRNA	1632	1333	457.125	28.2249
YDR493W_mRNA	372	73	42	47.3537
YBR097W_mRNA	4365	4066	276	5.58688
YBL107C_mRNA	591	292	248	69.9031
YBL074C_mRNA	1068	769	59	6.31471
YMR260C_mRNA	462	163	1481	747.817
YLR411W_mRNA	726	427	62	11.9507
YPR120C_mRNA	1308	1009	110	8.97283
YPL090C_mRNA	711	412	8934.42	1784.83
YPL125W_mRNA	3099	2800	552	16.2259
YDL125C_mRNA	477	178	1095	506.316
YBR071W_mRNA	636	337	226	55.1958
YDR539W_mRNA	1512	1213	400	27.1411
YDR239C_mRNA	2364	2065	315	12.555
YAL056C-A_mRNA	351	52	13	20.5763
YOR052C_mRNA	453	154	422	225.538
YOL034W_mRNA	3282	2983	165	4.55259
YLR198C_mRNA	360	61	156.859	211.644
YCR102W-A_mRNA	198	1.55022	0	0
YOR137C_mRNA	1869	1570	417	21.8607
YIR021W-A_mRNA	213	1.69834	0	0
YDR302W_mRNA	660	361	295	67.2578
YOR038C_mRNA	2628	2329	353	12.4748
YGR274C_mRNA	3201	2902	582	16.5064
YBR212W_mRNA	2019	1720	1673	80.0563
YOR303W_mRNA	1236	937	1159	101.806
YDL066W_mRNA	1287	988	861	71.7256
YNL104C_mRNA	1860	1561	1922	101.339
YNL205C_mRNA	423	124	3	1.99126
YKR082W_mRNA	3474	3175	595	15.4241
YHR154W_mRNA	3213	2914	275	7.76732
YHL032C_mRNA	2130	1831	1001	44.996
YDR136C_mRNA	573	274	3	0.901153
YBL034C_mRNA	4542	4243	220	4.26754
YBR180W_mRNA	1719	1420	44	2.55031
YJL156C_mRNA	2100	1801	353	16.132
YIL009W_mRNA	2085	1786	592.097	27.286
YDR129C_mRNA	1929	1630	2720	137.344
YLR467C-A_mRNA	483	184	57.8088	25.8585
YLR170C_mRNA	471	172	167.272	80.043
YJL103C_mRNA	1857	1558	91	4.80731
YJR098C_mRNA	1971	1672	166	8.17146
YLL036C_mRNA	1512	1213	648	43.9685
YFR006W_mRNA	1608	1309	769	48.352
YNL067W_mRNA	576	277	2052.88	609.976
YPL088W_mRNA	1029	730	426	48.0302
YLR228C_mRNA	2445	2146	827	31.7178
YNL026W_mRNA	1455	1156	537	38.2335
YDR043C_mRNA	696	397	197	40.8417
YCR041W_mRNA	333	34.0145	6.5855	15.935
YLR103C_mRNA	1953	1654	155	7.71301
YHR003C_mRNA	1290	991	334	27.7396
YOL117W_mRNA	1938	1639	183	9.18967
YCR069W_mRNA	957	658	844	105.571
YLR079W_mRNA	855	556	579	85.71
YHR175W-A_mRNA	150	1.28333	0	0
YIL141W_mRNA	390	91	6	5.42672
YHL047C_mRNA	1863	1564	1948	102.513
YLR164W_mRNA	507	208	60	23.7419
YIL098C_mRNA	468	169	153	74.5131
YPL175W_mRNA	1359	1060	352	27.3316
YCR025C_mRNA	411	112	10	7.34869
YPR067W_mRNA	558	259	176	55.9295
YJR150C_mRNA	897	598	70	9.6344
YDR275W_mRNA	708	409	250	50.3089
YOL053W_mRNA	1188	889	321	29.7188
YFR036W_mRNA	375	76	31	33.5719
YKL014C_mRNA	5295	4996	910	14.9916
YBR060C_mRNA	1863	1564	445	23.4181
YIL065C_mRNA	468	169	194	94.4807
YGR161C_mRNA	792	493	1462	244.078
YCR097W-A_mRNA	267	3.19127	0	0
YKL096W-A_mRNA	279	4.19342	0	0
YPR072W_mRNA	1683	1384	918	54.5927
YJL006C_mRNA	972	673	79	9.6614
YML030W_mRNA	480	181	220	100.04
YBR259W_mRNA	2067	1768	171	7.96053
YJR005W_mRNA	2103	1804	691	31.526
YMR118C_mRNA	591	292	32	9.01976
YOL005C_mRNA	363	64	245	315.075
YOL020W_mRNA	1779	1480	1080	60.0606
YER038C_mRNA	1395	1096	91	6.83374
YKR038C_mRNA	1161	862	596	56.9072
YKR048C_mRNA	1254	955	1559	134.36
YLR264W_mRNA	204	1.60381	0	0
YIL068C_mRNA	2418	2119	473.625	18.3963
YOR365C_mRNA	2112	1813	143.483	6.51375
YLR231C_mRNA	1362	1063	270	20.9054
YGL082W_mRNA	1146	847	630	61.2188
YMR048W_mRNA	954	655	133	16.7124
YER094C_mRNA	618	319	1081	278.909
YDR089W_mRNA	2610	2311	374	13.3199
YBR014C_mRNA	612	313	244	64.1613
YNL044W_mRNA	531	232	377	133.746
YLR008C_mRNA	507	208	172	68.0602
YDR471W_mRNA	411	112	2392	1757.81
YJL009W_mRNA	327	28.091	111	325.225
YDR319C_mRNA	825	526	276	43.1868
YJL202C_mRNA	348	49	11	18.4767
YPL038W-A_mRNA	192	1.50279	0	0
YPR069C_mRNA	882	583	1512	213.457
YKL070W_mRNA	510	211	60	23.4044
YMR233W_mRNA	681	382	139	29.9488
YDR228C_mRNA	1881	1582	507	26.3772
YGL012W_mRNA	1422	1123	2721	199.424
YPL164C_mRNA	2148	1849	235	10.4607
YPL163C_mRNA	783	484	961	163.42
YLR069C_mRNA	2286	1987	752	31.1493
YHR052W-A_mRNA	195	1.5258	0	0
YLR403W_mRNA	2052	1753	518	24.3207
YNL028W_mRNA	318	19.7438	0	0
YOR207C_mRNA	3450	3151	1290	33.6953
YOR092W_mRNA	1842	1543	539	28.7509
YNL263C_mRNA	945	646	567	72.2401
YAL037C-A_mRNA	93	1.14312	0	0
YIL139C_mRNA	738	439	143	26.8102
YLR072W_mRNA	2082	1783	621	28.6661
YOL065C_mRNA	1155	856	218	20.9609
YNL059C_mRNA	2268	1969	826	34.5273
YMR149W_mRNA	861	562	1099	160.949
YML073C_mRNA	531	232	4050.74	1437.06
YBR143C_mRNA	1314	1015	2599	210.75
YEL036C_mRNA	1503	1204	1220.85	83.4571
YBR298C_mRNA	1845	1546	1425	75.8636
YOR381W-A_mRNA	168	1.35856	0	0
YDR425W_mRNA	1878	1579	320.022	16.6811
YGL256W_mRNA	1149	850	535	51.8039
YHR143W_mRNA	978	679	3583	434.315
YPL014W_mRNA	1146	847	426	41.3956
YGL075C_mRNA	1164	865	91	8.65871
YDL160C_mRNA	1521	1222	454	30.5782
YNL301C_mRNA	561	262	1277.66	401.369
YNL193W_mRNA	1677	1378	308	18.3963
YGL248W_mRNA	1110	811	489	49.6268
Q0275_mRNA	810	511	1	0.161067
YOR093C_mRNA	4947	4648	423	7.49035
YLR110C_mRNA	402	103	27323	21833.3
YHL041W_mRNA	450	151	4	2.18027
YGL213C_mRNA	1194	895	487.966	44.874
YML129C_mRNA	213	1.69834	0	0
YNR041C_mRNA	1119	820	561.735	56.3826
YNL210W_mRNA	813	514	28	4.48356
YGL026C_mRNA	2124	1825	2213	99.8036
YDR042C_mRNA	603	304	14	3.79038
YOR343C_mRNA	327	28.091	1	2.92996
YER147C-A_mRNA	411	112	200.276	147.177
YBR150C_mRNA	3285	2986	530.027	14.6095
YKR087C_mRNA	1038	739	271	30.1823
YMR075W_mRNA	2055	1756	331.711	15.5476
YHR064C_mRNA	1617	1318	4116	257.032
YML075C_mRNA	3165	2866	1524	43.766
YGR194C_mRNA	1803	1504	401	21.9444
Q0142_mRNA	177	1.40551	0	0
YJR039W_mRNA	3366	3067	431	11.5662
YKR073C_mRNA	321	22.4012	1	3.67414
YOL013W-B_mRNA	291	6.07225	0	0
YKL091C_mRNA	933	634	462	59.9764
YNL126W_mRNA	2541	2242	194	7.12187
YKR062W_mRNA	987	688	371	44.3827
YKL068W-A_mRNA	237	2.07881	0	0
YBR042C_mRNA	1194	895	402	36.9684
YAL018C_mRNA	978	679	1	0.121215
YDR097C_mRNA	3729	3430	345	8.27852
YIL163C_mRNA	354	55	6	8.97876
YAL064W-B_mRNA	381	82	3.79495	3.80908
YNL277W_mRNA	1461	1162	209.371	14.8299
YOR274W_mRNA	1287	988	280	23.3254
YJL189W_mRNA	156	1.30603	0	0
YHL015W-A_mRNA	84	1.12925	0	0
YLR117C_mRNA	2064	1765	424	19.7719
YDR119W_mRNA	2307	2008	728	29.8398
YER013W_mRNA	3438	3139	345	9.04598
YOL107W_mRNA	1029	730	113	12.7404
YDR422C_mRNA	2448	2149	486	18.6135
YPL137C_mRNA	3831	3532	912.016	21.2525
YKL157W_mRNA	2859	2560	1276	41.0241
YPL091W_mRNA	1452	1153	1181	84.3041
YKR052C_mRNA	915	616	408	54.5139
YDR363W_mRNA	1371	1072	207	15.8929
YDR169C-A_mRNA	150	1.28333	0	0
YBR229C_mRNA	2865	2566	653	20.9452
YJR040W_mRNA	2340	2041	518	20.8889
YGR172C_mRNA	747	448	318	58.4221
YPR122W_mRNA	3627	3328	592	14.6408
YHR073W_mRNA	2991	2692	1244	38.0341
YPR171W_mRNA	1731	1432	403	23.1627
YLR347W-A_mRNA	141	1.25297	0	0
YDR060W_mRNA	3078	2779	1370	40.5751
YHR055C_mRNA	186	1.46059	0	0
YJR085C_mRNA	318	19.7438	291	1213.08
YER137C_mRNA	447	148	20	11.1223
YDR061W_mRNA	1620	1321	451	28.0997
YBR126W-B_mRNA	144	1.26263	0	0
YCL042W_mRNA	360	61	121	163.261
YOR157C_mRNA	786	487	1054	178.131
YNL310C_mRNA	525	226	157	57.1767
YGL096W_mRNA	831	532	140	21.6593
YGR240C-A_mRNA	201	1.57618	0	0
YOR252W_mRNA	537	238	238	82.3053
YEL046C_mRNA	1164	865	2182	207.619
YAL034W-A_mRNA	870	571	72	10.3783
YCR063W_mRNA	474	175	25	11.7579
YEL053C_mRNA	2202	1903	468	20.2411
YNL187W_mRNA	1074	775	111	11.7882
YDL028C_mRNA	2295	1996	316	13.0303
YCR036W_mRNA	1002	703	486	56.8995
YNL034W_mRNA	1839	1540	26.303	1.40577
YHR025W_mRNA	1074	775	1499	159.194
YJL061W_mRNA	2142	1843	464	20.7215
YMR319C_mRNA	1659	1360	3007	181.979
YOL122C_mRNA	1728	1429	541	31.1597
YLR233C_mRNA	2100	1801	176	8.04316
YDR034W-B_mRNA	156	1.30603	0	0
YNL119W_mRNA	1482	1183	255.694	17.7895
YJL008C_mRNA	1707	1408	2420	141.462
Q0070_mRNA	1893	1594	0	0
YJL186W_mRNA	1761	1462	750	42.2223
YIL026C_mRNA	3453	3154	279	7.28065
YJR120W_mRNA	351	52	0	0
YBL071C_mRNA	309	13.0646	5	31.4994
YML114C_mRNA	1533	1234	439	29.2804
YHR182C-A_mRNA	474	175	158.814	74.6926
YER105C_mRNA	4176	3877	882	18.7241
YJR069C_mRNA	594	295	316	88.1643
YBR111W-A_mRNA	291	6.07225	23	311.75
YOL161C_mRNA	363	64	0	0
YOR072W_mRNA	315	17.2766	1	4.76397
YBR158W_mRNA	1650	1351	1559	94.977
YDR358W_mRNA	1674	1375	584	34.9573
YDR544C_mRNA	429	130	0	0
YLR390W-A_mRNA	717	418	2759	543.254
YGL098W_mRNA	738	439	218	40.8714
YDR460W_mRNA	966	667	247	30.4789
YNL304W_mRNA	1254	955	200	17.2367
YGR074W_mRNA	441	142	162	93.8976
YPR181C_mRNA	2307	2008	2458	100.75
YOL155W-A_mRNA	135	1.23488	0	0
YGR098C_mRNA	4893	4594	285	5.10601
YIL144W_mRNA	2076	1777	293	13.5709
YDL176W_mRNA	2127	1828	301	13.5525
Q0160_mRNA	708	409	0	0
YOL029C_mRNA	606	307	251	67.292
YEL059W_mRNA	309	13.0646	1	6.29987
YNR036C_mRNA	462	163	705	355.983
YDR130C_mRNA	876	577	158	22.5377
YEL040W_mRNA	1404	1105	4078	303.748
YBR284W_mRNA	2394	2095	85	3.33936
YDR214W_mRNA	1053	754	763	83.2877
YGL145W_mRNA	2106	1807	320	14.5754
YDR002W_mRNA	606	307	2258	605.36
YDL242W_mRNA	354	55	2	2.99292
YLR253W_mRNA	1710	1411	577	33.6571
YKL183C-A_mRNA	213	1.69834	0	0
YEL010W_mRNA	351	52	2	3.16559
YKR058W_mRNA	1851	1552	994	52.7136
YJR130C_mRNA	1920	1621	385	19.5481
YGR228W_mRNA	345	46.0001	76.4899	136.859
YGR086C_mRNA	1020	721	4473	510.613
YPL092W_mRNA	1377	1078	325	24.8138
YDR266C_mRNA	1920	1621	479	24.3209
YML001W_mRNA	627	328	619	155.326
YIL016W_mRNA	480	181	319	145.057
YGR273C_mRNA	525	226	2	0.728366
YDR199W_mRNA	366	67	30	36.8531
YBR091C_mRNA	330	31.038	32	84.8563
YGL050W_mRNA	822	523	212	33.3628
YIL119C_mRNA	1224	925	423	37.638
YOL046C_mRNA	675	376	10.4343	2.28404
YGR183C_mRNA	201	1.57618	0	0
YMR308C_mRNA	3270	2971	1926	53.3558
YNL039W_mRNA	1785	1486	581	32.1799
YJR140W-A_mRNA	150	1.28333	0	0
YPL145C_mRNA	1305	1006	1078	88.196
YMR240C_mRNA	1311	1012	192	15.6152
YKR094C_mRNA	387	88	3758.56	3515.34
YDR406W-A_mRNA	246	2.30138	0	0
YLR424W_mRNA	2127	1828	151	6.79874
YGL228W_mRNA	1734	1435	1167	66.934
YKL110C_mRNA	942	643	430	55.0409
YPL198W_mRNA	735	436	1304.07	246.174
YNL043C_mRNA	321	22.4012	35	128.595
YNR055C_mRNA	1761	1462	863	48.5838
YJR146W_mRNA	354	55	14	20.9504
YPL006W_mRNA	3513	3214	575	14.7248
YHR132C_mRNA	1293	994	1207	99.9422
YPR161C_mRNA	1974	1675	555	27.2713
YKL094W_mRNA	942	643	1052	134.658
YFL032W_mRNA	321	22.4012	2	7.34829
YKR099W_mRNA	2436	2137	244	9.39752
YEL032W_mRNA	2916	2617	788	24.7828
YJR067C_mRNA	426	127	76	49.2536
YBR294W_mRNA	2580	2281	328	11.8352
YBR083W_mRNA	1461	1162	455	32.228
YIL161W_mRNA	708	409	177	35.6187
YBL080C_mRNA	1626	1327	255	15.816
YEL008C-A_mRNA	93	1.14312	0	0
YIL056W_mRNA	1923	1624	1501	76.0716
YDR361C_mRNA	852	553	450	66.9754
YOR335C_mRNA	2877	2578	3055	97.534
YIL082W_mRNA	873	574	354	50.7597
YMR195W_mRNA	384	85	373	361.175
YML087C_mRNA	939	640	54	6.94451
YMR304W_mRNA	3693	3394	592	14.3561
YBR160W_mRNA	897	598	388	53.4021
YPL264C_mRNA	1062	763	61	6.58011
YDL045C_mRNA	921	622	255	33.7425
YMR072W_mRNA	552	253	635	206.577
YGL168W_mRNA	333	34.0145	86	208.095
YDL045W-A_mRNA	288	5.47621	40	601.184
YDR505C_mRNA	2526	2227	582	21.5095
YMR059W_mRNA	387	88	43	40.2174
YGL107C_mRNA	1941	1642	409	20.5011
Q0080_mRNA	147	1.27274	0	0
YAL024C_mRNA	4308	4009	225	4.61928
YOR333C_mRNA	417	118	5.05684	3.52716
YLR222C-A_mRNA	231	1.96013	0	0
YFL018C_mRNA	1500	1201	2074	142.133
YBR244W_mRNA	489	190	253	109.596
YKL149C_mRNA	1218	919	218	19.524
YCR081C-A_mRNA	237	2.07881	0	0
YLR250W_mRNA	705	406	598	121.228
YBR218C_mRNA	3543	3244	2055.89	52.1612
YNL121C_mRNA	1854	1555	1401	74.1542
YAL019W_mRNA	3396	3097	713	18.9486
YLR180W_mRNA	1149	850	3455.35	334.58
YGL079W_mRNA	657	358	98	22.5305
YKR014C_mRNA	705	406	768	155.691
YGR041W_mRNA	1644	1345	457	27.9654
YMR224C_mRNA	2079	1780	336	15.5363
YIR039C_mRNA	1614	1315	161.395	10.1016
YDL199C_mRNA	2064	1765	162	7.55437
YJR012C_mRNA	624	325	165	41.7858
YBR227C_mRNA	1563	1264	427	27.8041
YPL218W_mRNA	573	274	1251	375.781
YPL059W_mRNA	453	154	173	92.4599
YIR018W_mRNA	738	439	101	18.9358
YBL065W_mRNA	345	46.0001	6	10.7354
YGR197C_mRNA	1644	1345	208	12.7283
YDL123W_mRNA	423	124	102	67.7028
YOR181W_mRNA	1902	1603	1221	62.6917
YGR291C_mRNA	222	1.81459	0	0
YER092W_mRNA	378	79	98	102.1
YOL120C_mRNA	561	262	11005.3	3457.24
YML013W_mRNA	1755	1456	510.213	28.8415
YKL172W_mRNA	1284	985	1461	122.079
YDR483W_mRNA	1329	1030	2290	182.989
YGR156W_mRNA	1278	979	300	25.2212
YDR105C_mRNA	1422	1123	450	32.9808
YBL086C_mRNA	1401	1102	713	53.252
YNL097W-A_mRNA	156	1.30603	0	0
YPL192C_mRNA	402	103	25	19.977
YOL013W-A_mRNA	192	1.50279	0	0
YML085C_mRNA	1344	1045	1831	144.212
YLR458W_mRNA	381	82	4.26207	4.27794
YBR124W_mRNA	360	61	10	13.4927
YIL158W_mRNA	615	316	305	79.4403
YDR470C_mRNA	1509	1210	340	23.1271
YMR017W_mRNA	1194	895	19	1.74726
YDR469W_mRNA	528	229	191	68.6477
YOR212W_mRNA	1272	973	1208	102.184
YOL124C_mRNA	1302	1003	395	32.4134
YJR100C_mRNA	984	685	271	32.5617
YOR023C_mRNA	1701	1402	680	39.9198
YOL038W_mRNA	765	466	1766	311.912
YBR247C_mRNA	1452	1153	319	22.7714
YBR179C_mRNA	2568	2269	381	13.8203
YLR181C_mRNA	993	694	430	50.9961
YGL017W_mRNA	1512	1213	333	22.5949
YGR167W_mRNA	702	403	1198	244.669
YJR044C_mRNA	423	124	174	115.493
YGL110C_mRNA	1875	1576	426	22.2475
YDR451C_mRNA	1062	763	191	20.6033
YDR191W_mRNA	1113	814	79	7.98786
YJR053W_mRNA	1725	1426	51	2.9436
YBR234C_mRNA	1155	856	1397	134.323
YDR200C_mRNA	1815	1516	386	20.9564
YGL021W_mRNA	2283	1984	317	13.1506
YBR243C_mRNA	1347	1048	536	42.0951
YJL086C_mRNA	369	70	1	1.17579
YCL012C_mRNA	405	106	59	45.8114
YLR338W_mRNA	858	559	49.1603	7.2382
YFR017C_mRNA	588	289	536	152.649
YNL246W_mRNA	795	496	456	75.6678
YPR119W_mRNA	1476	1177	237	16.5729
YOR120W_mRNA	939	640	322	41.4099
YHR184W_mRNA	1716	1417	35	2.03295
YPL111W_mRNA	1002	703	654	76.5685
YFL011W_mRNA	1641	1342	7	0.429312
YKL062W_mRNA	1893	1594	1301	67.1764
YJL133W_mRNA	945	646	482	61.4105
YDL139C_mRNA	672	373	121	26.6996
YGL028C_mRNA	1629	1330	896	55.4478
YHR212W-A_mRNA	204	1.60381	0	0
YFL015C_mRNA	495	196	1	0.419925
YPR188C_mRNA	492	193	130	55.4388
YNR040W_mRNA	771	472	143	24.9357
YPL240C_mRNA	2130	1831	1258.17	56.5559
YAL031W-A_mRNA	309	13.0646	9	56.6988
YMR083W_mRNA	1128	829	3292	326.838
YPR156C_mRNA	1869	1570	1632.98	85.6068
YOR139C_mRNA	393	94	3.58953	3.14295
YGR082W_mRNA	552	253	543	176.647
YOR021C_mRNA	642	343	627	150.453
YMR202W_mRNA	669	370	2279	506.956
YGL081W_mRNA	963	664	34	4.21443
YIL126W_mRNA	4080	3781	1272	27.6891
YHR214C-D_mRNA	294	6.78516	0	0
YHR007C_mRNA	1593	1294	5156	327.949
YDL097C_mRNA	1305	1006	2319	189.728
YJR131W_mRNA	1650	1351	270	16.4489
YHR193C-A_mRNA	375	76	11.4031	12.3491
YOR231W_mRNA	1527	1228	397	26.6085
YCR007C_mRNA	720	421	48	9.38398
YJL187C_mRNA	2460	2161	395	15.0442
YMR012W_mRNA	3834	3535	2320	54.0165
YIL045W_mRNA	1617	1318	303	18.9215
YDR085C_mRNA	1863	1564	548	28.8384
YLR264C-A_mRNA	117	1.18908	0	0
YNL284C_mRNA	969	670	344	42.2583
YKL143W_mRNA	1392	1093	542	40.8138
YLR272C_mRNA	3531	3232	261	6.64656
YGR181W_mRNA	318	19.7438	42	175.084
Q0065_mRNA	1671	1372	1.15241	0.0691325
YOR389W_mRNA	1875	1576	128.358	6.70341
YCR071C_mRNA	441	142	114	66.0761
YHR005C-A_mRNA	282	4.5528	11	198.858
YER172C_mRNA	6492	6193	833	11.0706
YDR367W_mRNA	666	367	235	52.7023
YOL079W_mRNA	399	100	30.2496	24.897
YNL061W_mRNA	1857	1558	1367	72.2153
YGR186W_mRNA	2208	1909	1511	65.1458
YCR060W_mRNA	336	37.0051	61	135.674
YNR052C_mRNA	1302	1003	720	59.0826
YOL063C_mRNA	2874	2575	368	11.7625
YFL064C_mRNA	525	226	0	0
YML101C_mRNA	354	55	71	106.249
YGR142W_mRNA	1233	934	212	18.6817
YPR141C_mRNA	2190	1891	144	6.26756
YLR094C_mRNA	1509	1210	338	22.9911
YHR097C_mRNA	1101	802	1298	133.207
YGR224W_mRNA	1842	1543	275	14.6688
YDL181W_mRNA	258	2.72269	0	0
YAL053W_mRNA	2352	2053	2267	90.8846
YPL244C_mRNA	1020	721	495	56.5064
YOL095C_mRNA	2121	1822	127	5.73698
YDR271C_mRNA	372	73	16	18.0395
YML090W_mRNA	387	88	1	0.935288
YHR206W_mRNA	1869	1570	841	44.0884
YNL221C_mRNA	2628	2329	610	21.557
YDR304C_mRNA	678	379	1171	254.3
YDL015C_mRNA	933	634	1055	136.959
YKL004W_mRNA	1206	907	925	83.9387
YDR299W_mRNA	1605	1306	305	19.2214
YOR215C_mRNA	558	259	371	117.897
YKL180W_mRNA	555	256	6343.8	2039.56
YLR282C_mRNA	342	43.0005	6	11.4843
YJL020C_mRNA	3474	3175	1339	34.7108
YLR455W_mRNA	915	616	195	26.0544
YLR220W_mRNA	969	670	704	86.482
YLR167W_mRNA	459	160	18698.3	9618.54
YOL103W_mRNA	1830	1531	777	41.7709
YEL059C-A_mRNA	225	1.85938	0	0
YDR489W_mRNA	885	586	154	21.6297
YPL250W-A_mRNA	288	5.47621	1.00996	15.1794
YOR258W_mRNA	654	355	62	14.3744
YDR512C_mRNA	564	265	114	35.4068
YNL315C_mRNA	957	658	613	76.6765
YEL009C-A_mRNA	408	109	1	0.755095
YDR197W_mRNA	1170	871	268	25.3247
YNL157W_mRNA	507	208	629	248.894
YGR030C_mRNA	477	178	76	35.1416
YGL097W_mRNA	1449	1150	917	65.6295
YNL091W_mRNA	3723	3424	1632	39.2296
YOL003C_mRNA	1137	838	164	16.1075
YKL139W_mRNA	1587	1288	272	17.3812
YER183C_mRNA	636	337	239	58.3708
YLR247C_mRNA	4671	4372	542	10.2034
YDR272W_mRNA	825	526	394	61.6507
YOR115C_mRNA	807	508	290	46.9853
YOL154W_mRNA	750	451	100	18.2495
YDR533C_mRNA	714	415	142	28.1623
YGL239C_mRNA	315	17.2766	3	14.2919
YHR125W_mRNA	306	11.3524	0	0
YOR270C_mRNA	2523	2224	3644	134.856
YER084W_mRNA	387	88	8	7.4823
YJR046W_mRNA	1815	1516	448	24.3224
YDR526C_mRNA	471	172	18.1849	8.70183
YPR155C_mRNA	1851	1552	323	17.1293
YOR058C_mRNA	2658	2359	271	9.45517
YKL061W_mRNA	342	43.0005	28	53.5936
YDR338C_mRNA	2088	1789	299	13.7559
YIL165C_mRNA	360	61	34	45.8751
YGR141W_mRNA	1404	1105	438	32.6242
YPR103W_mRNA	864	565	1981	288.578
YIL150C_mRNA	1716	1417	101	5.8665
YBL022C_mRNA	3402	3103	1351	35.8345
YPR204W_mRNA	3099	2800	4223.99	124.163
YML133W-B_mRNA	483	184	0	0
YJL213W_mRNA	996	697	321	37.9053
YIL107C_mRNA	2484	2185	450	16.9508
YGL211W_mRNA	1080	781	508	53.5353
YLR154C-H_mRNA	132	1.22641	0	0
YFR052W_mRNA	825	526	820	128.309
YDR125C_mRNA	1362	1063	80	6.19419
YBR119W_mRNA	897	598	207	28.4903
YLR327C_mRNA	261	2.86036	0	0
YDL206W_mRNA	2289	1990	340	14.0622
YMR268C_mRNA	1335	1036	164	13.029
YIL050W_mRNA	858	559	399	58.7474
YOR285W_mRNA	420	121	571	388.399
YOL052C_mRNA	1191	892	531	48.9957
YNR001C_mRNA	1440	1141	2088	150.617
YOL081W_mRNA	9240	8941	976	8.98445
YPL224C_mRNA	1455	1156	702	49.9813
YLR321C_mRNA	1281	982	323	27.0719
YNL180C_mRNA	996	697	752	88.8
YCL024W_mRNA	3114	2815	177.698	5.19556
YPL179W_mRNA	1650	1351	1163	70.852
YPR101W_mRNA	528	229	108	38.8165
YOR144C_mRNA	2376	2077	114	4.51748
YMR105C_mRNA	1710	1411	3450	201.243
YJR088C_mRNA	879	580	418	59.3166
YNL182C_mRNA	1668	1369	479	28.7978
YJL110C_mRNA	1656	1357	291	17.6498
YBR121C-A_mRNA	159	1.31822	0	0
YDR439W_mRNA	1044	745	174	19.223
YML055W_mRNA	537	238	200	69.1641
YML057W_mRNA	1815	1516	930	50.4907
YER159C_mRNA	429	130	277	175.374
YKL173W_mRNA	3027	2728	564	17.0162
YNL099C_mRNA	717	418	331	65.1748
YOR230W_mRNA	1314	1015	2863	232.158
YDR158W_mRNA	1098	799	2534	261.028
YBR022W_mRNA	534	235	90	31.5212
YBR019C_mRNA	2100	1801	95	4.34148
YJL062W-A_mRNA	258	2.72269	0	0
YDR232W_mRNA	1647	1348	1354	82.6717
YNL140C_mRNA	570	271	105.394	32.0091
YBL037W_mRNA	3078	2779	401	11.8764
YIL117C_mRNA	957	658	564	70.5474
YCL002C_mRNA	792	493	203	33.8904
YNL152W_mRNA	1230	931	329	29.0853
YPL084W_mRNA	2535	2236	716	26.3554
YAL003W_mRNA	621	322	6399	1635.63
YGL160W_mRNA	1713	1414	325	18.9174
YPR194C_mRNA	2634	2335	120	4.22982
YHR126C_mRNA	480	181	0	0
YBR134W_mRNA	402	103	3	2.39724
YNR026C_mRNA	1416	1117	396	29.179
YDR362C_mRNA	2019	1720	319	15.2648
YBR182C_mRNA	1359	1060	87	6.75525
YLR251W_mRNA	594	295	162	45.1982
YER146W_mRNA	282	4.5528	2	36.1559
YDL182W_mRNA	1287	988	2577.8	214.743
YMR266W_mRNA	2862	2563	1525	48.9721
YFR027W_mRNA	846	547	65	9.78034
YMR115W_mRNA	1506	1207	360	24.5484
YOR281C_mRNA	861	562	485	71.0286
YPR032W_mRNA	3102	2803	385	11.3049
YMR318C_mRNA	1083	784	2355	247.231
YCR107W_mRNA	1092	793	172.022	17.8541
YPR099C_mRNA	357	58	89.9561	127.653
YNL102W_mRNA	4407	4108	329	6.59164
YPR065W_mRNA	1107	808	404	41.1527
YNL297C_mRNA	4911	4612	670	11.9568
YPL183C_mRNA	3042	2743	550	16.5031
YOR264W_mRNA	1293	994	593	49.1017
YML125C_mRNA	939	640	1256	161.524
YEL047C_mRNA	1413	1114	1175	86.8122
YBR241C_mRNA	1467	1168	283	19.9421
YOR039W_mRNA	777	478	412	70.941
YLR032W_mRNA	3510	3211	290	7.43337
YHR084W_mRNA	2067	1768	474	22.066
YNL030W_mRNA	312	15.0416	1191.93	6522.08
YOR084W_mRNA	1164	865	327	31.1143
YLR308W_mRNA	939	640	1	0.128602
YLR049C_mRNA	1287	988	159	13.2455
YOR160W_mRNA	2919	2620	439	13.7909
YGR005C_mRNA	1203	904	844	76.8426
YDR243C_mRNA	1767	1468	185	10.3723
YLR025W_mRNA	723	424	724	140.54
YPL009C_mRNA	3117	2818	1136	33.1791
YOR392W_mRNA	444	145	2	1.13525
YEL054C_mRNA	498	199	4359.16	1802.93
YDR150W_mRNA	8247	7948	1234.68	12.7857
YLR159C-A_mRNA	132	1.22641	0	0
YGR162W_mRNA	2859	2560	2535	81.5016
YKL002W_mRNA	699	400	610	125.516
YJL139C_mRNA	1287	988	247	20.5763
YEL067C_mRNA	588	289	37	10.5374
YML077W_mRNA	480	181	139	63.2068
YDR186C_mRNA	2634	2335	1511	53.2605
YKR092C_mRNA	1221	922	615	54.9
YJR129C_mRNA	1020	721	113	12.8994
YBR116C_mRNA	528	229	16.073	5.77684
YFL026W_mRNA	1296	997	2077	171.463
YNL331C_mRNA	1131	832	153.082	15.1435
YNL137C_mRNA	1461	1162	522	36.9736
YKR004C_mRNA	1134	835	125	12.3212
YLR052W_mRNA	753	454	385	69.7964
YDR175C_mRNA	960	661	375	46.6936
YBL108C-A_mRNA	129	1.2183	0	0
YIL010W_mRNA	648	349	203	47.8739
YML088W_mRNA	2007	1708	826	39.8034
YLR075W_mRNA	666	367	18415.2	4129.88
YOL088C_mRNA	834	535	258	39.6912
YPL257W_mRNA	582	283	29	8.43411
YPR169W_mRNA	1479	1180	923	64.3795
YPR139C_mRNA	903	604	390	53.1442
YDR462W_mRNA	444	145	154	87.4139
YBR031W_mRNA	1089	790	16987.1	1769.78
YPL197C_mRNA	414	115	1771.08	1267.56
YGR251W_mRNA	591	292	120	33.8241
YML020W_mRNA	1995	1696	353	17.1308
YHR045W_mRNA	1683	1384	555	33.0054
YDR508C_mRNA	1992	1693	2344.28	113.967
YNL097C_mRNA	993	694	560	66.4135
YMR180C_mRNA	963	664	192	23.7991
YER056C-A_mRNA	366	67	1326.54	1629.58
YHR219C-A_mRNA	483	184	0	0
YLR279W_mRNA	390	91	17	15.3757
YDL189W_mRNA	1374	1075	798	61.0973
YOR341W_mRNA	4995	4696	2400	42.064
YPL217C_mRNA	3552	3253	1274	32.2339
YOR345C_mRNA	351	52	1.66607	2.63704
YCR100C_mRNA	951	652	47	5.93305
YHL002W_mRNA	1359	1060	683.535	53.0741
YJR105W_mRNA	1023	724	2988	339.68
YMR173W-A_mRNA	1185	886	1223.93	113.697
YMR091C_mRNA	1308	1009	662	54.0001
YOR206W_mRNA	2133	1834	816	36.62
YGL015C_mRNA	393	94	0	0
YCR052W_mRNA	1452	1153	817	58.3204
YNL150W_mRNA	408	109	234.413	177.004
YGL156W_mRNA	3252	2953	210	5.85307
YBR115C_mRNA	4179	3880	1019	21.6158
YNL191W_mRNA	1074	775	166	17.6293
YER158W-A_mRNA	216	1.73436	0	0
YCL040W_mRNA	1503	1204	11953	817.106
YNL288W_mRNA	1122	823	679	67.9044
YOR019W_mRNA	2193	1894	254	11.0378
YDR018C_mRNA	1191	892	35	3.22947
YKL131W_mRNA	522	223	27.6791	10.2159
YLR128W_mRNA	810	511	122	19.6502
YCL011C_mRNA	1284	985	2238	187.004
YIL146C_mRNA	1590	1291	123	7.84164
YAL016W_mRNA	1908	1609	1446	73.9674
YJL204C_mRNA	2523	2224	228	8.43777
YOL119C_mRNA	1506	1207	280	19.0932
YLL056C_mRNA	897	598	68	9.35913
YLR217W_mRNA	324	25.1994	26.1707	85.4778
YAL037W_mRNA	804	505	50	8.14904
YOR214C_mRNA	711	412	4	0.799081
YNL306W_mRNA	654	355	541	125.429
YMR244C-A_mRNA	315	17.2766	24	114.335
YGL087C_mRNA	414	115	101	72.2855
YOR385W_mRNA	873	574	161	23.0856
YHL031C_mRNA	672	373	236.353	52.1532
YFL031C-A_mRNA	102	1.15868	0	0
YOL085C_mRNA	342	43.0005	3	5.74217
YHR094C_mRNA	1713	1414	4051.88	235.85
YIL156W-B_mRNA	222	1.81459	0	0
YOR114W_mRNA	885	586	32	4.49449
YOL072W_mRNA	1368	1069	271	20.8651
YIL086C_mRNA	309	13.0646	7	44.0991
YMR191W_mRNA	1122	823	283	28.3018
YIL115W-A_mRNA	372	73	60.3637	68.0583
YDR492W_mRNA	951	652	1066	134.567
YNR069C_mRNA	1470	1171	64	4.49833
YPL102C_mRNA	303	9.89396	0	0
YLR437C_mRNA	402	103	226	180.592
YER011W_mRNA	765	466	1941.94	342.986
YLR054C_mRNA	2175	1876	34	1.49167
YPL208W_mRNA	1752	1453	277	15.6907
YLR466W_mRNA	4149	3850	2029.71	43.3912
YIL156W-A_mRNA	402	103	42	33.5614
YDR542W_mRNA	363	64	0	0
YDR523C_mRNA	1473	1174	108	7.57153
YDR438W_mRNA	1113	814	214	21.638
YDL094C_mRNA	510	211	11	4.2908
YNL105W_mRNA	429	130	23.3019	14.7529
YMR139W_mRNA	1113	814	487	49.2416
YBR223W-A_mRNA	120	1.19594	0	0
YJL160C_mRNA	864	565	52	7.575
YBR293W_mRNA	1425	1126	285	20.8322
YCR031C_mRNA	414	115	5732.02	4102.39
YOR082C_mRNA	342	43.0005	4	7.65622
YMR290C_mRNA	1518	1219	1202	81.1575
YDR387C_mRNA	1668	1369	431	25.912
YDL243C_mRNA	990	691	138.327	16.4762
YDL246C_mRNA	1074	775	60.5	6.42512
YOL144W_mRNA	1455	1156	295	21.0035
YML089C_mRNA	369	70	1	1.17579
YBL055C_mRNA	1257	958	524	45.0188
YNR017W_mRNA	669	370	1106	246.026
YIR015W_mRNA	435	136	40	24.2074
YOL048C_mRNA	1029	730	306	34.5006
YKL103C_mRNA	1545	1246	713	47.0977
YBR182C-A_mRNA	195	1.5258	0	0
YMR027W_mRNA	1413	1114	985	72.7744
YOR237W_mRNA	1305	1006	90	7.3633
YEL041W_mRNA	1488	1189	102	7.06067
YBR225W_mRNA	2703	2404	357	12.2225
YLL032C_mRNA	2478	2179	227	8.57426
YOR185C_mRNA	663	364	218	49.2927
YMR172W_mRNA	2160	1861	439.706	19.4466
YLL050C_mRNA	432	133	1643	1016.75
YPL071C_mRNA	471	172	158	75.606
YIL170W	1374	1075	69.1256	5.29247
YIL174W	228	1.90776	0	0
YLL017W	312	15.0416	5	27.3593
YLL016W	3147	2848	307	8.8721
YIL175W	318	19.7438	7	29.1807
YPL276W	438	139	6.35909	3.76537
YFL056C	1127	828	230.493	22.9116
YCL074W	927	628	0	0
YAR061W	1006	707	42.7362	4.97513
YCL075W	441	142	0	0
YIL171W	330	31.038	3.37612	8.95265
YPL275W	711	412	6.58082	1.31465
