target_id	pval	qval	b	se_b	mean_obs	var_obs	tech_var	sigma_sq	smooth_sigma_sq	final_sigma_sq
YGR234W_mRNA	0	0	-2.96606445049585	0.064502232094059	6.94538151315099	2.35414351661142	0.00211107659778833	0.00660316991580182	0.0145310751826751	0.0145310751826751
YML123C_mRNA	0	0	-3.18113775069197	0.0718067883189682	7.27113202983767	2.71781983913578	0.0016595099863869	0.0189653494083535	0.0152159549804434	0.0189653494083535
YER081W_mRNA	6.30709362831172e-249	1.22483758261814e-245	2.20915562184375	0.0655586061256417	7.7485135275412	1.31637847860615	0.00073256204353485	0.0152819331705289	0.0164591613050132	0.0164591613050132
YIL121W_mRNA	9.27827092523422e-200	1.35138016026036e-196	-1.9567998330492	0.0648918100697149	6.21396775514117	1.02663659858411	0.00326211574941945	0.00268692941316246	0.0135816723070764	0.0135816723070764
YDR033W_mRNA	2.11323787382229e-191	2.46234477057773e-188	-2.47995190649429	0.0840363472731247	7.30895415535347	1.66640825754848	0.00128118512642877	0.0269672455256081	0.0153103733904815	0.0269672455256081
YHR215W_mRNA	6.51266772424505e-184	6.32380036024195e-181	-3.44061235250091	0.118966135320499	6.46687471441958	3.20958787710005	0.0285532943272366	0.0280584710851441	0.0138267985105531	0.0280584710851441
YOR153W_mRNA	1.55524129126395e-170	1.29440510898625e-167	-1.89401869520804	0.0680400416681002	8.40281902886803	0.967629868964387	0.000291308032086092	0.011510175059027	0.0182264810487011	0.0182264810487011
YPL019C_mRNA	1.06077715851161e-169	7.72510965686083e-167	-1.76423531815798	0.0635351650091507	7.19451660745844	0.839792350600412	0.00111266702009024	0.00937163495577945	0.0150342017508698	0.0150342017508698
YER011W_mRNA	2.43232883849414e-139	1.5745275347852e-136	-3.04408312813001	0.121140977950101	6.25590607984257	2.52583840066872	0.00433977101689743	0.05436077513793	0.0136180333899293	0.05436077513793
YIL169C_mRNA	1.44545603670733e-131	8.42122686985692e-129	-1.9725348978871	0.0808188061236595	6.91437020511097	1.06195664941548	0.00170416646110728	0.0244225512319074	0.0144778639559289	0.0244225512319074
YOR273C_mRNA	9.77664634146491e-128	5.17806741685223e-125	-1.52025787142959	0.0632296306057429	7.17602834834857	0.626117431665564	0.000999697280038519	0.00950212360631789	0.0149922474661163	0.0149922474661163
YKL109W_mRNA	1.75171590592657e-116	8.50458072327349e-114	-1.4395468505423	0.0627459237669651	6.9162198971733	0.567196007860149	0.00126722460752224	0.014358459555137	0.014480979189957	0.014480979189957
YAR071W_mRNA	5.61529838761873e-113	2.51651756971282e-110	-2.33532431360771	0.103385284681352	5.92012820581721	1.49325258701497	0.0292761778673675	0.0124259797265851	0.0134778904872091	0.0134778904872091
YFR055W_mRNA	6.94658006991701e-103	2.89076967766689e-100	-1.35128113386369	0.0627410788728565	6.43582608782613	0.501195632872045	0.00196094532455995	0.0133313176852206	0.01378482658796	0.01378482658796
YFR015C_mRNA	9.49739536213851e-103	3.6887883586546e-100	-1.99489777009653	0.0926871045775331	7.80741557116271	1.09330392109484	0.000615561021699046	0.0337480363981672	0.016615908073261	0.0337480363981672
YPL095C_mRNA	1.87929419785821e-97	6.84297999795119e-95	-1.36674881590102	0.0652388424476071	5.9589191010416	0.503454850068856	0.00356013649064794	0.00214082407831376	0.0134642897649669	0.0134642897649669
YHL047C_mRNA	1.98678395876757e-94	6.80882549634109e-92	-1.29620961960477	0.0628750616525414	7.0699439276792	0.458122378986184	0.00104726938513044	0.0097526001126577	0.0147658241261131	0.0147658241261131
YPR149W_mRNA	4.24947791684995e-88	1.37541435242043e-85	-1.3450844272141	0.0675995603777924	6.96642170845734	0.499527446458581	0.00120171472968343	0.0170770875233997	0.0145683661758033	0.0170770875233997
YMR056C_mRNA	2.49393862956145e-85	7.64720339780264e-83	1.34099193811007	0.0685030315929239	5.60668514688966	0.490975178083377	0.00500806562953652	0.00724837429516923	0.013762595720148	0.013762595720148
YHR136C_mRNA	4.41723743227538e-77	1.28674126402182e-74	-3.17576545323719	0.170896925262992	4.18427075113872	2.7984978242335	0.0518238286917829	0.0649992075655958	0.0274661987812288	0.0649992075655958
YER037W_mRNA	7.84937341109899e-74	2.17764045205061e-71	-1.26119479124282	0.0693840487534691	5.49828126670195	0.434252195879072	0.00514216486378835	0.00566738744720846	0.0141144200219068	0.0141144200219068
YER001W_mRNA	2.09022426401513e-73	5.53529389188734e-71	-1.64000657529938	0.0904920408190649	5.98164943383617	0.747803973159353	0.0033897297016944	0.0293655081047028	0.0134550207267867	0.0293655081047028
YOR290C_mRNA	8.16455041112456e-73	2.06811611718312e-70	-5.51037795274562	0.305316165781151	4.51164342848802	8.44515110328727	0.121968657151495	0.250903187197718	0.0227845595553766	0.250903187197718
YDR055W_mRNA	1.30989180067113e-69	3.17976234612918e-67	-1.35923491327964	0.0770727818972045	6.77975327487937	0.514848677709211	0.00135789592844308	0.0224029589090531	0.0142711474583149	0.0224029589090531
YDR399W_mRNA	4.70077371287916e-68	1.09546830604936e-65	-1.26905375859737	0.0727994304834231	6.7068839183107	0.449251744349882	0.0014301951999088	0.0197688331149342	0.0141757416974109	0.0197688331149342
YIL011W_mRNA	2.04731583268529e-65	4.58756232354788e-63	-1.2492278555544	0.0731345069340796	5.28835465801492	0.433236105346649	0.00631142279792427	0.0119929086183276	0.0150832016200395	0.0150832016200395
YBR067C_mRNA	9.90309102453355e-64	2.13686697440491e-61	-1.97735708825255	0.117326804510418	7.48278228215075	1.09404244300143	0.000850805505161608	0.0542115107213416	0.0157598245628659	0.0542115107213416
YBR092C_mRNA	2.03097379523154e-63	4.22587618964963e-61	-1.91995642987278	0.114209085555139	6.60647960632141	1.03169192152976	0.00204637925275845	0.0501284816406055	0.0140351918438796	0.0501284816406055
YNL160W_mRNA	1.00598011615296e-59	2.02097936438178e-57	-1.55871847476111	0.0956337596811937	6.25879943830341	0.682038588648595	0.00248196941583341	0.0341012945472078	0.0136203792356961	0.0341012945472078
YDR077W_mRNA	1.17071392881549e-58	2.27352644975967e-56	-2.09884287472555	0.129974422385026	9.17409192753047	1.23777288518046	0.000154887573635681	0.067418514323649	0.0203385105002423	0.067418514323649
YNL217W_mRNA	4.53653052186766e-58	8.52575058722612e-56	-0.999994557951498	0.0622493321176369	6.76247348824019	0.279239922208057	0.001252438280417	0.0122220166760403	0.0142474791159504	0.0142474791159504
YLR413W_mRNA	9.37739921643286e-58	1.70727274484181e-55	-1.56432187047376	0.0976526264757729	7.3894572513292	0.688161976226443	0.000803335923877626	0.0373408059065897	0.0155175729640927	0.0373408059065897
YER124C_mRNA	1.60165382617603e-56	2.82764702766714e-54	-1.2283607332767	0.0775392068886924	6.21315555899591	0.424811384406684	0.00251984007598964	0.0215294743437201	0.0135809385866487	0.0215294743437201
YHR092C_mRNA	2.67931741535264e-56	4.59108919466014e-54	-1.61284696506669	0.102018113144657	8.4910823145386	0.732528818255776	0.000271362754302383	0.0413594188840814	0.0184680180124446	0.0413594188840814
YJR010W_mRNA	1.78753457907077e-55	2.97547898790466e-53	0.990336902854915	0.0631214241329178	6.25397224104524	0.274187496381351	0.0023208062670772	0.0112323166682943	0.0136164504711936	0.0136164504711936
YOL158C_mRNA	6.20971582020424e-55	1.00493901023639e-52	-1.16170158764537	0.0744196609739778	7.09470992355692	0.380556421837472	0.0010012908142935	0.0211518529436337	0.0148165037599798	0.0211518529436337
YGR087C_mRNA	1.52980041841519e-54	2.4088154696451e-52	2.02917668067193	0.130472580307287	3.9087441021162	1.12754114679744	0.0355608092712149	-0.00392615238331787	0.0325315675769505	0.0325315675769505
YEL065W_mRNA	5.35392054930112e-54	8.20840555795482e-52	-0.961876899302443	0.0621685130072427	6.44522957508704	0.259331550041105	0.00166246968119961	0.0118478569595034	0.0137972263569272	0.0137972263569272
YGR233C_mRNA	1.42178161927629e-53	2.12392300356505e-51	-0.964054533724318	0.0625639741153087	6.24737398457911	0.261039670879053	0.00204603875789952	0.0120961388998248	0.0136109646705045	0.0136109646705045
YDL039C_mRNA	1.01209644178275e-51	1.47411846745657e-49	-1.99193489867352	0.131646308454351	6.59308800949682	1.12278270612498	0.00204395946651692	0.0672790426521154	0.0140149845963759	0.0672790426521154
YJL200C_mRNA	5.54291365761487e-51	7.87634511445469e-49	-0.949644852806814	0.0632310602186005	6.13936292616942	0.250323325972468	0.00247742919340171	0.00806174964496382	0.0135152387120714	0.0135152387120714
YDR406W_mRNA	8.01336471693836e-51	1.11156816287816e-48	-1.30577527068544	0.0870854125188937	6.96308559637004	0.482992859883693	0.00110987294320061	0.0292256033511429	0.0145623892727038	0.0292256033511429
YBR244W_mRNA	1.8736065319028e-50	2.53851898950365e-48	-2.0151965811763	0.13490684970201	4.57800187359507	1.15088407310292	0.0156011698141766	0.057198262571906	0.0219300819196543	0.057198262571906
YLR214W_mRNA	7.37181260001925e-50	9.7609500472073e-48	-0.930771478651359	0.0626946132980716	7.06197725067816	0.245601008005334	0.000972654227153438	0.014646841358322	0.0147498039192255	0.0147498039192255
YER053C_mRNA	1.37076720116949e-49	1.7746866031141e-47	-0.921369436988586	0.0622359228202886	6.79039947799651	0.237264634412973	0.00120718513613558	0.0104558833301458	0.0142860552210361	0.0142860552210361
YJL012C_mRNA	1.25956648026234e-48	1.59526832913226e-46	-0.942419724753163	0.0643089428269187	7.5550720677492	0.238814307157996	0.000593836561081336	0.00152008179282013	0.0159487239489822	0.0159487239489822
YIL056W_mRNA	1.86411829018318e-48	2.31071343800153e-46	-0.912899008354329	0.0624080047559607	6.66191123112754	0.233855160329762	0.00146307004450805	0.0109861447504321	0.014115966185972	0.014115966185972
YBR070C_mRNA	3.29378924449667e-48	3.99783669550784e-46	1.01246237289149	0.0693984141018668	5.48326790241563	0.286946319779913	0.00509411229719201	0.0094683570324078	0.0141704472222248	0.0141704472222248
YPL134C_mRNA	9.00739249697141e-48	1.07096058545623e-45	1.03118093629112	0.0710163507349217	5.89698474944952	0.302384168633097	0.00318047347999627	0.0169928148068254	0.013482395702446	0.0169928148068254
YKR039W_mRNA	3.98448263524443e-47	4.6427191665868e-45	1.4351317092254	0.0995371653833555	6.51029368329493	0.586216022645321	0.00217169254734942	0.0374588966228644	0.0138895329309431	0.0374588966228644
YER067W_mRNA	4.969979055318e-47	5.67747019142797e-45	-1.78141607833752	0.12368552934219	6.90661167355869	0.903364476405502	0.00144007317237926	0.0597523675022518	0.0144648781197933	0.0597523675022518
YOL002C_mRNA	6.28712245777915e-47	7.04399527673487e-45	-1.27206358245688	0.0884204524141417	6.64190840518557	0.460693393995926	0.00145863555075914	0.0298140700697268	0.0140875096203268	0.0298140700697268
YOR108W_mRNA	7.57704464506803e-47	8.3290305853144e-45	-0.894736123921676	0.0622485094484766	6.77200606784891	0.223768798864711	0.00123905259935087	0.00978388005558676	0.0142604551148775	0.0142604551148775
YMR015C_mRNA	8.32772114925016e-47	8.984685817691e-45	-0.920953714979877	0.0641016943003185	5.93179908303378	0.236133481713276	0.00296135857507353	0.00770858750765429	0.0134747502736124	0.0134747502736124
YBR093C_mRNA	8.92256814818731e-46	9.45143309660714e-44	-1.45425542055603	0.102399014297006	6.6278395547826	0.603108437872689	0.00173541554796095	0.040206816968033	0.0140669802962702	0.040206816968033
YCL064C_mRNA	2.13599603035447e-45	2.22219872729377e-43	-0.919861794712212	0.0650513316049512	7.74959212520864	0.227561262947033	0.000464676617283771	0.00159504186277427	0.0164620263570255	0.0164620263570255
YOL109W_mRNA	2.41368308337353e-45	2.46703818311126e-43	-1.8263569791479	0.129236024063255	6.27928668115293	0.9518418970938	0.00275470777682051	0.0640530918858926	0.0136361110877746	0.0640530918858926
YER042W_mRNA	6.49590021025761e-45	6.52501976292429e-43	0.969237440355721	0.0689256643031821	5.4988042291523	0.264889029726169	0.00489048685925276	0.0105131261938401	0.014112501939287	0.014112501939287
YIL119C_mRNA	8.11913514622511e-45	8.01730192574703e-43	-1.39604246578117	0.099388788223669	5.1010523428815	0.556594240908887	0.00796898626943186	0.0315435386288454	0.0163485265493321	0.0315435386288454
YLR108C_mRNA	1.62402116785006e-44	1.57692455398241e-42	0.998358158424333	0.0713261613735658	5.74128284924672	0.284784776170788	0.00390171404865084	0.016447971136501	0.0135279786537561	0.016447971136501
YHR216W_mRNA	2.74993421450996e-44	2.62641257930082e-42	-0.896769851822247	0.0642403934186016	7.52308241161954	0.226858783497461	0.000642311277666322	0.0126503375732437	0.0158650013086405	0.0158650013086405
YOR306C_mRNA	2.97950018944704e-44	2.79976904898685e-42	-0.868079900830821	0.0622106517593474	6.49594632851532	0.203170109245166	0.00161226941983473	0.000766357849572154	0.0138683913494564	0.0138683913494564
YJL077C_mRNA	8.10762905891448e-44	7.49762649162472e-42	1.38595266792586	0.0998358085672604	4.98342413949918	0.549441450438056	0.00921522320833598	0.0306535314807787	0.0173645756879309	0.0306535314807787
YLL061W_mRNA	1.22580120412342e-43	1.1158621586286e-41	0.864326121882567	0.0623942167041168	6.37760740911715	0.213666684456471	0.00185654333237228	0.0136264343085439	0.0137156097801089	0.0137156097801089
YGL028C_mRNA	3.20290308990711e-43	2.87078667719982e-41	-1.07106655433036	0.0777063446183172	6.27039698398431	0.328458514058743	0.00216080969400881	0.0219922942817539	0.0136294872042151	0.0219922942817539
YBL005W_mRNA	1.80648683454397e-41	1.59463519667473e-39	-0.870995859247102	0.0645690758556228	5.92014213986585	0.20934893268935	0.00319877508932684	0.00435114227052041	0.0134778871380698	0.0134778871380698
YMR006C_mRNA	7.35158212983753e-41	6.39258469976618e-39	-1.23983992867136	0.0926257001725872	6.7779527994848	0.44195102223527	0.00135056533896468	0.0329675159908834	0.0142686507999782	0.0329675159908834
YER056C_mRNA	3.70076538061298e-40	3.17068516286047e-38	-0.844051143098896	0.063630576853745	7.41324122278846	0.204564278626189	0.000616268055248886	0.0150105069966525	0.0155791331877125	0.0155791331877125
YOR348C_mRNA	9.24307317164464e-40	7.80436873884082e-38	1.5046843150936	0.114025168295467	5.02839060594643	0.652293129108274	0.0098833285206541	0.0421236274985845	0.0169567757480939	0.0421236274985845
YPL163C_mRNA	2.43540635310109e-39	2.0269539161667e-37	-0.898965367161245	0.0685037269677446	6.69927552242561	0.23302330129972	0.00136262931414867	0.0174084131197365	0.0141661136166428	0.0174084131197365
YLR312C_mRNA	9.55402144157154e-39	7.83968012937969e-37	1.0917558485571	0.083859315865056	4.88548258139295	0.330097429393276	0.00979883505911392	0.00332531561692822	0.018330704370307	0.018330704370307
YHR128W_mRNA	1.92857701515309e-38	1.56054023476138e-36	-0.981989443197717	0.0757407042314559	6.1096480371449	0.27856438038305	0.00240282195853539	0.0205437951513721	0.0134921239626541	0.0205437951513721
YAL061W_mRNA	2.47159992945072e-37	1.97253988890136e-35	-1.42291154071401	0.111442829316129	6.65841489579397	0.586280083088238	0.0016530167682412	0.0480250000556947	0.014111062285199	0.0480250000556947
YGR035C_mRNA	4.66892478247204e-37	3.67583186252461e-35	-2.42427430209752	0.19061047783498	3.88425619768767	1.70286902705523	0.0418899572717182	0.1034394597702	0.0330425697788253	0.1034394597702
YJR147W_mRNA	1.93354802782793e-36	1.50198010801673e-34	-0.849805611904277	0.067407760409319	5.60983464694032	0.206295445429702	0.00442153966315611	0.0102751295760957	0.0137536849904445	0.0137536849904445
YJR078W_mRNA	2.11798672384234e-36	1.62360403330335e-34	1.35551392187773	0.107582553252669	4.24295573507041	0.533187752828113	0.0196480834951756	0.0266479395622775	0.0265332660503351	0.0266479395622775
YCR018C_mRNA	2.38557963264685e-36	1.80498531685722e-34	-1.09461504752738	0.086940669977431	4.70917050229879	0.345458909822928	0.0099281226861845	0.0178686800459879	0.0203065976983138	0.0203065976983138
YNR067C_mRNA	5.00968962235668e-36	3.74185278716026e-34	-0.948161519758556	0.0756612295880181	6.47016889007849	0.261107992221239	0.00174932300577943	0.0211491636453037	0.0138314127742588	0.0211491636453037
YPR124W_mRNA	8.46341046338765e-36	6.24149738730335e-34	-0.797364177492509	0.0638401125005596	7.45647087800474	0.181080567305361	0.000610901961939318	0.0117498111371464	0.0156913378943971	0.0156913378943971
YDR133C_mRNA	2.22236086990331e-35	1.61843430350709e-33	-0.876352030426425	0.0705996717563371	6.28080733629375	0.223406205963187	0.00220491442760796	0.0177323401808022	0.0136372099813145	0.0177323401808022
YLR300W_mRNA	3.22033468992383e-35	2.31625554364151e-33	-0.823924211439104	0.0665353780414696	8.0990359738666	0.194018097915256	0.000308178058902084	0.0136108965087149	0.017399648065583	0.017399648065583
YBR069C_mRNA	3.53553478399616e-35	2.51195434775142e-33	-0.849580766162229	0.0686488023785094	7.10036767600793	0.210070584315961	0.000857528979070055	0.0179931032929445	0.0148282677814164	0.0179931032929445
YNR050C_mRNA	3.78829031551677e-35	2.6591059491808e-33	-0.773343017172402	0.0625165626742398	7.032303768157	0.170307887467384	0.000941939548867638	0.0106566763920968	0.014691342885541	0.014691342885541
YIL094C_mRNA	1.23734774089842e-34	8.58189040294545e-33	-0.773084383511253	0.0629815505006477	7.24695002322283	0.165091477641936	0.000709488672767968	0.00541439050674289	0.0151572141410946	0.0151572141410946
YKL182W_mRNA	1.59806491763586e-34	1.09419615435773e-32	-0.845449861189055	0.0689934918415245	8.62714913505268	0.194976617101431	0.000199388997678588	0.00447970995825697	0.0188410186682674	0.0188410186682674
YNL134C_mRNA	1.61518828140689e-34	1.09419615435773e-32	-0.809557420831081	0.0660691245830721	6.92949422181432	0.191065340465893	0.00107318250523492	0.0163873343874591	0.0145035537878966	0.0163873343874591
YER072W_mRNA	3.40717433311286e-34	2.28163191548454e-32	-0.860912838526462	0.070609915000042	6.5524689560011	0.216259081836819	0.00164457625170089	0.0182984641335517	0.0139531339178989	0.0182984641335517
YLR151C_mRNA	4.23061973624088e-34	2.80086256628856e-32	0.901457340331702	0.0740424546371294	5.48407590311117	0.237167287381223	0.00499693948543215	0.0169322008693333	0.0141673842518831	0.0169322008693333
YEL071W_mRNA	3.40507565826829e-33	2.22898548146866e-31	0.792402400733867	0.0660141785480323	7.96687079234107	0.174018508220364	0.000388504543942669	0.006659450066792	0.0170429825335433	0.0170429825335433
YPR009W_mRNA	1.19290806605063e-32	7.72209154756776e-31	-0.852291818602334	0.0716251505346426	5.41986619621595	0.212859630587738	0.00470306733266507	0.0158175814237758	0.014428280558208	0.0158175814237758
YGR177C_mRNA	3.0926994504271e-32	1.98000736243827e-30	-1.18546395336405	0.100296722406716	5.3185110189911	0.412308490688784	0.0052047569104747	0.035032973191645	0.0149176371766907	0.035032973191645
YPL222W_mRNA	4.21680801475622e-32	2.6703395102141e-30	0.792277998465055	0.0671792477838167	5.93114330048081	0.184236572136263	0.00334517713773145	0.0147070281934663	0.0134749456271113	0.0147070281934663
YJR148W_mRNA	1.16009395817318e-31	7.26742731216874e-30	-0.987204029568148	0.0843188966506569	7.07176217075482	0.286428603906391	0.00100447299260082	0.0274342323369358	0.0147694996973204	0.0274342323369358
YLR356W_mRNA	1.22254078426364e-31	7.57715171182976e-30	0.832962949091145	0.0711719177617082	5.41993948379286	0.203931589559714	0.00558703623770565	0.0146747312738118	0.0144279620192315	0.0146747312738118
YMR272C_mRNA	1.30753717578385e-31	8.01864377485968e-30	-0.902751883588023	0.0771725907428934	6.94852940025501	0.239557196263815	0.00100309708980645	0.022819337958074	0.0145365932832196	0.022819337958074
YGR155W_mRNA	1.41257981771542e-31	8.4842165134124e-30	-0.782493619284002	0.0669297351880891	8.18482903570062	0.16986183740824	0.000286075557106875	0.00676696046024327	0.0176322822522841	0.0176322822522841
YKL062W_mRNA	1.41241178480204e-31	8.4842165134124e-30	-1.3308869651188	0.113835861373592	6.57127336006512	0.520714816162259	0.00178372676849008	0.0500506865701809	0.0139818066651602	0.0500506865701809
YLL060C_mRNA	2.76780024766044e-31	1.64542900437446e-29	0.943173930670958	0.0810704014118213	5.59108183562952	0.261757547543557	0.00442242845676572	0.0218672114835296	0.0138077899524416	0.0218672114835296
YEL040W_mRNA	8.87199801793823e-31	5.22103640934426e-29	-0.910508518664096	0.0789399730734736	7.98912993217267	0.244337875584975	0.000381980910295745	0.0245440964850672	0.0171028933666928	0.0245440964850672
YDL048C_mRNA	1.56671689274443e-30	9.12769261712907e-29	-0.808596543312618	0.0704036837457583	6.83980517716476	0.192859165719129	0.00107576198253926	0.0187509527573517	0.0143584803007574	0.0187509527573517
YOL110W_mRNA	2.12179678961695e-30	1.22391961349588e-28	1.14079458296148	0.0995552852241454	6.12429590798553	0.384045292783765	0.00264090586123967	0.0370041134030041	0.0135031078937285	0.0370041134030041
YGR110W_mRNA	7.98101881028003e-30	4.55857015575406e-28	1.08425514440083	0.0955831429020295	4.61514023671342	0.347604037082157	0.0127921107554006	0.0237524380727185	0.0214601851513026	0.0237524380727185
YNL141W_mRNA	8.71923865769077e-30	4.93187227375791e-28	-1.09051105950521	0.0962002944585588	6.33770269668974	0.351673953082122	0.00199987515557841	0.0350181114600753	0.0136774868754213	0.0350181114600753
YDR342C_mRNA	1.52225398865797e-29	8.52754974800129e-28	-2.1688679815879	0.192157112125766	8.88656420911438	1.39224781384649	0.0013914513303391	0.146305971631717	0.0195526825509472	0.146305971631717
YPL057C_mRNA	1.70124191659655e-29	9.43946229151573e-28	-0.70011861994393	0.0620828091471411	6.74922543414176	0.144949550505729	0.00118732441040756	0.0140683134193896	0.0142297763559938	0.0142297763559938
YGL255W_mRNA	1.83455754112639e-29	1.00831436175494e-27	-0.981825003354709	0.0871143356624101	6.49593993644296	0.285393344507498	0.00169409138521032	0.0286615385264019	0.0138683820092495	0.0286615385264019
YGR067C_mRNA	4.47153617728102e-29	2.43468876344292e-27	1.15074307528743	0.102820001749938	4.79948676234869	0.392591190389324	0.0101581006530795	0.0321297103863496	0.0192598113151754	0.0321297103863496
YOR100C_mRNA	4.83526860645543e-29	2.60835878714901e-27	1.42460291572757	0.127368569125598	3.85521116456705	0.574040813739899	0.0312281680468584	0.0039602845317455	0.0336628415575504	0.0336628415575504
YDR277C_mRNA	5.83996198922987e-29	3.1214328944269e-27	-1.24397180705186	0.111385898172606	6.52014998309885	0.458976350161049	0.00175022296345265	0.04787705028342	0.013904236276575	0.04787705028342
YCR021C_mRNA	6.86596826188949e-29	3.63646646306983e-27	-1.40011127972707	0.125528429207864	5.72944333863706	0.581577335245459	0.00414638441579217	0.0588831617417828	0.0135378828483509	0.0588831617417828
YDL182W_mRNA	1.76703988752516e-28	9.27457151776718e-27	-0.864142983444465	0.0780663756295	7.54546095470376	0.221883765837671	0.000787223252827284	0.0235902127628775	0.0159235484041409	0.0235902127628775
YGR108W_mRNA	6.1464153551887e-28	3.19723355886869e-26	-0.862167254672	0.0786860070122587	5.52113600436967	0.221336854085898	0.00445273484617584	0.0203132159519571	0.0140326666348283	0.0203132159519571
YDR345C_mRNA	6.64602412564358e-28	3.42652535893801e-26	-0.826139257702125	0.0754466261209411	10.0748832080124	0.191116340365965	4.85546213414516e-05	0.0097172177374446	0.0227202189507908	0.0227202189507908
YMR195W_mRNA	8.309051140625e-28	4.24636245134046e-26	-0.87060649840883	0.0796548571843842	5.48513736217163	0.225809126105224	0.00476486775682315	0.0206147173354354	0.0141633687569715	0.0206147173354354
YGR138C_mRNA	1.27915455196251e-27	6.4803081910727e-26	-0.96750149018053	0.0888389141936068	6.22138320790583	0.279080552254115	0.00361182342843796	0.0279575872719582	0.0135883379764407	0.0279575872719582
YER067C-A_mRNA	1.76089878236951e-27	8.84396233283171e-26	-1.76111048467444	0.162144434097924	5.49359734812859	0.92522175582809	0.00655443456540361	0.0986088354703399	0.0141316995168067	0.0986088354703399
YOR383C_mRNA	2.50715527650662e-27	1.24843475563483e-25	0.789256106482682	0.0728831587897851	9.48082392073813	0.185546608905487	8.02502006524438e-05	0.0207410588780262	0.0211675691400557	0.0211675691400557
YLL053C_mRNA	3.29590047511278e-27	1.62728103118704e-25	-1.50755715770824	0.139537168892525	3.6262202550068	0.649843288206793	0.0387423560173929	0.00816728598778661	0.039140129992771	0.039140129992771
YLL052C_mRNA	6.97050894195868e-27	3.41262059629003e-25	-1.83380732985121	0.170824796291235	3.19896449673283	0.967081428532025	0.0639173301840736	0.0114272509528007	0.0528071139276939	0.0528071139276939
YLR213C_mRNA	1.06876715274026e-26	5.18886452655398e-25	0.761335620200125	0.0711829997666071	5.33201229051868	0.16985221454271	0.0054214820054954	0.0109539116944056	0.0148465958175958	0.0148465958175958
YHR143W_mRNA	1.5116085880107e-26	7.27820796177716e-25	-0.69553542578627	0.0652271209454877	7.81429759844234	0.144468478836378	0.000384049703910639	0.0161837408997259	0.0166342595234385	0.0166342595234385
YJR150C_mRNA	4.96643919073764e-26	2.37167825616701e-24	-2.28074794201991	0.216141234355364	3.15121706780944	1.56155990391182	0.100604725522358	0.0862634072322827	0.0546785484377423	0.0862634072322827
YPL025C_mRNA	6.18812826392638e-26	2.93105977769391e-24	2.58084416499247	0.245060927165286	2.87995389579605	1.8048344363024	0.173265637528746	-0.142587771197796	0.0669537945636924	0.0669537945636924
YKL051W_mRNA	9.86380391447417e-26	4.63439690368762e-24	-0.653352844350504	0.062298445412203	6.41972273526775	0.123207226152581	0.0017600796390949	0.00828482288984389	0.013764305564014	0.013764305564014
YGR157W_mRNA	1.32935539132581e-25	6.19585960789133e-24	-0.686016375868128	0.0655895858182066	6.81064823031643	0.141559034855599	0.00118620678604357	0.016021768285172	0.0143150935222157	0.016021768285172
YJR070C_mRNA	2.53878373620282e-25	1.16464205095414e-23	-0.983739096671139	0.0946108409792041	7.10462124123245	0.291482551346784	0.000858239097936056	0.0349466058252329	0.0148371577485363	0.0349466058252329
YKR069W_mRNA	2.53323364994217e-25	1.16464205095414e-23	0.67075433275345	0.0645083220840522	5.91810791998996	0.126796282437603	0.00316692772640051	0.00414012491173802	0.0134783667459987	0.0134783667459987
YDR089W_mRNA	4.64061235055492e-25	2.11220371518226e-23	-1.04194277701222	0.100767202213457	5.66581238919389	0.327413641907979	0.003755760192003	0.036860355975708	0.0136225981383165	0.036860355975708
YPR015C_mRNA	7.08315405559312e-25	3.19895004092136e-23	1.02239117572984	0.099266137993427	4.38467703912672	0.315075497281212	0.0149514552485024	0.023976944349869	0.0244636093600179	0.0244636093600179
YOR049C_mRNA	7.87216182792857e-25	3.52793960073168e-23	-0.711986876178061	0.0691966167906054	5.42575593559067	0.143169279313766	0.00474985070886872	0.00381000231308246	0.0144028363921949	0.0144028363921949
YOR092W_mRNA	8.46992517375923e-25	3.76685374521536e-23	-0.656531775429003	0.0638507932480249	5.89452175142785	0.123953932179832	0.00282492173203124	0.00683029927551495	0.0134827734615769	0.0134827734615769
YBR054W_mRNA	1.11173467211453e-24	4.90679257556003e-23	-1.00032941426016	0.0975356450277301	5.18827115574132	0.30235833753273	0.00624909646699238	0.0318037117369091	0.0157054584687007	0.0318037117369091
YHR174W_mRNA	1.96253220692197e-24	8.59677641919353e-23	-0.82237740880785	0.0806173786558897	11.5741504608279	0.198560722590844	9.52336682987191e-06	0.0195042215469273	0.0259871235985585	0.0259871235985585
YOR178C_mRNA	2.51911214651949e-24	1.09524980340467e-22	-1.00209684026579	0.0984695365156407	6.17981074608554	0.303985485859507	0.00230389868903026	0.0364810997973902	0.013550610933124	0.0364810997973902
YJL016W_mRNA	3.56919023128822e-24	1.54030387314705e-22	-0.642453148217373	0.06334113904852	6.10693127213216	0.119187771800293	0.00255821184007353	0.00721553004469349	0.0134901877437823	0.0134901877437823
YEL044W_mRNA	5.60268088362572e-24	2.40008961970613e-22	0.771024209705617	0.0763494864540633	6.51270323743797	0.180290066425963	0.00166118204213858	0.0216557942850582	0.0138931152545033	0.0216557942850582
YNL279W_mRNA	6.10662369576654e-24	2.59687515704641e-22	0.805175947135761	0.0797980882285305	4.97879556269414	0.183663166967235	0.00806307100737195	0.00348794907295972	0.0174078685323414	0.0174078685323414
YGR096W_mRNA	8.55971879096743e-24	3.61368997653451e-22	0.701595186998223	0.0697621243865551	5.44162967173297	0.147393145069498	0.00513120560917569	0.0121512194169801	0.0143358103865251	0.0143358103865251
YMR244W_mRNA	9.31714372614163e-24	3.90515678766195e-22	1.38269598965069	0.137600709042243	3.91921438091078	0.580512952426961	0.0296662402371376	0.0460695802785742	0.0323163517526953	0.0460695802785742
YDL227C_mRNA	2.38371654330863e-23	9.9196661295115e-22	-1.48080495603295	0.148740849761614	4.20790148908675	0.667337888864281	0.018198882260433	0.0702964792907953	0.0270849045184521	0.0702964792907953
YJL101C_mRNA	2.89988322249503e-23	1.19820706767773e-21	-0.618042381177033	0.06220177276959	6.68223553258265	0.11423584345131	0.00133244755771879	0.0119269890169773	0.014143794585	0.014143794585
YDR259C_mRNA	5.79089946285195e-23	2.37590001905461e-21	0.834892863058799	0.0846152483995237	4.85747392852234	0.20316173620432	0.0100135002380716	0.0085037620418374	0.0186254608087808	0.0186254608087808
YPR075C_mRNA	6.96598298274031e-23	2.83802915087028e-21	0.619734132596104	0.0629275404650329	7.18785606782762	0.116163771289868	0.000820499319683538	0.0139062856038477	0.0150190020762299	0.0150190020762299
YFR030W_mRNA	7.82785663435406e-23	3.16702032998241e-21	0.850607303028233	0.0864733245529212	6.37223253699642	0.220858582931801	0.00193080162614298	0.0279797418107964	0.0137099825529299	0.0279797418107964
YDL229W_mRNA	9.07958669373738e-23	3.64811531570441e-21	-0.832185638534689	0.0847292549380993	9.45420257083879	0.211477223993734	0.000157833366471986	0.0285583532029897	0.0210961600839847	0.0285583532029897
YLR136C_mRNA	1.14921064364845e-22	4.58582274650401e-21	-1.04381196496414	0.106533971892521	5.28102702896668	0.332916330278148	0.0055743440381174	0.0398236046306687	0.0151249016286883	0.0398236046306687
YDR384C_mRNA	1.25634354283897e-22	4.97922277590466e-21	-0.683537968996168	0.0698277421196174	6.13921224456643	0.142796518675397	0.00225884290949678	0.0172448113685984	0.0135151137914556	0.0172448113685984
YOR340C_mRNA	1.29850043727683e-22	5.11152942403703e-21	-0.979741329605601	0.100120936947855	5.79494651122807	0.293395173640475	0.00342042609809369	0.0366763819631715	0.013499586160122	0.0366763819631715
YJL082W_mRNA	2.56059886881222e-22	1.00121134293289e-20	-0.67758322436023	0.0697342201850387	7.02621893313727	0.140586423051153	0.0009508565536128	0.018500589305649	0.0146795905329691	0.018500589305649
YDR059C_mRNA	3.37201864759094e-22	1.30969204272432e-20	0.804960696113026	0.0830835012399738	4.87337168795617	0.197421223254538	0.00915427984712617	0.0172365387008033	0.0184571928660447	0.0184571928660447
YPR061C_mRNA	4.60010428908947e-22	1.77484818465134e-20	0.699027131456173	0.0723870391652071	5.34113920713317	0.149865946309152	0.00523336446524225	0.0157261692911787	0.0147996267409329	0.0157261692911787
YOL152W_mRNA	5.58124671805551e-22	2.13923311706522e-20	-0.832859451193434	0.086423396474022	4.70362342177501	0.209726451034084	0.00950301931432614	0.0170167880958412	0.0203729945180978	0.0203729945180978
YGR153W_mRNA	9.6483320815557e-22	3.67393351027082e-20	0.963676510795498	0.100586243894057	4.41388901530289	0.262231711586547	0.0164032408099993	-0.000775669098409273	0.0240671290328598	0.0240671290328598
YER055C_mRNA	1.04646392124934e-21	3.95889532805107e-20	-0.617345818966755	0.064493564312479	7.63092664519753	0.116938627399333	0.000489626672816483	0.0159115140562595	0.016148052678095	0.016148052678095
YMR173W_mRNA	1.53680077534937e-21	5.77638794657123e-20	-1.00792210921294	0.105736385319635	7.62365888868021	0.312647878071127	0.00115873257585403	0.0435620001459949	0.0161289068143185	0.0435620001459949
YMR280C_mRNA	2.72606245315926e-21	1.01807947769909e-19	0.791756254620085	0.0835826311539702	6.13289860666982	0.19324873438899	0.00256831524516005	0.0253759096773225	0.0135099419331926	0.0253759096773225
YHL035C_mRNA	3.60286984085236e-21	1.33696303775833e-19	-0.597362068631879	0.0632559520375255	6.52016575978768	0.110095962025224	0.00156027077900265	0.0144449910936922	0.0139042599123762	0.0144449910936922
YER047C_mRNA	3.76443576821356e-21	1.38807612567166e-19	0.589228429654113	0.0624250437150595	6.41199585381857	0.104601247480368	0.00183273915158269	0.0110428424880535	0.0137548051797257	0.0137548051797257
YOL047C_mRNA	3.86283641210451e-21	1.4154015683598e-19	0.874391118580277	0.0926627852793139	4.83619013906993	0.235938483496574	0.00908912123516221	0.0252564458677187	0.0188546091103111	0.0252564458677187
YIL117C_mRNA	4.36138815945735e-21	1.58809046356241e-19	0.593498406013406	0.0629804224938375	6.76853153377983	0.108739154289463	0.00120898091948421	0.0146571535505249	0.0142557024242033	0.0146571535505249
YEL066W_mRNA	6.08605158957969e-21	2.20231904104915e-19	0.893464794639911	0.0951658678479731	5.28779171804268	0.246685582108413	0.00647930166982439	0.0297468679432071	0.0150863845341866	0.0297468679432071
YNL144C_mRNA	8.59154681014768e-21	3.08977479727904e-19	-0.583720312229874	0.062415887348749	6.98911547829728	0.0972484604112633	0.000973307515341346	0.00587021352251449	0.0146096644587856	0.0146096644587856
YIL015W_mRNA	1.03903234878322e-20	3.71374384295157e-19	-0.603871938138409	0.064709890775302	5.74552564744528	0.109960977107247	0.00322468195919335	0.0104017027497031	0.0135247978974127	0.0135247978974127
YNL231C_mRNA	1.86794979253729e-20	6.63577773861114e-19	-0.606460704785781	0.0654244870257752	6.7447443948635	0.114058580129458	0.00121520033257332	0.01590625367777	0.0142238757016497	0.01590625367777
YKL161C_mRNA	2.00031261365116e-20	7.062921992201e-19	0.656758731976664	0.0709064781270766	5.36322346109073	0.130258583735415	0.00542148555936748	0.0109035592921218	0.0146894290021749	0.0146894290021749
YDL241W_mRNA	2.11104115227417e-20	7.40899141755982e-19	-1.0731118531118	0.115929746483244	4.00192301804754	0.332322039541511	0.0230759996904445	0.00396360002144643	0.0306828247882323	0.0306828247882323
YGR044C_mRNA	2.20971147371207e-20	7.7088497280518e-19	-0.71753880198203	0.0775575938713398	5.76719000358378	0.159753188663832	0.00372111299335382	0.0203396084750929	0.0135112839683129	0.0203396084750929
YBL039C_mRNA	2.50205501048629e-20	8.6767693399364e-19	-0.93835800151166	0.101571460568942	6.46014946083605	0.273320107048126	0.00180046552449226	0.0394665808839405	0.0138174670840997	0.0394665808839405
YHR030C_mRNA	2.53979429708513e-20	8.75552755906387e-19	-0.590830410421605	0.0639648381112875	7.48669316076935	0.0975956757993516	0.000595985410070577	0.00423350326667427	0.0157700166483423	0.0157700166483423
YML035C_mRNA	3.09554340720341e-20	1.06086093472747e-18	-0.571169238930172	0.0619785471313815	6.42932207858611	0.0983977441978736	0.00158893563179787	0.0106274190087604	0.0137764255862696	0.0137764255862696
YKR077W_mRNA	3.58749749995892e-20	1.22226669209127e-18	0.666047145195473	0.0723983165864927	5.26460006419396	0.128283005651508	0.00574554170375783	0.00495230731627538	0.0152205232744742	0.0152205232744742
YKR076W_mRNA	3.82033519178058e-20	1.29402748996009e-18	1.04071195107993	0.113206994795581	6.05417086446755	0.336667439069241	0.00269556902545248	0.0485677256571342	0.0134606271886088	0.0485677256571342
YGL162W_mRNA	4.04996206224178e-20	1.36387739737691e-18	-0.921337274417891	0.100290104940602	5.80059652631884	0.263913558751399	0.00350911011740049	0.0367233104785876	0.0134978300774999	0.0367233104785876
YDL154W_mRNA	4.24457817551408e-20	1.42120186497385e-18	-1.0525712026022	0.114638320730712	4.24184972571301	0.344504896177823	0.0165816464052211	0.0359861319146091	0.0265504201447564	0.0359861319146091
YNL277W_mRNA	5.11144847694284e-20	1.7016742186668e-18	0.779675389126965	0.0851021634784958	5.90771525971876	0.189143202029966	0.00304388299709357	0.0259256299177889	0.0134805463714934	0.0259256299177889
YDR044W_mRNA	6.13819035658339e-20	2.03188051235539e-18	-1.08782620852503	0.118993846222564	7.17666442174219	0.368426494959385	0.000869816654383894	0.0557683251009731	0.0149936785718583	0.0557683251009731
YLR273C_mRNA	6.66562495471814e-20	2.1940074003496e-18	0.801893440806905	0.0878022151396556	4.72632409719576	0.186602872597075	0.0107341852107289	0.0054737238835272	0.0201027307229926	0.0201027307229926
YLR258W_mRNA	7.58783136702089e-20	2.4835227833856e-18	-1.32921841240968	0.145764932160343	7.60511886592805	0.550476107775155	0.000609433017475231	0.0843802287733619	0.0160801111496832	0.0843802287733619
YNL040W_mRNA	1.13949061698589e-19	3.7087554941675e-18	-0.665722913860724	0.0733599973470578	5.20633408636261	0.125378336578285	0.00594230261352104	0.00176677285200925	0.0155844542295203	0.0155844542295203
YMR122C_mRNA	1.40966330569019e-19	4.56261023275059e-18	1.76150376574844	0.194608189784538	3.60752957868159	0.968828901915447	0.0544514778439735	0.0970379122808851	0.0396371811404351	0.0970379122808851
YNL064C_mRNA	1.78784860074945e-19	5.75469941876592e-18	-0.59511423702924	0.0659365722559436	7.954461801172	0.106826534124281	0.00038091316521558	0.0128872433636866	0.0170096130782375	0.0170096130782375
YIL047C_mRNA	2.00770071390733e-19	6.42684854902424e-18	-0.682211532941879	0.0756932096858679	6.68785634034969	0.145500011619891	0.0012904240273694	0.0216274239428257	0.0141512665350602	0.0216274239428257
YMR319C_mRNA	2.22872888442513e-19	7.09539589107147e-18	-0.580570375982943	0.0644978412158038	7.63766337931696	0.100231267075342	0.000474077571630407	0.0106131481608148	0.0161658085143658	0.0161658085143658
YDR395W_mRNA	2.27794805910117e-19	7.21267684365403e-18	-0.573673597495589	0.0637486346124006	6.51276818416436	0.102932222472738	0.00163926363672438	0.0146162900230571	0.0138932119261967	0.0146162900230571
YFL054C_mRNA	2.56334691943447e-19	8.02906406055121e-18	1.06438237242159	0.118448638067791	6.49800060244441	0.354488254070244	0.0017823484436905	0.0543379709967672	0.0138713969568586	0.0543379709967672
YKR097W_mRNA	2.5553698324436e-19	8.02906406055121e-18	0.802293852756955	0.0892789965201454	4.71517539228761	0.201404206732431	0.0112324081709317	0.0206505487076448	0.0202349780380842	0.0206505487076448
YNL327W_mRNA	2.63421908266288e-19	8.20693068213579e-18	-0.792434738598323	0.0882146839389838	7.67909725276236	0.196506251043136	0.000538484806451292	0.0305888370433679	0.0162751998783797	0.0305888370433679
YCL027W_mRNA	2.99638221379312e-19	9.2364670780734e-18	0.792810671094091	0.0883960663069216	4.68323095948349	0.177255116725011	0.0106364664248334	-0.000305629991082261	0.0206189917293173	0.0206189917293173
YCL036W_mRNA	2.98730607998666e-19	9.2364670780734e-18	-1.38311034881823	0.154207004636299	4.19790651602114	0.598909717576715	0.0206473658264	0.0744718352891976	0.0272452400542703	0.0744718352891976
YDR018C_mRNA	3.09795657117388e-19	9.49931314929422e-18	0.912368198970565	0.101768058795171	4.35755631931686	0.248232475768712	0.0165863375037486	0.0115439635362162	0.0248406136600008	0.0248406136600008
YNL220W_mRNA	3.19043052603912e-19	9.7316482956565e-18	-0.569006141329808	0.063491470288789	7.39459000273319	0.0935919985216955	0.00059381956668877	0.00717818202911696	0.0155308476310399	0.0155308476310399
YCR025C_mRNA	3.54268385720573e-19	1.07498313292086e-17	1.67398692782902	0.187029754668293	2.96188434827542	0.800721808576139	0.0769906431746666	-0.0197122009980714	0.0629298733504612	0.0629298733504612
YIR028W_mRNA	4.18308634936908e-19	1.26272855292354e-17	0.836745748873419	0.0936793655348411	4.57595423696879	0.198138789236052	0.0131471093191539	-0.000896534639880731	0.0219561847888876	0.0219561847888876
YIR027C_mRNA	4.96976596189345e-19	1.49246682958718e-17	1.15014493749544	0.129042174885041	3.7924807890436	0.376000999111425	0.0315507040056891	-0.0066448841709885	0.0350568275905566	0.0350568275905566
YLR092W_mRNA	5.29328724874931e-19	1.58147135954941e-17	0.560364575401828	0.0629202781133753	6.14178678296038	0.0960857470124878	0.00231858835652226	0.0109137241953516	0.0135172572349357	0.0135172572349357
YOL020W_mRNA	6.06578864942188e-19	1.80302472813938e-17	-0.552541836626199	0.0621474334675403	6.75080529348377	0.0883620975633786	0.00121734671661415	0.00622704889493372	0.0142318672297953	0.0142318672297953
YHR176W_mRNA	1.02167720999519e-18	3.02146772864567e-17	0.671918053256993	0.0760715444656175	5.10349137953653	0.136407261090947	0.00681828907589832	0.0103398134379254	0.0163292304336393	0.0163292304336393
YHL040C_mRNA	1.07867738299109e-18	3.17392648146771e-17	-0.573250146416211	0.0649454578228395	5.81615934772242	0.0982939004460782	0.00337779265096404	0.00804689200806056	0.0134938573163088	0.0134938573163088
YPL086C_mRNA	1.16327417225291e-18	3.40564589323893e-17	-0.716565475510255	0.0812599506821045	6.24470429100968	0.161576158635	0.00192107921191801	0.0244916391275142	0.0136087102358543	0.0244916391275142
YGR211W_mRNA	1.23752983887876e-18	3.60492442065382e-17	-0.893348357600924	0.101387191948825	6.22387680056736	0.251195297521604	0.00215381069942061	0.0389636400656506	0.0135905636204712	0.0389636400656506
YNL248C_mRNA	1.35712682831181e-18	3.93364223967393e-17	-0.895886058442165	0.101794722015555	6.30110697116604	0.252715238862447	0.00205329866919101	0.0393953630517053	0.0136508019909081	0.0393953630517053
YOR095C_mRNA	1.70730599701337e-18	4.92414095970293e-17	-0.798914609257523	0.0910432156051632	6.04998973934311	0.201148984638213	0.00250996038116337	0.0306455080497496	0.0134590614557529	0.0306455080497496
YIR042C_mRNA	2.17759666747161e-18	6.24959516487172e-17	0.989419238679395	0.113106312009489	4.66051628893983	0.308814122479559	0.0122483318674704	0.0389238193980815	0.0208963735811521	0.0389238193980815
YPR167C_mRNA	2.71024746102484e-18	7.74014789604446e-17	0.847842048607402	0.0971966120029668	5.78943372904802	0.226959114339939	0.00348481054523724	0.0343039149941838	0.0135014839792965	0.0343039149941838
YMR145C_mRNA	2.83863862666322e-18	8.06727250679996e-17	-0.567188916417707	0.0650616238760118	7.76039990487818	0.0882274466347901	0.000441313849696763	0.00217287414269481	0.0164907457558377	0.0164907457558377
YGL035C_mRNA	2.98096792000487e-18	8.43064034075163e-17	0.564673483264213	0.0648142890645116	7.27262490446956	0.100711635103699	0.000813022399705358	0.0159905458680469	0.0152196229119345	0.0159905458680469
YOL136C_mRNA	3.0424513439143e-18	8.56295726069793e-17	-1.0501957531657	0.120575476483585	6.18250154002082	0.348386495300448	0.00241193367084652	0.055741848446128	0.0135530502748211	0.055741848446128
YDR260C_mRNA	3.28627907090641e-18	9.20474128225998e-17	0.660446653401516	0.0759036470831816	5.13714402646724	0.131932932936598	0.00697483676936165	0.00975622509434696	0.0160706177927511	0.0160706177927511
YLR058C_mRNA	3.40333278780607e-18	9.48699369462114e-17	-1.18389973649296	0.136125073498169	7.46758993203322	0.442943755988384	0.000709659258373978	0.0734104832811536	0.0157202622571698	0.0734104832811536
YKL043W_mRNA	3.4863039318039e-18	9.67200319366168e-17	-0.773839766224782	0.0890042666159664	6.82507258787357	0.189262031054045	0.00110316737218399	0.0305838705312001	0.0143363256327405	0.0305838705312001
YDL169C_mRNA	3.90927744315773e-18	1.07940523146147e-16	0.898531324792984	0.103500743752353	5.08677492345731	0.255288585876346	0.00714674677219333	0.0357028690569679	0.0164629617530462	0.0357028690569679
YLR155C_mRNA	4.56017430591005e-18	1.23570118633637e-16	0.585973285758709	0.0676341351348457	7.07674809170095	0.108641589045066	0.000245851669376536	0.0180516532723778	0.0147796154456958	0.0180516532723778
YLR157C_mRNA	4.56017430591005e-18	1.23570118633637e-16	0.585973285758709	0.0676341351348457	7.07674809170095	0.108641589045066	0.000245851669376536	0.0180516532723778	0.0147796154456958	0.0180516532723778
YLR158C_mRNA	4.56017430591005e-18	1.23570118633637e-16	0.585973285758709	0.0676341351348457	7.07674809170095	0.108641589045066	0.000245851669376536	0.0180516532723778	0.0147796154456958	0.0180516532723778
YLR160C_mRNA	4.56017430591005e-18	1.23570118633637e-16	0.585973285758709	0.0676341351348457	7.07674809170095	0.108641589045066	0.000245851669376536	0.0180516532723778	0.0147796154456958	0.0180516532723778
YGR180C_mRNA	6.75441165208611e-18	1.82181492060434e-16	-0.57234086337918	0.0664045915129373	8.07183420678543	0.0903127181669498	0.000312217135082024	0.00285881978847136	0.0173260619609182	0.0173260619609182
YDR011W_mRNA	6.8441062952086e-18	1.83750061179195e-16	-0.822094528984471	0.0953984350029546	7.25286791842933	0.214200393120101	0.000830036656683141	0.0355734089473686	0.0151714721768872	0.0355734089473686
YGR123C_mRNA	8.53193704934014e-18	2.28014060777319e-16	-0.743056959941794	0.0864804032138959	5.80146206678344	0.17515671671426	0.00308368731348803	0.0268317532466641	0.013497576996061	0.0268317532466641
YNL024C_mRNA	9.76349610551195e-18	2.59735745711016e-16	-0.99602456496609	0.116131463084626	5.16630066350959	0.314900311485427	0.00703524765380643	0.0469108192188965	0.0158582211439171	0.0469108192188965
YOL084W_mRNA	1.43628988519784e-17	3.80355675961936e-16	0.790689976277108	0.0926716258453826	4.53974616712091	0.195473708693537	0.0119314212788826	0.0188787984398798	0.0224206996684238	0.0224206996684238
YKL108W_mRNA	1.45449950683148e-17	3.83435028362001e-16	0.596020825027953	0.0698676543850436	5.40777444355375	0.103537946574251	0.00504444862687223	0.00439168731211021	0.0144815078901994	0.0144815078901994
YER066C-A_mRNA	2.61557305898417e-17	6.86411200073953e-16	-1.11918838527158	0.132251655868891	5.62449078257397	0.399319906252721	0.00429936147036455	0.0656626404498901	0.0137135361376455	0.0656626404498901
YLR417W_mRNA	2.95986966300764e-17	7.7328254065841e-16	0.526510820763226	0.0623227105614171	6.34333691659604	0.0771325236400949	0.00185414759273019	0.00158394362715255	0.0136823334141585	0.0136823334141585
YDR111C_mRNA	3.76659494451476e-17	9.79650988693884e-16	0.578498862278015	0.068705772793133	6.52555059938305	0.106866052978235	0.00172661798235257	0.0171553148780539	0.0139123440136828	0.0171553148780539
YOL104C_mRNA	4.59263762221641e-17	1.18918696831257e-15	-1.59508476159217	0.189966034041891	3.062362180301	0.75634007489287	0.0859695632462354	-0.00254673919346075	0.0583788131121847	0.0583788131121847
YLR256W_mRNA	4.971103272267e-17	1.28148883470033e-15	-0.552115550861379	0.0658269651969337	7.93687007760434	0.0893530237709637	0.000370413854998501	0.00827023118447295	0.0169623435331548	0.0169623435331548
YPR041W_mRNA	5.57680813045089e-17	1.43129886202674e-15	-0.541045757929613	0.0646113888415991	7.65946590512274	0.0873376985857114	0.000475195388806789	0.0094636210462757	0.0162233308833545	0.0162233308833545
YGL234W_mRNA	6.16644170714899e-17	1.57568813095833e-15	-0.637731791527531	0.0762654717806205	7.93292796082802	0.130168466274081	0.000387392033276451	0.022878296710406	0.0169517569586319	0.022878296710406
YPL198W_mRNA	6.42898820513971e-17	1.63560197742987e-15	-0.689206093442406	0.0824697286931709	6.73638342784819	0.152059366759546	0.0032440492366006	0.0239609753663003	0.0142129838067436	0.0239609753663003
YDR481C_mRNA	8.03645309672934e-17	2.03566851050196e-15	-0.530810237438473	0.0637173495180235	7.43788810859132	0.0880954707272938	0.00059654614996864	0.0132887415808495	0.0156430563684392	0.0156430563684392
YHR052W_mRNA	9.55551628378829e-17	2.40997566533985e-15	-1.06427416251712	0.128068690232107	5.87861267155626	0.363280465293405	0.00329394954823435	0.062312408122835	0.0134849130580038	0.062312408122835
YPL075W_mRNA	1.00805316344189e-16	2.53143005612606e-15	-0.572326335899738	0.068923151111986	6.45405752609965	0.105083478771546	0.0016298308725065	0.0173717721643161	0.0138091228474482	0.0173717721643161
YCL025C_mRNA	1.032830728436e-16	2.57825928634499e-15	-1.11368356551865	0.13416340380635	6.88831168058313	0.397943613066406	0.0012294250948025	0.0707698505888206	0.014434766943912	0.0707698505888206
YOL155C_mRNA	1.03997757001557e-16	2.57825928634499e-15	-1.30726018750074	0.157498765401859	7.27281682094225	0.548323000871469	0.000920696269125681	0.0983027481433138	0.0152200947935516	0.0983027481433138
YOR222W_mRNA	1.03781883523587e-16	2.57825928634499e-15	0.574616700606344	0.0692277866624834	7.03204591872356	0.105941110096621	0.000985291526442215	0.0181846542583031	0.0146908432433542	0.0181846542583031
YOL061W_mRNA	1.04617491028088e-16	2.58263348614254e-15	-0.517837360859304	0.0623943745444911	6.99600692614021	0.081157693245541	0.000949805282784911	0.00938899967980072	0.0146224266164081	0.0146224266164081
YGR264C_mRNA	1.1232346302558e-16	2.76116664804655e-15	-0.534109689037509	0.0644206091144942	7.59513385158202	0.0871235173259387	0.000546200778305917	0.0112938078069871	0.0160538587364239	0.0160538587364239
YPR006C_mRNA	1.42744343112712e-16	3.49423757552378e-15	0.572242408248826	0.0692584222330157	5.50989757367646	0.105230821467016	0.00454599522463198	0.0146409209761947	0.0140723401531996	0.0146409209761947
YFL059W_mRNA	1.55074342606585e-16	3.78018041851867e-15	0.912375209488735	0.1105570137148	4.89753158925663	0.250583754717056	0.030685068330999	-3.91948169003627e-05	0.0182063447951385	0.0182063447951385
YPR064W_mRNA	1.66914027337085e-16	4.05183801360774e-15	1.59008133596171	0.192883562897269	3.02165764113633	0.709127063318881	0.08864255905835	-0.0512517497806274	0.0601737162854286	0.0601737162854286
YKR080W_mRNA	1.72678503435077e-16	4.17437743158822e-15	-1.41172751758513	0.171332904578918	6.30356104065233	0.641051755356629	0.00239234811185669	0.115027508653937	0.0136523191208091	0.115027508653937
YMR105C_mRNA	1.79304035707241e-16	4.31663352078671e-15	-0.95685207131578	0.116190942529004	7.91404020680622	0.294552154171252	0.000408714792252841	0.0535926257108607	0.0169010648587656	0.0535926257108607
YHR089C_mRNA	2.03279077385036e-16	4.87367862076223e-15	-0.525864349748665	0.0639727367828645	7.49300880206928	0.0873772400893709	0.000583561754870619	0.0140253913875734	0.015786482451088	0.015786482451088
YCL026C-B_mRNA	2.12580459440954e-16	5.07579408484835e-15	0.736038280668097	0.0895994342317431	4.78541986422863	0.174438712323714	0.00965543335885947	0.0224568010997344	0.0194183499975425	0.0224568010997344
YDR281C_mRNA	2.14132170042771e-16	5.09197560273137e-15	-2.46516597702728	0.300121546951262	1.97754373274523	1.8400130336273	0.222579886298852	0.0125645656467262	0.137711885478823	0.137711885478823
YMR291W_mRNA	2.49096469655314e-16	5.89933346427584e-15	-0.524938895229187	0.0640503654391391	7.20671051249826	0.0887987024279628	0.000794032580634574	0.0156157646709145	0.0150622778549453	0.0156157646709145
YMR042W_mRNA	2.67806913408003e-16	6.31677359317824e-15	0.702149914241553	0.0857639526249703	4.97642957159299	0.158930901345983	0.00780362121708403	0.0216182010623486	0.0174300919644708	0.0216182010623486
YKR053C_mRNA	2.73677659613312e-16	6.42921792301273e-15	-0.526591332089792	0.0643409080718235	5.91408868602647	0.085936609604144	0.00307974861468877	0.00976706709486514	0.0134792611913386	0.0134792611913386
YML075C_mRNA	3.46650276174664e-16	8.11078116061684e-15	-0.510847663274749	0.062635515199458	7.0769655005333	0.0778303428127305	0.000912773294144333	0.00791535541284646	0.0147800577630618	0.0147800577630618
YMR017W_mRNA	4.03847086321981e-16	9.41125249964745e-15	1.2423285983758	0.152668930810323	3.52401617421204	0.454779666308831	0.0512713788187598	-0.00497326387140613	0.0419598309203094	0.0419598309203094
YER044C_mRNA	4.14103729668358e-16	9.61182601214283e-15	-0.530302149754713	0.0651928160221897	5.62624225611247	0.0879646333831686	0.00329141386621606	0.0106077304630445	0.0137089991773962	0.0137089991773962
YGR281W_mRNA	4.23987290931993e-16	9.80218236892774e-15	-0.506993745661272	0.0623492998265081	6.9194899518772	0.0795967006824906	0.00106323597947752	0.0107781838547206	0.0144865047759457	0.0144865047759457
YBR183W_mRNA	4.59779337152054e-16	1.05876459219283e-14	0.513285448304104	0.0631994282709343	6.11722389615558	0.0821331544316092	0.00247897601371056	0.0102459890370864	0.0134976949213813	0.0134976949213813
YNL300W_mRNA	4.69980559983703e-16	1.07799478049805e-14	-1.01694887522312	0.125255195929998	3.78099868364822	0.311413884817929	0.0274351783525377	0.0107411225759399	0.0353202780773115	0.0353202780773115
YDL037C_mRNA	4.95221935272658e-16	1.13143646858765e-14	-2.56623178192897	0.316324210536923	3.89160543478575	2.1297065719967	0.0465701087134793	0.353673915973751	0.0328880736419901	0.353673915973751
YDR361C_mRNA	5.12080141723807e-16	1.16538238503238e-14	-0.691737989903273	0.0853092191458481	5.76296700436201	0.154770327166203	0.00342166795736684	0.0256889835277305	0.0135135831142412	0.0256889835277305
YOR376W_mRNA	5.21129573924821e-16	1.18136221699845e-14	2.70719658144994	0.333955181017341	1.63939740703714	2.37074085642954	0.190230098911121	0.255874152802179	0.183002202068212	0.255874152802179
YKL185W_mRNA	8.35428155942583e-16	1.88651334748895e-14	-0.500290716152591	0.0621564236939435	6.82714670422183	0.0784990402153819	0.00111426801232136	0.01148018917031	0.0143394160133627	0.0143394160133627
YJL170C_mRNA	9.40479353744391e-16	2.11553386676248e-14	0.784055879455752	0.0975875175937791	4.41348142825176	0.178610622856759	0.0140207006791568	0.00170678892190415	0.0240725936813078	0.0240725936813078
YOR328W_mRNA	1.00317094164013e-15	2.24787457922901e-14	0.521866476026136	0.0650181780582888	5.95911882379621	0.0884073886645887	0.00292030439023024	0.0139891495218471	0.0134641933393807	0.0139891495218471
YHR219W_mRNA	1.03157621563742e-15	2.30266782846881e-14	0.792073267781833	0.0987247999402355	8.65104179267901	0.203688604602652	0.000786411726992533	0.0381999327659655	0.0189065658193263	0.0381999327659655
YJR137C_mRNA	1.04797215356345e-15	2.33033807887813e-14	0.500606693460766	0.0624111801379597	6.37835475632241	0.0798369090598779	0.00186421806713404	0.0120733097719578	0.0137164035577174	0.0137164035577174
YKL178C_mRNA	1.0778177319891e-15	2.38759167550133e-14	1.2475620116193	0.155601829791468	3.34346511709185	0.475390293070913	0.0492467741231238	0.0154111190712582	0.0476009436146876	0.0476009436146876
YER079W_mRNA	1.09630425180059e-15	2.41934415567811e-14	0.512583953323012	0.0639485613099794	5.89398915013845	0.0753291440838359	0.00287482081141074	0.00276574522005675	0.013482853163054	0.013482853163054
YJL213W_mRNA	1.42354172738384e-15	3.12964305801443e-14	-0.543983394782291	0.0681392951188436	5.47893335110051	0.0924502863748682	0.00438488218436209	0.0101210149890351	0.0141869719728094	0.0141869719728094
YBR296C_mRNA	1.48616715111294e-15	3.25504128661052e-14	-1.81654937960165	0.227692304853744	5.51337541569026	1.07351057284952	0.00562214666287428	0.201752996095566	0.0140599544839709	0.201752996095566
YBR241C_mRNA	1.5882328879039e-15	3.46555985203301e-14	0.955486414411478	0.119887115820815	6.35459979369023	0.297113380182019	0.00220646971461181	0.0552852124447219	0.0136925688315426	0.0552852124447219
YNL221C_mRNA	1.71528390899503e-15	3.72882240813621e-14	-0.494999483078035	0.0621829901085281	6.40507106310252	0.0777069092520682	0.0017204018320664	0.0115300042958575	0.0137464952032828	0.0137464952032828
YNR053C_mRNA	1.81590993154063e-15	3.93289637961179e-14	-1.46899678819201	0.184702534086199	5.53246105087611	0.70281651442361	0.00523047011818779	0.131229634273266	0.0139937044156694	0.131229634273266
YDL022W_mRNA	1.86396957216689e-15	4.02203212127566e-14	-0.828258343838212	0.104182442021128	7.92086345131407	0.223458032345178	0.000381266411634018	0.0430346584903084	0.0169193715323532	0.0430346584903084
YOR161C_mRNA	2.1038606989884e-15	4.52291233664443e-14	-0.492835034765769	0.0621085107541053	6.87751241625825	0.0786580492104384	0.00101252899847811	0.0138678461576843	0.0144173394338931	0.0144173394338931
YNL175C_mRNA	2.16026736365226e-15	4.62710208111693e-14	-0.810451496823541	0.102177756847	6.24761553963358	0.214132198566268	0.00217089348548642	0.0395902824916525	0.0136111677019768	0.0395902824916525
YOR032C_mRNA	2.18970586275073e-15	4.6729766873208e-14	-0.691011981112946	0.0871378715547198	4.69082154671724	0.146719072224061	0.00984495359836778	0.0109261786298005	0.0205270810379796	0.0205270810379796
YJR025C_mRNA	2.24668608722607e-15	4.77707778984639e-14	0.644085338735256	0.0812530300568656	5.89657730833583	0.135273251221764	0.00295544923996663	0.023452770333721	0.0134824592660222	0.023452770333721
YGR280C_mRNA	2.50207615000944e-15	5.3007620545291e-14	-0.834602687532569	0.105465390547064	6.05753070754048	0.22727544706187	0.00242933135241137	0.0420624630605676	0.0134619788654946	0.0420624630605676
YMR191W_mRNA	2.57418575115831e-15	5.43377035733635e-14	0.534566939363594	0.0675812780623196	5.978871283277	0.0932541388490859	0.00264030589765176	0.0156286106804945	0.0134558452332997	0.0156286106804945
YOR114W_mRNA	2.68403462359069e-15	5.64519339965321e-14	0.886474326960899	0.112144061176814	4.08981921837202	0.230765297865423	0.021235615720961	0.00148813703176931	0.0290695461079546	0.0290695461079546
YLL024C_mRNA	2.84923123602905e-15	5.97108675579326e-14	-0.577769894926601	0.0731600825575922	9.52418369933528	0.10669979695691	0.000125978503293978	0.0188186463838252	0.0212836122160408	0.0212836122160408
YHL050C_mRNA	3.37179488910687e-15	7.04088782219951e-14	0.770048750931764	0.0977676516498787	6.60821007680986	0.193811805530512	0.00936260867059008	0.0288714461659381	0.0140377897715678	0.0288714461659381
YBR158W_mRNA	4.4346773193282e-15	9.22729645085932e-14	-0.497489113235142	0.063439155335076	6.98929914049751	0.0810236767472742	0.000971182576579618	0.015126923141932	0.0146100032443122	0.015126923141932
YGR173W_mRNA	4.49672372517853e-15	9.32310050636658e-14	-0.612286190251127	0.0780952994492822	5.76688897386449	0.122740970644603	0.00306041876789078	0.0213350844164014	0.0135114428475796	0.0213350844164014
YMR300C_mRNA	4.89000059747411e-15	1.01025331492497e-13	-0.760187660697374	0.0970901537463342	6.62126436933918	0.18929500022383	0.00136084263886227	0.036345149179085	0.01405726538203	0.036345149179085
YGL171W_mRNA	5.00363193636406e-15	1.03007631311862e-13	-0.987679049042589	0.12619160810269	5.32242309329673	0.319586776345406	0.00574722276355417	0.0579500650586173	0.0148968592538638	0.0579500650586173
YMR199W_mRNA	7.52528284056564e-15	1.54374288130758e-13	-0.484325628881867	0.0622900665463371	6.35083787428947	0.0746368156093526	0.00183113900570202	0.0111165020637998	0.0136890705556864	0.0136890705556864
YLR137W_mRNA	7.58503108377177e-15	1.55054003838787e-13	0.619503614897169	0.0796858317353626	5.89622945730205	0.12604863300844	0.00314582409582193	0.0222535030216042	0.013482513190279	0.0222535030216042
YOL130W_mRNA	7.91255340135975e-15	1.61183692714412e-13	-0.696946182933083	0.089708930029214	6.84927356086851	0.159573779115414	0.00102721440134931	0.0311635541065964	0.0143729686440816	0.0311635541065964
YLR249W_mRNA	8.69918913118785e-15	1.76590508286761e-13	-0.587638040340217	0.0757562654721747	10.1518152010194	0.110305337226183	4.2049725499834e-05	0.019479821172584	0.0229139973076626	0.0229139973076626
YPR010C_mRNA	1.07855790047617e-14	2.18183275283826e-13	-0.748716387680298	0.0968631034796116	7.5436098894673	0.18451484816023	0.000595969663448737	0.0369338735993591	0.0159187018020175	0.0369338735993591
YBR025C_mRNA	1.15369228715394e-14	2.32574784254632e-13	-0.517194219771633	0.0669849012790775	8.19273296103539	0.0760600279161238	0.00029415441606713	0.0047730580754403	0.0176537535814039	0.0176537535814039
YBR068C_mRNA	1.31952599133096e-14	2.65088221568764e-13	-0.510105191986738	0.0662137031158433	8.01815288032228	0.0817242037966054	0.000355909149949317	0.012860792948749	0.0171811087713028	0.0171811087713028
YPR120C_mRNA	1.42675578635319e-14	2.85645333721433e-13	0.563633807034963	0.0732568805318429	5.21197672377751	0.0992964622144763	0.005918815216727	0.00970366046086167	0.0155474669642998	0.0155474669642998
YKR091W_mRNA	1.83408024094206e-14	3.65936694648234e-13	-0.482080529235599	0.0629203719164537	6.46215866709269	0.0767539363993449	0.00170332299351245	0.014132569814907	0.0138202420720664	0.014132569814907
YMR081C_mRNA	1.96128457115991e-14	3.89981020872957e-13	-0.876953134946722	0.114587346555666	5.62504627778209	0.254098784203264	0.00435192688985417	0.0481691130728186	0.0137120902380387	0.0481691130728186
YDR213W_mRNA	2.26024225687792e-14	4.47896986005807e-13	-0.570125495558558	0.0746737621729984	6.18933666181532	0.107495859009297	0.00205134756608065	0.0202533354621974	0.013559266567486	0.0202533354621974
YKL045W_mRNA	2.41710068499882e-14	4.77356901383157e-13	0.479668612552858	0.0628971762632349	6.01267681327787	0.0683595864772894	0.00237281566881973	0.00513189045159495	0.013451403458734	0.013451403458734
YPR160W_mRNA	2.48839003014052e-14	4.89775686337794e-13	-1.46496459919399	0.192189908496481	7.15891631774169	0.7101969946352	0.0010596769041741	0.146688166807369	0.0149540758459834	0.146688166807369
YKR106W_mRNA	2.50682589039609e-14	4.91743018095879e-13	0.717383888463386	0.0941259439735093	4.54870694741229	0.164412401898537	0.0131335204794175	0.0159827262899154	0.0223052528361994	0.0223052528361994
YNR003C_mRNA	2.66841248991551e-14	5.21683596182812e-13	-0.548197072380206	0.0720036133364964	5.40420772345791	0.099494217289438	0.00473506745046133	0.0160030138835854	0.0144974651141368	0.0160030138835854
YPR069C_mRNA	2.84582385190323e-14	5.54507349872515e-13	-0.47753176900848	0.0627906114436618	7.18380610323499	0.0653468095193252	0.000760836703238034	0.00410029052107662	0.0150098068386376	0.0150098068386376
YGR061C_mRNA	2.96282431008801e-14	5.75380481019091e-13	-0.504049917513244	0.0663229358727836	8.05113606621694	0.0796254400601707	0.000324798174809902	0.0123977963624849	0.0172701291163316	0.0172701291163316
YOR227W_mRNA	3.03356070913359e-14	5.87160288751239e-13	0.608444558129999	0.0800913762538009	7.08513524584597	0.122669221338987	0.000977020869077251	0.0246814933318343	0.0147967532565298	0.0246814933318343
YGR225W_mRNA	3.05386705024055e-14	5.89133424990114e-13	0.860344860738749	0.113262644106789	4.01165253542242	0.242750930888386	0.0208155125025003	0.0277909764780346	0.030498193697744	0.030498193697744
YFL004W_mRNA	3.19576669572235e-14	6.14473160702257e-13	-0.60138871339473	0.0792329585480522	7.00388069167674	0.119882252981987	0.00106039504762335	0.0240510518334861	0.0146371339208927	0.0240510518334861
YOL077C_mRNA	3.43779895217889e-14	6.58836075506389e-13	-0.756906504954748	0.0998469383208777	6.35635957278567	0.189994456675082	0.00182309438918559	0.0380545499790271	0.013694232129626	0.0380545499790271
YIL055C_mRNA	3.50321580877555e-14	6.69171649243486e-13	0.499904351236702	0.0659659121262728	5.70577063505157	0.0807708409123339	0.00384329817073045	0.0112956426966593	0.0135627080798741	0.0135627080798741
YDR343C_mRNA	3.52247597568799e-14	6.70651798508439e-13	-1.36836684079012	0.180582630592509	7.75702948319233	0.621058405754099	0.00628169984446244	0.12415864604238	0.0164817874357379	0.12415864604238
YMR309C_mRNA	4.28678583980687e-14	8.13511866537942e-13	-0.613761969089388	0.081271624014087	6.79555304239251	0.125113288234374	0.00129106737741163	0.0251292401021368	0.0142933607852295	0.0251292401021368
YLR420W_mRNA	5.11428129241599e-14	9.67396195117388e-13	-0.5075010863927	0.0674064584939176	6.70812531030653	0.0856448484649232	0.00128982269550239	0.0168846998912665	0.0141772915308589	0.0168846998912665
YKL221W_mRNA	5.1956702605278e-14	9.79369071605803e-13	1.06822521127802	0.1419208896602	3.57363867427079	0.376379386898019	0.0400067749904145	0.0372268246831854	0.0405593806973564	0.0405593806973564
YML055W_mRNA	5.21119828695158e-14	9.79369071605803e-13	0.651932670486941	0.0866181173011321	5.43534651513974	0.141347728606755	0.00473448281103037	0.0252763101681404	0.0143620721626281	0.0252763101681404
YMR217W_mRNA	5.43357985997145e-14	1.01787897955607e-12	-0.504206381604295	0.0670393118660152	8.00691831101937	0.0845716922525492	0.000384996447072939	0.0175920808948025	0.0171508189971599	0.0175920808948025
YPR110C_mRNA	6.3067016388133e-14	1.17765524832456e-12	-0.526522174153332	0.070188440297658	6.8556786651513	0.0923187839986672	0.00116586987662269	0.0185397987290489	0.0143828804391245	0.0185397987290489
YER110C_mRNA	6.45070650231354e-14	1.20069699944021e-12	-0.613586523312912	0.081826900182576	7.39787827149483	0.125393974373354	0.000627754258071931	0.0261548121158851	0.0155393550103029	0.0261548121158851
YJL194W_mRNA	6.47778624497114e-14	1.20189753704464e-12	0.843885455079091	0.112547434429917	4.19981843188013	0.219080738443704	0.0234532360924084	0.00780679472754742	0.0272144638946179	0.0272144638946179
YIL009W_mRNA	6.75931147512364e-14	1.25015075092287e-12	-0.496568872227539	0.0662757878893818	6.00358470663566	0.0821534308560924	0.00281461421923812	0.0147553060221952	0.0134514435725012	0.0147553060221952
YLR276C_mRNA	7.71445262145638e-14	1.42229117001914e-12	-0.739244575590126	0.0988942579362909	6.79665526485895	0.182240955220853	0.00120981586547913	0.0379104811455994	0.01429493080919	0.0379104811455994
YLR250W_mRNA	9.93242489768264e-14	1.82543556636906e-12	0.463513633894056	0.0622851698704978	6.77736396584489	0.0656533545352122	0.00124993371856142	0.00770869219611642	0.0142678358246257	0.0142678358246257
YKR061W_mRNA	1.02641338302446e-13	1.8804667828618e-12	-0.523529632933599	0.0703909380529507	5.36203234254199	0.0814498140975499	0.00512428710979168	0.00383386326341516	0.0146952495301057	0.0146952495301057
YGR189C_mRNA	1.07650956051183e-13	1.96606416913541e-12	0.581324874145508	0.0782280321832948	8.52827585756458	0.112963562552021	0.000221727439573665	0.0242567726375088	0.0185699138097595	0.0242567726375088
YBR034C_mRNA	1.10723544483425e-13	2.00333965888334e-12	-0.884159093866257	0.119039623086381	6.6858638977203	0.261366226498684	0.00150204513271322	0.0551796823254774	0.0141486298224897	0.0551796823254774
YDR506C_mRNA	1.10553744416266e-13	2.00333965888334e-12	0.511812390526914	0.0689064771173458	5.4798493635169	0.0830658853133394	0.00480894366057168	0.00934681257604237	0.0141834666943215	0.0141834666943215
YOR342C_mRNA	1.10704821422962e-13	2.00333965888334e-12	-0.699656203066027	0.0941986124059533	6.00566458197296	0.163665627359378	0.00284731801210991	0.0326461963047182	0.0134513628787198	0.0326461963047182
YCR005C_mRNA	1.12095575033888e-13	2.02188489209732e-12	0.766206940863675	0.103181659628513	7.30556099420265	0.196299585226505	0.0008127182944716	0.0417731012403058	0.0153017759639176	0.0417731012403058
YOL114C_mRNA	1.14081399732644e-13	2.05135257667403e-12	0.778502737170047	0.104870305461406	4.25566665073955	0.18569766623395	0.0176538459340027	0.00814607880772746	0.0263372779362719	0.0263372779362719
YLR112W_mRNA	1.22476008806026e-13	2.19552377631972e-12	1.08908702855932	0.146894512772967	3.47011743968862	0.369349586374042	0.0427605906351858	0.0140823788295235	0.0435514008960435	0.0435514008960435
YKL009W_mRNA	1.31735050181907e-13	2.35425890294414e-12	-0.881773017710833	0.119087549674069	6.53710063097051	0.260285194022961	0.00157842445616815	0.0551489534933271	0.0139297821628884	0.0551489534933271
YGR256W_mRNA	1.37753968810749e-13	2.45429548101353e-12	0.74779161006692	0.101073705525602	4.56264447870812	0.187257281964785	0.012135508764126	0.0287280670305788	0.0221263084808105	0.0287280670305788
YFL026W_mRNA	1.4367228135398e-13	2.55193509502526e-12	-0.525922445089977	0.0711389602280705	7.29043265501586	0.092651984405881	0.000727333262098231	0.0195156733872258	0.0152637487138862	0.0195156733872258
YOR289W_mRNA	1.56096014184878e-13	2.76418048219179e-12	0.584542002519449	0.0791863008504956	5.57939067949143	0.114526916294091	0.0042554583150976	0.0208264226544432	0.0138428113751923	0.0208264226544432
YDR091C_mRNA	1.63022331171781e-13	2.87808515577817e-12	-0.716675551698879	0.0971621632431807	6.42037790700014	0.172210839980857	0.0017644971016261	0.0359974467627519	0.0137651218050676	0.0359974467627519
YMR173W-A_mRNA	1.68947957364512e-13	2.97368821633126e-12	-0.789764467831322	0.107140182312179	6.98092497352399	0.209182446925682	0.00324696016167681	0.0426691145018713	0.0145946305128956	0.0426691145018713
YAR015W_mRNA	1.87572305219679e-13	3.29155497051159e-12	-0.757922761159562	0.103015480961993	6.97153565882713	0.192804683288897	0.00101252004923767	0.0414362372220855	0.0145775750864548	0.0414362372220855
YBL044W_mRNA	1.89315792560441e-13	3.31217359596736e-12	2.040665382105	0.277410108706506	2.33865351195297	1.30606511995422	0.205410673751888	0.00414046856426814	0.102414799898334	0.102414799898334
YOR003W_mRNA	1.97903100916523e-13	3.45204630520858e-12	0.489721237035756	0.0666268814655416	5.63085567397113	0.0723936801885995	0.00405921153738363	0.0049834772350212	0.0136973537979097	0.0136973537979097
YGL120C_mRNA	2.058403047396e-13	3.57977795645644e-12	-0.706947261236212	0.0962494677997061	6.89270037981858	0.167858632238281	0.00103480524655837	0.0360210349603483	0.0144419218049006	0.0360210349603483
YOR212W_mRNA	2.09931305965467e-13	3.64005889450836e-12	-0.456603581110149	0.0621879624431232	6.90664871268071	0.0651520602536928	0.00100443088815212	0.00923368216005816	0.0144649398031571	0.0144649398031571
YHR197W_mRNA	2.28215862882983e-13	3.94535791441026e-12	-1.05019481925302	0.143251375837998	5.50465898908243	0.37072068050629	0.00421519143657271	0.0778686352813448	0.0140911809189407	0.0778686352813448
YCL049C_mRNA	2.57498952213116e-13	4.4384286851882e-12	0.466428702476707	0.0637638568008573	6.58951907514118	0.07319395908581	0.00149935764560298	0.014763960090878	0.0140095737053004	0.014763960090878
YPL082C_mRNA	2.88503238890111e-13	4.9581707072973e-12	-0.517073144491303	0.070835270390969	6.05224792802931	0.0900297424515166	0.00250184374649265	0.0175686983789541	0.0134598908719247	0.0175686983789541
YJL117W_mRNA	3.07337039559455e-13	5.2663105660982e-12	-0.453257228519518	0.0621654585039897	6.85358819552746	0.0588220756167388	0.0010785412819336	0.00324736396308812	0.0143796356421115	0.0143796356421115
YMR120C_mRNA	3.08430008224013e-13	5.26954025780968e-12	-1.3855721830391	0.190047448654136	6.78379602662582	0.646790062072262	0.00148663928842369	0.142985491671363	0.0142767792646611	0.142985491671363
YLR049C_mRNA	3.20842131168222e-13	5.46557384849726e-12	0.516369998880863	0.0708778814342249	5.37340129035515	0.0767388114995385	0.00545443850882854	0.000583437885184784	0.0146402577975877	0.0146402577975877
YCR010C_mRNA	3.23634308721937e-13	5.4970655469796e-12	0.76678542487861	0.105267236185616	4.39726454493271	0.198159083201196	0.0137676619370976	0.0305571021195351	0.0242915591654492	0.0305571021195351
YLR111W_mRNA	3.70483767133214e-13	6.27453031197123e-12	2.30696876745654	0.317505007053067	1.51875211622142	1.66907876369438	0.200424240554464	0.0672730365409635	0.202813477460609	0.202813477460609
YDR019C_mRNA	3.73909738320348e-13	6.31419749407058e-12	-1.26827486392938	0.174580857639616	5.42537417615416	0.542725277982309	0.00566537343379697	0.116248529982938	0.0144044761245189	0.116248529982938
YOR243C_mRNA	4.04682492148631e-13	6.81410462213273e-12	-0.527764759349497	0.072755140707655	6.85965322277075	0.0940378635207205	0.0011894796345254	0.0199837623630373	0.014389075955091	0.0199837623630373
YDL024C_mRNA	4.46925489198511e-13	7.50371152758077e-12	0.990840224407728	0.136846313943884	3.62466438432092	0.309523797177209	0.0357264566427082	0.0154020831030565	0.0391811979174038	0.0391811979174038
YDR072C_mRNA	4.6456595121422e-13	7.77747480394841e-12	-0.458601167234182	0.0633840153582618	7.33841497736319	0.064114965677983	0.000684251571863438	0.00792034577210305	0.015385882039882	0.015385882039882
YIR039C_mRNA	5.05413863340184e-13	8.4370807100857e-12	0.801491050461094	0.110950899845873	5.64350707193446	0.217261155851134	0.00444659478740006	0.0447938139190357	0.0136676229828515	0.0447938139190357
YML042W_mRNA	5.10911766787853e-13	8.5044912951601e-12	0.515202492005542	0.0713343210279112	5.30944819174469	0.0859062242383376	0.00538795758433336	0.0108162518799652	0.014966383841719	0.014966383841719
YHR170W_mRNA	6.29321202920986e-13	1.04456562057483e-11	-0.554421700004517	0.0770675136222532	7.01008207009596	0.104142678564993	0.000913737573764565	0.0228438690499001	0.0146488119872683	0.0228438690499001
YPL093W_mRNA	6.60432729866871e-13	1.09309121710352e-11	-1.12047243384658	0.155894279154356	6.63737669575736	0.42552022475543	0.00164469060286324	0.0955674144893621	0.0140809384527653	0.0955674144893621
YLR359W_mRNA	6.72909144508961e-13	1.11058602716975e-11	-0.612008893044567	0.0851807074257256	7.83316837263866	0.126969446936345	0.000406062113150275	0.028616949557038	0.0166846189912959	0.028616949557038
YBR238C_mRNA	6.8990384748768e-13	1.13541802696701e-11	-1.14766015802888	0.159809612483477	5.56097506626951	0.446579042591075	0.00437609594101439	0.0977803530274621	0.0139000291472846	0.0977803530274621
YDL214C_mRNA	7.74144227262952e-13	1.27046880789689e-11	0.753904052275658	0.105210737874715	4.21620294662359	0.178747269416599	0.0173244255991159	0.0117987001936231	0.0269527718574518	0.0269527718574518
YJR052W_mRNA	7.88662145522266e-13	1.29065889320582e-11	0.455365577537512	0.0635709195038067	6.00091167215318	0.064431471447636	0.00271343634218449	0.00707519472140504	0.0134516108840534	0.0134516108840534
YML122C_mRNA	8.09775326631475e-13	1.32149889438515e-11	2.12882259558335	0.297342755615108	2.15384450837529	1.29355539087089	0.23460596953145	-0.143478234588699	0.119044887735694	0.119044887735694
YLR089C_mRNA	8.20238214154377e-13	1.33483459096743e-11	-0.456847835199463	0.0638257976606802	7.45276600999162	0.0693198083923526	0.000613223691127678	0.0140265868645541	0.0156817060969607	0.0156817060969607
YLR432W_mRNA	8.52819418295221e-13	1.3839905100245e-11	-0.473073802627359	0.0661420900884348	7.99281715812544	0.0645666539873917	0.000386280258287073	0.00484975680468699	0.0171128240667794	0.0171128240667794
YBL084C_mRNA	8.66249700768222e-13	1.40188076574324e-11	0.460500223340286	0.0644034447070741	5.86893400244759	0.0659566275829368	0.00310515671283569	0.00697395692703843	0.0134860580477129	0.0134860580477129
YLR348C_mRNA	9.35360892912245e-13	1.50953256568054e-11	0.676827509735216	0.094797776480466	7.37038169139522	0.155708836238224	0.000727300346837171	0.0352191733557244	0.0154682893848834	0.0352191733557244
YMR030W_mRNA	9.60122925730965e-13	1.54521441030624e-11	0.502885105923002	0.0704705251579907	5.37683082351205	0.0772426479462463	0.00524046472930252	0.0052642495676218	0.0146239149348695	0.0146239149348695
YNL062C_mRNA	9.68407219309469e-13	1.55425357016445e-11	-0.833432562029449	0.11681029449288	5.28943993710756	0.236169297078443	0.00531368295021681	0.049264896647837	0.0150770750206043	0.049264896647837
YBR085W_mRNA	9.71460502747997e-13	1.5548705739038e-11	-0.824007006051391	0.115496258808586	4.91517687020984	0.230863719254586	0.00834641398465168	0.0450111292104682	0.0180269402996565	0.0450111292104682
YPL126W_mRNA	1.25533788371302e-12	2.00372561931836e-11	-0.861592688638593	0.121365749569901	6.5084886625685	0.252948531593806	0.0016139581983416	0.0573046224763142	0.0138868549328095	0.0573046224763142
YLR175W_mRNA	1.31848006528834e-12	2.09876089081144e-11	-0.5902110303337	0.0832179106307444	8.29112410433101	0.118747239846405	0.000285043844651636	0.0274158387543346	0.0179215331935719	0.0274158387543346
YHR065C_mRNA	1.32220786420097e-12	2.09895995009124e-11	-0.791670506478278	0.111629215103717	5.80662444052818	0.213652622435462	0.0032503272287964	0.0465939994298917	0.0134961503327576	0.0465939994298917
YDR076W_mRNA	1.32851756403061e-12	2.10324546957671e-11	0.595368570960456	0.0839575291780526	4.81051570529005	0.111332271619402	0.00905871740532071	0.00895050639046827	0.0191367494174135	0.0191367494174135
YJL050W_mRNA	1.41341263933226e-12	2.22555190182426e-11	-0.776698772224976	0.109660922281633	6.85517064804353	0.205764862142667	0.00112536000358705	0.046976711499046	0.0143820910262699	0.046976711499046
YPR007C_mRNA	1.41096811258466e-12	2.22555190182426e-11	1.1960032278425	0.168856166042694	3.15864528760476	0.434795677704535	0.0596674295937468	-0.00250740948451077	0.0543821896488051	0.0543821896488051
YML056C_mRNA	1.45500407219818e-12	2.284866233053e-11	-0.53210867913079	0.0751702681233711	8.25069973579069	0.0965993640913779	0.000288374672144341	0.0223139021668137	0.0178114083126445	0.0223139021668137
YML022W_mRNA	1.57899868087552e-12	2.47291567601634e-11	-0.532223658625791	0.0753071952271833	6.53949451438382	0.0967089210514171	0.00146792579453861	0.0212167688174018	0.0139334103621827	0.0212167688174018
YJL208C_mRNA	1.60952155780596e-12	2.5139604814417e-11	-0.703320437748438	0.0995540469601558	4.70029395428593	0.168910334368182	0.0101850487673779	0.0294589842972018	0.0204129553042187	0.0294589842972018
YJL069C_mRNA	1.73003163965881e-12	2.69496372530808e-11	-0.871666340562636	0.123558661201636	5.5299614351475	0.259609762101607	0.00433502434321697	0.0567319466885454	0.0140022169431474	0.0567319466885454
YPR139C_mRNA	1.86876440468692e-12	2.90331237912159e-11	0.442669192126008	0.062843960772193	6.20908521095864	0.0536286576226899	0.0022202007891764	-0.000748357238434965	0.0135772528329713	0.0135772528329713
YOR344C_mRNA	1.93358376768738e-12	2.99602633791135e-11	-0.823447859954963	0.116980458845058	5.81532221347637	0.231906231089817	0.00320259205434403	0.0515351189520571	0.0134940422913324	0.0515351189520571
YBR143C_mRNA	1.9653792931208e-12	3.03721479090763e-11	-0.455455270852791	0.0647236826733176	7.6909385002818	0.0635443544822741	0.000450100287849225	0.00836470701527605	0.016306520107336	0.016306520107336
YHR007C_mRNA	1.98207367550039e-12	3.05491037922362e-11	-0.582017793428196	0.0827230482625013	8.2302646350271	0.115879506629543	0.000270472668061342	0.0271019381872991	0.0177557938135135	0.0271019381872991
YOR237W_mRNA	2.08255133928499e-12	3.20130451257898e-11	0.605755001186204	0.0861813411051785	4.76840127291501	0.108389340316161	0.0100964317376039	0.00119525532625511	0.0196124624811447	0.0196124624811447
YIL127C_mRNA	2.09891006649463e-12	3.21796053878887e-11	-0.8521057909644	0.121248739631939	5.37571339550797	0.24850716668473	0.0051249258575688	0.0536801015917663	0.014629227410785	0.0536801015917663
YGR144W_mRNA	2.12421442420236e-12	3.24820819826848e-11	0.788345698234177	0.11220282832018	4.05182830270451	0.197634637804349	0.0206059611773749	0.0135771679203321	0.0297519375548163	0.0297519375548163
YOR298C-A_mRNA	2.29689992178874e-12	3.50307302207885e-11	-0.439143196318008	0.0625991923270576	7.07967983163727	0.061466818209013	0.000889046846487818	0.00986918784248429	0.0147855886735119	0.0147855886735119
YCL055W_mRNA	2.32381681007809e-12	3.53487121031722e-11	0.484579686982514	0.0690921396077278	5.43439904958737	0.0744097190745421	0.00472883231540471	0.00790516011129864	0.0143660627068903	0.0143660627068903
YBR079C_mRNA	2.40478377541958e-12	3.6434134540949e-11	-0.474070536096567	0.0676399344863818	8.0594622335754	0.077012032937972	0.000296172154635179	0.0180044707946529	0.0172926227091637	0.0180044707946529
YDL085W_mRNA	2.40767967701087e-12	3.6434134540949e-11	0.751793760114457	0.107267798269353	4.3967367291721	0.193675516102613	0.0145438989369161	0.0314816232453026	0.02429873665965	0.0314816232453026
YDL014W_mRNA	2.52516718374704e-12	3.81130155764514e-11	-0.520345401980253	0.0743149004884721	8.30781456682343	0.0928205865190805	0.000231758496945832	0.0218590592415002	0.0179670418084578	0.0218590592415002
YIL046W_mRNA	2.88156336046537e-12	4.33798143102617e-11	0.553593633855369	0.0792729925652492	6.63656171639168	0.105185283826318	0.00148772286464874	0.0236491065363515	0.0140797523380275	0.0236491065363515
YHR095W_mRNA	3.13425217696628e-12	4.70622504716638e-11	2.29559494585643	0.32927952087079	1.40799624359062	1.81005498548004	0.163301484336729	0.27039852712286	0.223001588885484	0.27039852712286
YCL048W_mRNA	3.34382043867961e-12	5.00799431253147e-11	1.31607919962274	0.189025034014071	2.99207711930467	0.534710722898897	0.0814024644730887	-0.00337367841845501	0.0615193894629946	0.0615193894629946
YPL061W_mRNA	3.41009994053722e-12	5.09416468040253e-11	-0.974572595161483	0.140030932831691	9.04006968568469	0.326483470222875	0.000146985349782126	0.0782876632490723	0.0199729172273548	0.0782876632490723
YHL011C_mRNA	3.47491624611711e-12	5.17771407925276e-11	-0.504285631517434	0.0724856395054658	6.75918251909914	0.0874299597968443	0.00116476546189232	0.0198519062761731	0.014243045613193	0.0198519062761731
YFR027W_mRNA	3.57130721786752e-12	5.30219180199147e-11	0.599028659044598	0.0861516971820593	4.73890812978357	0.106569557147255	0.00973384750012206	0.00192343962714517	0.0199546122092749	0.0199546122092749
YNR056C_mRNA	3.57665873357818e-12	5.30219180199147e-11	-0.543873840421529	0.0782217622001851	4.98963796548765	0.0859673956901054	0.00716773905670914	0.000426255098443087	0.0173068372701001	0.0173068372701001
YDL070W_mRNA	3.62711526190542e-12	5.36334353194441e-11	-0.492468278873155	0.0708485735395935	7.02824003143576	0.0834128775766989	0.000937030115622076	0.0191410513747587	0.0146834852196214	0.0191410513747587
YOR168W_mRNA	3.99350109125538e-12	5.89016135636806e-11	-0.522543593108539	0.0753225628547816	7.44922226329365	0.0939948387597221	0.00065483363234828	0.0220391202677018	0.0156724958995798	0.0220391202677018
YLR446W_mRNA	4.06297584551225e-12	5.9640711241104e-11	-0.627660731621926	0.0905065808953427	4.84308041870315	0.135636845497409	0.00865525414094616	0.0241105106005147	0.0187799477336175	0.0241105106005147
YNL114C_mRNA	4.06408554114629e-12	5.9640711241104e-11	-0.720401148119302	0.103880017452954	4.21491032968951	0.178634057376249	0.0161909474120707	0.0269233100020222	0.0269732846920333	0.0269732846920333
YER025W_mRNA	4.45440411875357e-12	6.5204418080046e-11	-0.450624535813729	0.0651007237347603	7.75570014061264	0.0665294353851956	0.000474162246188223	0.0127895264444247	0.0164782546769701	0.0164782546769701
YHL021C_mRNA	4.52033155211087e-12	6.60036381518745e-11	-1.00506396229728	0.145243020185571	7.07872232212335	0.348130948556128	0.000943933338984054	0.0834382063115201	0.0147836357641865	0.0834382063115201
YMR266W_mRNA	4.80344262382389e-12	6.9962141815995e-11	-0.434791922689089	0.0629105962454633	7.15689546179478	0.0592126580775224	0.000881362671752449	0.00854819497254284	0.0149496098080863	0.0149496098080863
YGR159C_mRNA	4.85645687861851e-12	7.05578996878589e-11	-0.875632738630651	0.126724963426048	8.27247781816895	0.264416459183061	0.000290811300394862	0.063946054120938	0.017870719084782	0.063946054120938
YLR056W_mRNA	5.02719487430071e-12	7.28568092977013e-11	-0.57075697901517	0.0826608232050146	7.91055500944687	0.112379438078814	0.000388735456445838	0.0269425113152769	0.0168917167448309	0.0269425113152769
YLR231C_mRNA	5.10194284309212e-12	7.37566228383491e-11	0.438009522356217	0.063454711441834	6.03380167799847	0.0599215425242345	0.00265171771253579	0.00673498022779515	0.0134542839041299	0.0134542839041299
YPR001W_mRNA	5.666010863763e-12	8.17083645848595e-11	0.584139363447244	0.0848077767267462	4.79509839077574	0.111343518043989	0.00946035449698607	0.0123451874277013	0.0193090814763485	0.0193090814763485
YOR315W_mRNA	6.34865982226662e-12	9.13266472210502e-11	-0.870714094419066	0.126712022252104	4.69151029041663	0.262113639036016	0.0103848643434097	0.0538388819894607	0.020518761360507	0.0538388819894607
YPL226W_mRNA	6.39748019008524e-12	9.18022649936863e-11	-0.610791659058341	0.0889005415976739	7.81766180620491	0.12899006371314	0.000419013089816237	0.0311942120956228	0.0166432332273518	0.0311942120956228
YMR215W_mRNA	6.70057931671622e-12	9.59154179341246e-11	-0.427519253239673	0.0622851857119299	6.79917618608901	0.0597922719630022	0.00121924579854774	0.0106231279073524	0.0142985316381306	0.0142985316381306
YOR004W_mRNA	7.10375601966231e-12	1.01437457280766e-10	-1.04582328995079	0.152551283197806	5.3093637310305	0.378547431967374	0.00587103587969971	0.0872165401414887	0.0149668421784852	0.0872165401414887
YNL301C_mRNA	7.51621112629085e-12	1.07064660199928e-10	-0.554290534449378	0.080948103737885	6.94191295154819	0.106393155616749	0.00119123318175236	0.0250191488132852	0.0145250198641967	0.0250191488132852
YDL127W_mRNA	7.659723354403e-12	1.08842800640858e-10	0.568044452129026	0.0829895238632085	4.87679912993861	0.102164903582825	0.00912779851941698	0.00814188400659142	0.0184212457647512	0.0184212457647512
YCR057C_mRNA	7.9680071663585e-12	1.12947955599038e-10	-0.989497729233565	0.144681984871173	6.18759350398179	0.339244274828281	0.00244537532672409	0.0812861316583252	0.013557679120961	0.0812861316583252
YDR528W_mRNA	8.08028408043892e-12	1.13984830635925e-10	0.583070030082719	0.0852801033067341	4.80932987414399	0.105729636223357	0.00994085598859934	0.00620642282766497	0.0191499280914296	0.0191499280914296
YJR095W_mRNA	8.07294823382957e-12	1.13984830635925e-10	1.68718088593094	0.24676319064607	2.56853632834038	0.923962027414348	0.158330284546957	0.0183206471539313	0.0852380044843573	0.0852380044843573
YIL091C_mRNA	8.11775328712689e-12	1.14236789011597e-10	-0.890065747629506	0.130194070845105	5.32046916572891	0.274539728071561	0.0056143429427863	0.0621876413900941	0.014907217198193	0.0621876413900941
YNL182C_mRNA	9.18044502555188e-12	1.28880175226181e-10	-0.827495513773367	0.121355015572619	5.59617768431178	0.237580635354633	0.00406494994019509	0.054843209278327	0.0137928370736915	0.054843209278327
YMR131C_mRNA	9.88575943242046e-12	1.38448159743465e-10	-0.563554080817985	0.082776316475157	7.01607135850366	0.110272016526757	0.000958352988933587	0.0264493212878478	0.0146601697731019	0.0264493212878478
YML008C_mRNA	1.1823976304132e-11	1.65195409946937e-10	-0.447676016475402	0.0660060703860433	7.97761135155149	0.0565422821810523	0.000355322809507328	0.0029646036052532	0.0170718825017219	0.0170718825017219
YIL077C_mRNA	1.20221982674792e-11	1.67562983507976e-10	0.426115189838682	0.0628493617021685	6.10865524014045	0.0525740065287523	0.00230875655783041	0.002142206148331	0.0134914125076496	0.0134914125076496
YOL143C_mRNA	1.23044769735637e-11	1.71088025890172e-10	-0.505549061361067	0.0746022710612246	7.25251937944466	0.0889324899487867	0.000772729672642092	0.0214892657173276	0.0151706303343205	0.0214892657173276
YGR160W_mRNA	1.2965746207734e-11	1.79853422395853e-10	-1.23942943551928	0.183103226623246	4.78723064621397	0.534816108807854	0.0143655352412805	0.119741631158095	0.0193978439631776	0.119741631158095
YLR244C_mRNA	1.30835546779559e-11	1.81056507253613e-10	-0.505302250898144	0.0746636836105561	7.3661703420267	0.0889001823645044	0.000607198225508782	0.0216914643756801	0.0154574198217025	0.0216914643756801
YMR244C-A_mRNA	1.33055043061667e-11	1.83691630539638e-10	0.830909160924346	0.122819693657439	3.8759856139985	0.212396659565208	0.0271210978141108	0.0031867420891831	0.0332176107863182	0.0332176107863182
YDR101C_mRNA	1.41689952244556e-11	1.94849521012621e-10	-0.899791105301415	0.133180705222773	5.81972957927114	0.282118249757449	0.00325096436700541	0.067697436607535	0.0134931008378823	0.067697436607535
YLR397C_mRNA	1.41806036576298e-11	1.94849521012621e-10	-0.470514679787107	0.0696434735069585	5.98253165327362	0.0771432137399376	0.002729824559773	0.0166710290486847	0.0134547769684143	0.0166710290486847
YMR018W_mRNA	1.44715092569661e-11	1.98378853955493e-10	0.881635990721101	0.130552703780608	3.85202033905928	0.270906170303135	0.0249358116573445	0.0432402222003643	0.033731936962163	0.0432402222003643
YAL005C_mRNA	1.45921684239845e-11	1.99563317460408e-10	-0.631101171661371	0.0934701630836294	9.03391418204366	0.138827223543648	0.000265605006476678	0.0346810805410444	0.0199560919452575	0.0346810805410444
YJL210W_mRNA	1.46359170987433e-11	1.99692864209083e-10	0.537192214943018	0.0795667567760199	6.45731692823613	0.100588703671826	0.00170316096448194	0.0236203141709353	0.0138135741049584	0.0236203141709353
YKL037W_mRNA	1.68168354103375e-11	2.28913278272492e-10	0.984736567346837	0.146292455032102	3.90230435050221	0.338487162842802	0.0255157360921475	0.060090193505131	0.0326649047298019	0.060090193505131
YOR230W_mRNA	1.75710731143816e-11	2.38622545371533e-10	-0.53708133846878	0.0798645605604105	7.85951989690715	0.100734196426806	0.000397533387866418	0.0251158587461635	0.0167550362910715	0.0251158587461635
YGR082W_mRNA	1.82604018479608e-11	2.47407212014464e-10	-0.422755650058295	0.06291665364201	6.14286941016054	0.0576860884686508	0.00231585701578142	0.0084271407274269	0.0135181642062532	0.0135181642062532
YLR054C_mRNA	1.95083147573132e-11	2.63701721058252e-10	0.829220000261983	0.123586059189862	4.21309345167457	0.240382668053228	0.0183917433502499	0.0427023127540705	0.0270021554342242	0.0427023127540705
YMR308C_mRNA	1.96224522829539e-11	2.64630571760392e-10	-0.428508568058816	0.063872561622066	7.38656895723572	0.064196120185099	0.000595465603161885	0.0157233509094966	0.0155101056102837	0.0157233509094966
YAL067C_mRNA	2.00471827291249e-11	2.69734149145224e-10	1.13920009363096	0.169885864635988	3.21928760649362	0.407363724428934	0.0634106242015495	0.0022571224497983	0.0520342038109192	0.0520342038109192
YOR119C_mRNA	2.0742614787284e-11	2.78448096199808e-10	-0.602671389069917	0.089941581830556	5.48848555481652	0.127057503251739	0.00427389561263106	0.0280840569560994	0.0141507640697029	0.0280840569560994
YIL079C_mRNA	2.19667450684742e-11	2.94202889123978e-10	-0.674688096637329	0.100815353444774	4.96994774140827	0.159332353228487	0.00748324422732895	0.0331716977334499	0.0174912972632185	0.0331716977334499
YIR017C_mRNA	2.21296948191164e-11	2.95705509211404e-10	1.20726976062675	0.180425586402602	4.39093759931361	0.510199404300238	0.0629102268428609	0.0673033420720309	0.0243778081493877	0.0673033420720309
YGL062W_mRNA	2.24098769481134e-11	2.98082061871481e-10	0.598982380417706	0.0895421177356542	7.49770335596445	0.12560772371495	0.000679790682158759	0.0313913727121843	0.0157987271858284	0.0313913727121843
YOL080C_mRNA	2.23804340708014e-11	2.98082061871481e-10	-1.07614090735097	0.160868111432932	4.63993215700488	0.405434384623504	0.0126661878114379	0.0908480092925547	0.0211506142826052	0.0908480092925547
YGR161C_mRNA	2.37711762897256e-11	3.15468959143374e-10	0.528082609446229	0.0790453299294467	7.63616166853519	0.0976921442588561	0.00050609968446135	0.024486557050159	0.0161618497567647	0.024486557050159
YAL003W_mRNA	2.40368202727462e-11	3.18269352065953e-10	-0.651610812388329	0.0975592644986574	8.54272874128763	0.148758931219905	0.000205048519446659	0.0378661918386293	0.0186095239257137	0.0378661918386293
YLR080W_mRNA	2.44783205521529e-11	3.23380261988305e-10	0.584821380050194	0.0875945335489933	5.25262304242475	0.119849407698969	0.00601701014486354	0.0246741990857993	0.0152921369737086	0.0246741990857993
YPL156C_mRNA	2.50162536272844e-11	3.29739125865518e-10	-0.740634979533075	0.110985286856868	5.29019519268383	0.192263585997274	0.00536522960170928	0.0439057059930955	0.015072818969355	0.0439057059930955
YAL044C_mRNA	2.59127634591975e-11	3.40785011090936e-10	-0.702167266647557	0.105302373320601	6.31709708385364	0.172874434114298	0.00199264343784873	0.0423617158699557	0.0136614031818255	0.0423617158699557
YKL217W_mRNA	2.60209532673299e-11	3.41437103007802e-10	0.520350524962425	0.0780429031112011	5.53590891778645	0.09494250533147	0.00466441966963476	0.0196983592344625	0.0139820429869593	0.0196983592344625
YBR287W_mRNA	2.84346158907098e-11	3.72269825121966e-10	-0.424480406838286	0.0637888787007843	7.42237661953897	0.058093674732135	0.000673273066633102	0.0100889167779124	0.0156028111169804	0.0156028111169804
YCR079W_mRNA	2.89970162265973e-11	3.78781651426359e-10	0.490350142904778	0.0737193876507047	6.39087698629073	0.0844071830040171	0.001662919606426	0.0200752728559535	0.0137301023803123	0.0200752728559535
YHR006W_mRNA	2.95160284068338e-11	3.84698840040746e-10	0.414151176799937	0.0622880627756049	6.77090654954119	0.052376762797813	0.00126026279485426	0.00585164099001021	0.0142589482624965	0.0142589482624965
YOL082W_mRNA	2.97416868277887e-11	3.86774704148878e-10	0.510698383755526	0.076821653481403	6.59737576101333	0.0915826051683042	0.0014741753940396	0.0221320903804274	0.0140214724648783	0.0221320903804274
YOL156W_mRNA	3.14232298967681e-11	4.07732154517976e-10	0.78576940362606	0.118343360623508	4.83267473822874	0.216934845260313	0.0153256571055744	0.0406949469090887	0.0188928754162963	0.0406949469090887
YAL038W_mRNA	3.29011134005811e-11	4.23138822675023e-10	-0.731953743943871	0.11035092264741	10.7728315460832	0.188330359755023	4.50007530622109e-05	0.0486643037634767	0.0243913478053301	0.0486643037634767
YBR017C_mRNA	3.28008609049919e-11	4.23138822675023e-10	-0.412762452961871	0.062224732339972	6.84365762314799	0.0542880122970595	0.00112331760574756	0.00836445483393026	0.0143643516533771	0.0143643516533771
YHR049W_mRNA	3.28593479645958e-11	4.23138822675023e-10	-0.514270176917307	0.0775302886928559	6.51453366513896	0.0929672144463267	0.00154248378529774	0.0225012988738926	0.0138958420421396	0.0225012988738926
YJL148W_mRNA	3.27300797500702e-11	4.23138822675023e-10	-0.782036085307248	0.117887777478497	5.84380347443428	0.21497222182031	0.00332353952191415	0.0522665727933644	0.0134891029207671	0.0522665727933644
YAL015C_mRNA	3.31044099230639e-11	4.24815621611829e-10	0.429514964492692	0.06476347580058	5.94916831399644	0.0648542437045255	0.002854144240149	0.0139230869509403	0.0134686290259152	0.0139230869509403
YOL083W_mRNA	3.35970416971899e-11	4.30189813028195e-10	0.711800697361343	0.107362606037297	5.18387499024712	0.178142517657539	0.00638375853459641	0.0397231581658832	0.0157355198792653	0.0397231581658832
YAR007C_mRNA	3.56267126948146e-11	4.55178131929802e-10	0.411543751850226	0.0621553563876489	6.2975592065056	0.0580798247573757	0.00180457255342033	0.0120328797760651	0.0136485807572822	0.0136485807572822
YMR133W_mRNA	3.63737748880903e-11	4.63705935444232e-10	0.655836093502637	0.0990966861463277	4.38202434947958	0.144052755512305	0.0147805104639706	0.0166700185732707	0.0245001023567645	0.0245001023567645
YKL152C_mRNA	3.71478675873542e-11	4.72540341842633e-10	-0.51022771140155	0.0771315899129205	10.4992244698382	0.0778911322797809	3.57153321018139e-05	0.00903840711564532	0.0237614133178779	0.0237614133178779
YHR110W_mRNA	3.82279472079089e-11	4.85220088089928e-10	0.415776305776666	0.0628936069703054	6.09467633768116	0.0566242004838278	0.00234052963817421	0.0089368461815581	0.0134818935527668	0.0134818935527668
YDL003W_mRNA	3.83326929519169e-11	4.85491889430148e-10	0.429942782143163	0.065040525030872	5.69771674716557	0.0629646421535047	0.00334823752920678	0.0112993659446901	0.0135728420559591	0.0135728420559591
YNL002C_mRNA	3.90221164764397e-11	4.93151519721773e-10	-0.690914127086626	0.104561276195712	6.55679296561292	0.168113380726224	0.00143322166609116	0.0422990202526129	0.0139597228969531	0.0422990202526129
YFL021C-A_mRNA	4.35738976476222e-11	5.49483826179756e-10	0.909764569767507	0.138023255267325	3.95800882610725	0.290596547970914	0.0446660232763398	0.0302098288627094	0.0315356527020172	0.0315356527020172
YIL122W_mRNA	4.41544674535081e-11	5.55602434954943e-10	0.502181512151264	0.0762102620661065	5.86983954075925	0.0889328874040306	0.00299322680547601	0.0202387893712625	0.0134859531850447	0.0202387893712625
YPL232W_mRNA	4.58671037564367e-11	5.75908936390086e-10	0.480324277168245	0.0729558269451104	7.40134711268942	0.0813939063548335	0.000692980052039265	0.0205972306889403	0.0155483321302116	0.0205972306889403
YOR361C_mRNA	4.81167854751138e-11	6.02856757372071e-10	-0.427377412668407	0.0649840661246148	7.72283282024538	0.0625868537366043	0.000500709837584495	0.014370504063308	0.0163910055627687	0.0163910055627687
YGR244C_mRNA	4.87120325677253e-11	6.09004939355295e-10	0.503693880230123	0.0766095305622794	7.56453628587533	0.0895663486407725	0.000539427539709947	0.0229366531521814	0.015973532632393	0.0229366531521814
YDL244W_mRNA	5.05689343332994e-11	6.30866405622703e-10	1.11809712139241	0.17020161024933	3.68308195839515	0.410634748881076	0.0781975784666767	0.00458503165847615	0.0376767740591821	0.0376767740591821
YOL097C_mRNA	5.13492883059764e-11	6.39232806988501e-10	-0.420401202978409	0.0640175278186124	7.51437140344384	0.0537974026865478	0.000550736664652448	0.00659300293787928	0.0158422388073748	0.0158422388073748
YOL105C_mRNA	5.36749917488133e-11	6.66760132043894e-10	0.408135509538361	0.0622122847669757	6.56895351253286	0.0588692670424318	0.00145113383399313	0.014030339669716	0.0139782688944068	0.014030339669716
YGR103W_mRNA	5.40129105599578e-11	6.69530248770881e-10	-0.627026241615556	0.095591537072754	7.67994360318761	0.138957412030287	0.000525771694238909	0.0360251961454879	0.016277437643564	0.0360251961454879
YBR121C_mRNA	6.05045713235534e-11	7.47231662357659e-10	-0.441326389522717	0.0674554597719246	8.30133690980796	0.0573099871692062	0.000251579222344908	0.00550369786204561	0.017949376989822	0.017949376989822
YLR332W_mRNA	6.05378209119147e-11	7.47231662357659e-10	0.446714161979539	0.0682798223669025	7.35211419444106	0.0706195788019899	0.000737634897904007	0.017910901671919	0.0154211693291647	0.017910901671919
YEL077C_mRNA	6.13879893388326e-11	7.54644692607093e-10	0.551713479510255	0.0843557521283382	6.77066093049469	0.107736070483531	0.00448442844691821	0.0239791432216324	0.014258612011876	0.0239791432216324
YMR265C_mRNA	6.13974569680334e-11	7.54644692607093e-10	0.40685665698145	0.0622076886016582	6.32367714805514	0.0501560443713841	0.00181293473696286	0.00463073013805688	0.0136662513476807	0.0136662513476807
YKR060W_mRNA	6.22709549758417e-11	7.63769649872113e-10	-0.695349660180738	0.106352135518609	4.4668211884036	0.171163206433234	0.0127912788351499	0.0324518280823248	0.0233693271991345	0.0324518280823248
YMR012W_mRNA	6.28195600179413e-11	7.68879740891861e-10	-0.422519782642156	0.0646364048188277	7.6456987869176	0.0613457525566738	0.000524460975491024	0.0141965691283809	0.0161869983361224	0.0161869983361224
YDR194C_mRNA	6.31394674227168e-11	7.71175130408277e-10	-0.501050211285686	0.0766587783983042	6.61022799065191	0.0888862054684573	0.00142515693623116	0.0220811162858501	0.0140408148094543	0.0220811162858501
YJL010C_mRNA	6.7498433439818e-11	8.21911813514914e-10	-0.643231078974978	0.0985626643647339	5.83543191534627	0.146600161134071	0.00327876167491019	0.0355796335517906	0.0134903110719026	0.0355796335517906
YLR260W_mRNA	6.7575653737323e-11	8.21911813514914e-10	0.412700435806071	0.0632399831168223	6.0545319886288	0.048721469055856	0.00253641334183809	0.00100183215671592	0.0134607685166258	0.0134607685166258
YOR310C_mRNA	6.80465698616996e-11	8.25915241696378e-10	-0.591087262302629	0.0905894638711284	7.77302168618847	0.123806524042356	0.000444534494588938	0.0323812693632449	0.0165243105431111	0.0323812693632449
YER070W_mRNA	6.98688628537192e-11	8.46270259845672e-10	-0.565520927666316	0.0867238563467547	6.50719260777721	0.113362213670322	0.00167604689411445	0.0284080621444957	0.0138849350889962	0.0284080621444957
YKL216W_mRNA	7.00511097530592e-11	8.46717355645898e-10	-0.433903014017588	0.0665439517941751	8.09550702979332	0.0655865588596983	0.000322293425830779	0.0161570694742609	0.0173900966557112	0.0173900966557112
YDR191W_mRNA	7.03049165151652e-11	8.48025763182924e-10	0.55497727927875	0.0851191456795386	4.74753875226794	0.0966716521843002	0.009127323313899	0.00644950959338167	0.019853752530959	0.019853752530959
YIL006W_mRNA	7.13719955644662e-11	8.59118277187149e-10	0.548303345097467	0.0841246951250915	5.13648413319908	0.10659041569694	0.00631358329893774	0.0219942740206206	0.0160755511337724	0.0219942740206206
YEL055C_mRNA	7.41673638545906e-11	8.90925900653289e-10	-0.531073154465773	0.0815532727681961	6.57679854443999	0.100040480955488	0.00141232440414386	0.0251914207926713	0.0139902283989233	0.0251914207926713
YAL036C_mRNA	7.7371599530569e-11	9.27503989434352e-10	-0.514815248145691	0.0791338784286915	6.03873577053857	0.0940547012628391	0.00251627816498858	0.0225324046956791	0.0134555163607297	0.0225324046956791
YGR128C_mRNA	7.80766170905304e-11	9.34033616364333e-10	-0.913770259517003	0.140487960435892	5.58651649990154	0.29634459348317	0.00406192342286328	0.0748855446868836	0.0138213464986106	0.0748855446868836
YNL333W_mRNA	7.82844524383495e-11	9.34600860462754e-10	0.647706353680351	0.0995879824014708	5.04328333896549	0.148899266117609	0.0218680292549972	0.0178030357001854	0.0168269222041735	0.0178030357001854
YGR050C_mRNA	7.90285624217184e-11	9.41555019772865e-10	0.986322869859529	0.151685084880932	3.86102436938168	0.345319976870036	0.026771690109638	0.0652617697917043	0.0335374487866118	0.0652617697917043
YNL112W_mRNA	8.10015787822441e-11	9.63092240786436e-10	-0.872704110364579	0.134288435332745	8.1569134495971	0.270421290225298	0.000330870886711083	0.0718026645697561	0.0175564997917311	0.0718026645697561
YPL188W_mRNA	8.17279349917071e-11	9.69749387498342e-10	0.438186150938582	0.0674403822125263	5.58234443070112	0.0597508547274276	0.00435895202493291	0.00480064864749102	0.0138338685869536	0.0138338685869536
YJL103C_mRNA	8.20022535186844e-11	9.71026684959055e-10	0.592030594993726	0.0911253556381866	5.21808870823523	0.124467693752328	0.006276576790106	0.0269387449706379	0.0155078338756604	0.0269387449706379
YGL078C_mRNA	8.23247085289496e-11	9.72867650891806e-10	-0.677438682971532	0.104280850677843	6.97139676133341	0.162977629503874	0.00101930627789725	0.0424786769944812	0.0145773242182749	0.0424786769944812
YOL154W_mRNA	8.54440138830303e-11	1.00768588032902e-09	0.650594391449982	0.10023500898395	5.01986608568109	0.150381829480093	0.00751221040365448	0.032676017700396	0.0170322814340823	0.032676017700396
YPL245W_mRNA	8.58515645279556e-11	1.01044689886842e-09	-0.544915175380174	0.0839626215394482	6.07437711364348	0.105500974341461	0.00231870789451583	0.0258801793685906	0.0134699405764377	0.0258801793685906
YGL158W_mRNA	8.98914083011779e-11	1.05586158218279e-09	0.489793434660446	0.0755499390553225	5.70624794801863	0.085281790590442	0.00343135782152162	0.0193998153435301	0.0135621357673279	0.0193998153435301
YPL153C_mRNA	9.30486704450221e-11	1.09074759358692e-09	0.513947351199418	0.0793393834023359	5.31900673680836	0.0939381889136473	0.00537188099932516	0.0198070700353262	0.0149149955303775	0.0198070700353262
YDL197C_mRNA	9.75976589222079e-11	1.14177502184896e-09	0.425625926001918	0.0657781671812019	6.10140744946745	0.0644619122061452	0.00264311094517124	0.0146639581657014	0.0134863574190359	0.0146639581657014
YCL063W_mRNA	1.02842997064216e-10	1.20072805790806e-09	0.530833992075436	0.0821379634616808	5.91846964780625	0.100330068726826	0.00315122460383118	0.0238353555626985	0.0134782828208087	0.0238353555626985
YHR066W_mRNA	1.08250100176735e-10	1.26133016725932e-09	-1.23641812114351	0.191545543353913	5.00009527949268	0.544636134078528	0.00840730782392171	0.138351472891062	0.017210663259723	0.138351472891062
YKL188C_mRNA	1.1156352201645e-10	1.29734347159249e-09	0.430733187028825	0.0667763132373241	5.56217253115648	0.0641932131961535	0.003940072740818	0.011829490424201	0.0138962312974589	0.0138962312974589
YLR438W_mRNA	1.13193231528563e-10	1.31367284240122e-09	-0.836219154918705	0.12968275671312	5.72589477186591	0.249255764931987	0.00359029410384002	0.0636801754510168	0.0135411616849245	0.0636801754510168
YBL085W_mRNA	1.157360705772e-10	1.3405136126894e-09	0.409354587821333	0.0635168170321708	7.3402350774987	0.056049939502599	0.00074697625617287	0.0114290507622194	0.0153905679274202	0.0153905679274202
YKL096W_mRNA	1.20889481695829e-10	1.39692371806306e-09	-0.776101486201435	0.120546131089413	7.22949484160589	0.214872718126091	0.000819023109868093	0.057306455772636	0.0151156014844673	0.057306455772636
YOL048C_mRNA	1.21085904157543e-10	1.39692371806306e-09	0.523687150497631	0.0813435844664835	6.08829044276615	0.0978355023654165	0.00252953278757746	0.0239375821478463	0.0134778788893081	0.0239375821478463
YJL045W_mRNA	1.22533058346923e-10	1.41082529235015e-09	0.685857963036995	0.106563207881187	4.19056643022326	0.167834983279003	0.0180536430983607	0.0273692259973557	0.0273638615188831	0.0273692259973557
YBR061C_mRNA	1.26430941086871e-10	1.45283365438286e-09	-0.481839499590207	0.074919804167349	5.11924204495984	0.0721800524930174	0.00624549555704674	0.00475618829537435	0.0162064126688489	0.0162064126688489
YBR187W_mRNA	1.30204067622027e-10	1.49324586213766e-09	-0.401097288510042	0.0624088162664264	6.981974518103	0.0527278834645122	0.000982892529726978	0.00954582979650528	0.0145965488613793	0.0145965488613793
YDL060W_mRNA	1.35708302165713e-10	1.5533134939439e-09	-0.756193683657384	0.117775554555583	6.43950731215325	0.204273073257487	0.00168372864352064	0.0538005963599795	0.0137896459934235	0.0538005963599795
YHL020C_mRNA	1.47410451142722e-10	1.68065222770548e-09	0.552683837668615	0.0862486142692779	6.9859675463308	0.109227454108613	0.0010202725673468	0.0287350212861359	0.0146038691146711	0.0287350212861359
YPL090C_mRNA	1.47123663189151e-10	1.68065222770548e-09	-0.456147606065873	0.071180434527486	9.06494860948948	0.0716950681075405	0.000225723655618259	0.0171416668825674	0.0200408933824686	0.0200408933824686
YLR197W_mRNA	1.48721543621314e-10	1.69228850222222e-09	-0.570741601907413	0.0890853787062909	7.83171554486081	0.116494091183266	0.000421842158391845	0.0313229766385812	0.0166807398832157	0.0313229766385812
YER127W_mRNA	1.50654171549031e-10	1.71093801841063e-09	-0.863573572679572	0.134834113740028	5.33407641663359	0.266742040166236	0.00533077662631119	0.0673901762859241	0.0148358994102013	0.0673901762859241
YDR010C_mRNA	1.56945402806029e-10	1.77891812596872e-09	1.89191809401032	0.295683061241584	1.8528315736224	1.28089405128436	0.189943810961308	0.159770079859469	0.152829969485925	0.159770079859469
YPR145W_mRNA	1.61400305304992e-10	1.82586054117842e-09	-0.589660344327475	0.0922181410794814	8.18299839781999	0.124468778477485	0.000284976970198957	0.0337317652064216	0.0176273101529529	0.0337317652064216
YOR091W_mRNA	1.6704586808618e-10	1.88606439432187e-09	-0.629906227459242	0.0985933183225351	5.93004540334228	0.142098893131151	0.00300672190779244	0.0358758477636025	0.0134752673763157	0.0358758477636025
YIL024C_mRNA	1.69079913134261e-10	1.90533766715706e-09	0.84077440165455	0.131636680731566	4.56018242391565	0.253199097193042	0.012687576180319	0.0566252866757779	0.0221578614683047	0.0566252866757779
YOL070C_mRNA	1.72889838453148e-10	1.94451003634757e-09	0.398654816364699	0.0624491266096728	6.63517105088792	0.0568003649450692	0.001521848257848	0.0139283534373629	0.0140777253993958	0.0140777253993958
YLR452C_mRNA	1.77194916155888e-10	1.98908975245511e-09	-0.528074781741274	0.0827715413259381	5.70401699684947	0.0999410047625852	0.00363149608676153	0.0237730161271244	0.0135648375511875	0.0237730161271244
YLR050C_mRNA	1.82020537970176e-10	2.03933010425816e-09	0.705708279999111	0.110685597392321	5.68615440679284	0.178544639210835	0.00362359750040816	0.0453816083799714	0.0135890324736929	0.0453816083799714
YJL048C_mRNA	1.94203798479408e-10	2.17165322445496e-09	0.402585813281652	0.0632414281284652	6.05780243942551	0.0538225920407528	0.00253582116792388	0.00882400257412571	0.0134620917589874	0.0134620917589874
YDR009W_mRNA	1.95935020935461e-10	2.18681500377394e-09	0.574259146391263	0.0902285676634496	4.59986928247883	0.105779696326386	0.010912218171381	0.0082021515457409	0.0216525595190098	0.0216525595190098
YDR100W_mRNA	1.97703394555979e-10	2.20233265140179e-09	0.452275380370752	0.0710776760947813	5.34043123278072	0.0730356518613543	0.00540490418438993	0.0144038600414873	0.0148032399717486	0.0148032399717486
YIR035C_mRNA	2.0623757898172e-10	2.29301552509065e-09	-0.55743649699584	0.0876938138878913	6.33584486282806	0.11157288482716	0.00188395612538801	0.0288768638514284	0.013675929905102	0.0288768638514284
YDR365C_mRNA	2.10305607572078e-10	2.33379137088557e-09	-0.663828261454275	0.104480317145959	7.38592341728852	0.158265033092877	0.000674498854980038	0.042990047828701	0.0155084368918092	0.042990047828701
YOR260W_mRNA	2.32626198317977e-10	2.57657838669303e-09	-0.394179249893579	0.0621920885864817	6.78913840035857	0.0480804875964443	0.00118714713379973	0.0059341521347723	0.0142842763971954	0.0142842763971954
YPR140W_mRNA	2.3310981292247e-10	2.57703561686207e-09	0.450845880051751	0.0711363241619523	5.76115803068672	0.0730952747129277	0.0036249377544835	0.0166165687066139	0.0135146151917708	0.0166165687066139
YLR103C_mRNA	2.69289458804198e-10	2.97136436930541e-09	0.460749482658741	0.0729553456838483	5.21192015021819	0.0633030801675249	0.00574209395365263	0.001428324577182	0.0155478359017466	0.0155478359017466
YMR128W_mRNA	2.7059887142646e-10	2.98016828909368e-09	-0.701961522819694	0.11116220641416	6.34372677295867	0.177532929441985	0.00182884851496915	0.0475992960244878	0.0136826756284559	0.0475992960244878
YOR145C_mRNA	2.77956163394301e-10	3.05542001497207e-09	-0.792577940711143	0.125594708918731	6.20454039233963	0.226404326618466	0.0022275356191531	0.06086858801437	0.0135731235717505	0.06086858801437
YJL181W_mRNA	2.78698673530016e-10	3.05657914271034e-09	0.430796982050154	0.068270082654155	5.51167841660355	0.0623535218914358	0.00457723089797899	0.00920553120183922	0.0140659858444416	0.0140659858444416
YLR002C_mRNA	2.79110900089581e-10	3.05657914271034e-09	-0.738297519497576	0.117005136944988	5.96024716357628	0.196465615012664	0.00285040477503162	0.0519104035110302	0.0134636426583693	0.0519104035110302
YKR079C_mRNA	2.93194653477301e-10	3.20478808847796e-09	-0.643602424164955	0.102121265716095	5.71346325302091	0.149393765640375	0.0035023778162993	0.0382126338295295	0.0135538570599713	0.0382126338295295
YJL026W_mRNA	3.26343505350639e-10	3.56044431118506e-09	-0.403752393788164	0.0642333054125544	7.55310398856034	0.0462184422746971	0.000560102871332446	0.0023836579973652	0.0159435672255575	0.0159435672255575
YGR051C_mRNA	3.28588820092421e-10	3.57824012309989e-09	1.94006914811582	0.308699532759578	2.00296249954716	1.17582095250021	0.24634771677297	-0.0619304960858354	0.134833889330958	0.134833889330958
YIL051C_mRNA	3.3347829459877e-10	3.62470997076946e-09	-0.398511427676341	0.0634334274981995	7.33216097888097	0.0565946017564357	0.000725412196339112	0.014536987403089	0.0153697867003382	0.0153697867003382
YPL062W_mRNA	3.44558090173267e-10	3.73816654255019e-09	1.77387668127225	0.282587053743292	2.20053760054331	0.949196829135253	0.204843460585085	-0.0868864237577333	0.114578311188172	0.114578311188172
YLR055C_mRNA	3.53264399572541e-10	3.82549886972049e-09	0.391107668851512	0.0623438842907627	6.86806091034099	0.0515535694848643	0.00114474442659459	0.0103868775544847	0.0144022952072454	0.0144022952072454
YMR011W_mRNA	3.5983950100051e-10	3.8894711184211e-09	-0.606874697182337	0.0967821640367603	9.95990297588845	0.13318184531709	5.66122637065643e-05	0.0374105368388469	0.0224270146665322	0.0374105368388469
YGR223C_mRNA	3.61594819813732e-10	3.90120633376816e-09	0.390384793004618	0.0622646671400615	6.4767184067821	0.0460690692379373	0.00166688782183476	0.00414989018759558	0.0138406672744159	0.0138406672744159
YOL124C_mRNA	3.63630332464404e-10	3.9159155581102e-09	-0.757992597528668	0.120913362479715	5.56883108481882	0.207795561353166	0.0036792477701879	0.0548009171344159	0.0138753101910471	0.0548009171344159
YLL056C_mRNA	3.81349808626361e-10	4.09915864401694e-09	0.523424703265851	0.08359445585207	4.79425843529948	0.0937041025390982	0.00863360060575574	0.0134855321178654	0.019318531591059	0.019318531591059
YDR381W_mRNA	4.16840408912767e-10	4.47239819949499e-09	-0.39017432252574	0.0624519966968265	7.0539201200896	0.0519627119500584	0.000867265957461783	0.0113110677151951	0.0147337416082199	0.0147337416082199
YFL023W_mRNA	4.25370081189902e-10	4.55552590627274e-09	-0.825531197555914	0.132202979732947	5.48829139762564	0.246983612811168	0.00502437750442364	0.0648861338966564	0.0141514924519583	0.0648861338966564
YPL012W_mRNA	4.33218214835233e-10	4.63106297179829e-09	-0.933934770103569	0.149631539422112	6.39032875212912	0.316183605617611	0.00201195751784681	0.0875464328414772	0.0137294872436373	0.0875464328414772
YDL063C_mRNA	4.67214609749117e-10	4.9853339128175e-09	-0.895923721598693	0.143814019274897	5.06845814221984	0.291262379968869	0.00742158433625359	0.0753083042237484	0.0166134477250686	0.0753083042237484
YKL021C_mRNA	4.8360185093742e-10	5.15075755678503e-09	-0.393615166565647	0.0632381045457772	6.44852559501375	0.056245255861893	0.00165202403731734	0.0143442074288532	0.0138016400941101	0.0143442074288532
YPL018W_mRNA	4.96692987193549e-10	5.28053529815623e-09	-0.655027417227244	0.105307405002252	4.20540209582138	0.142844243261028	0.0172337275745842	0.0132248423995471	0.027124870618649	0.027124870618649
YKR055W_mRNA	5.04474372602509e-10	5.35349306882006e-09	0.532892514057998	0.0857056413338671	4.77144450784399	0.0908233345751903	0.00980425845687446	0.00637090529109964	0.0195775693689234	0.0195775693689234
YDR120C_mRNA	5.27649878197023e-10	5.58925125522883e-09	-0.56675495673601	0.0912552975974662	6.23451098402412	0.116745757797138	0.00211908708096286	0.0311910302774456	0.0135999404084078	0.0311910302774456
YBR142W_mRNA	5.40858363873187e-10	5.71876738280434e-09	-0.831747359597082	0.134006547191177	5.75316642075913	0.251523262895502	0.00365089117362482	0.0681801275867795	0.0135195291938523	0.0681801275867795
YBL068W_mRNA	5.44195073302605e-10	5.74116626473522e-09	-0.406070043029572	0.0654339605860532	5.82037620183203	0.059956086564725	0.00308129231313302	0.0140451204787756	0.0134929692494174	0.0140451204787756
YBR018C_mRNA	5.44947638928695e-10	5.74116626473522e-09	0.774805355347367	0.124856190010453	3.81697641913328	0.189604722155527	0.0278528045283644	0.00377415815971213	0.0345034682073412	0.0345034682073412
YOR051C_mRNA	5.61585440026738e-10	5.90577034945086e-09	-0.39588388020573	0.0638434722847411	6.85400467556963	0.0570101045210562	0.00111381741507129	0.0151901383984188	0.0143802813367746	0.0151901383984188
YOR056C_mRNA	5.81625506371322e-10	6.10549585607085e-09	-0.633493520766048	0.102253372378453	6.27069538508239	0.146051885635012	0.0019557787116171	0.0398672299394491	0.0136297148523616	0.0398672299394491
YHR214W-A_mRNA	6.00879364668098e-10	6.2962647096337e-09	0.785225314683632	0.126849749343866	4.90344212362372	0.224493551877448	0.0205079010762018	0.0438555345582045	0.0181458887443579	0.0438555345582045
YFL040W_mRNA	6.11159733177239e-10	6.39248941739783e-09	0.541554540440746	0.0875236058020806	4.65241037952845	0.0952301594881299	0.00964534976551612	0.00859230103691252	0.0209961765248759	0.0209961765248759
YKL078W_mRNA	6.51536984077301e-10	6.80260657568881e-09	-1.24809827564342	0.202041690287874	4.60226298554262	0.567797634737443	0.0130471530920927	0.150236225365432	0.0216223243553152	0.150236225365432
YFR042W_mRNA	6.66928281696474e-10	6.95084824537327e-09	0.468061853404329	0.0758149500040408	5.10804048650975	0.0699441457578468	0.00669818752150166	0.00564714047267822	0.0162934390549592	0.0162934390549592
YDR037W_mRNA	6.8435583338526e-10	7.11974479518308e-09	-0.425730901753524	0.0690039122095365	8.63236616158628	0.0569116682187411	0.000190829355061458	0.00900115781991313	0.0188553302458242	0.0188553302458242
YBL024W_mRNA	7.03144656308978e-10	7.302176056428e-09	-0.451664877919297	0.0732582488154238	6.58112357112652	0.0744362549917037	0.00141020604134784	0.0200568780366623	0.0139968143546836	0.0200568780366623
YGL163C_mRNA	7.1779747007975e-10	7.44108195851356e-09	0.38437705667211	0.0623774571747162	6.28671275803844	0.0539250618629557	0.00186625168488794	0.0136975369694463	0.0136413764578474	0.0136975369694463
YMR114C_mRNA	7.3249410603362e-10	7.57994788943494e-09	0.397291794540269	0.0645068825222952	5.81501132078443	0.0561969657259079	0.00315043982524002	0.0119632320213678	0.0134941117457408	0.0134941117457408
YOR341W_mRNA	7.51059472488091e-10	7.75828455091421e-09	-0.622009411823702	0.101058567050873	7.54751329718846	0.141300102410274	0.000527124123520472	0.0403242117739825	0.0159289228061389	0.0403242117739825
YDL137W_mRNA	7.58878405860971e-10	7.82517803990446e-09	0.392076527326167	0.063718107558232	7.44251810213596	0.055626391685484	0.000584909837116117	0.0150936517458605	0.0156550790860936	0.0156550790860936
YDL199C_mRNA	7.74727917178382e-10	7.97449619342978e-09	0.443917467096726	0.072181457973082	5.26284646336878	0.0643969709926189	0.00560974369115131	0.0070833773456338	0.0152309078093279	0.0152309078093279
YNL119W_mRNA	8.00662227335106e-10	8.22691029357025e-09	-0.822889390190607	0.133916464682778	5.100676009531	0.247524699112571	0.00713954278954143	0.064594935262993	0.016351510458025	0.064594935262993
YNL075W_mRNA	8.26540450942139e-10	8.47786032955793e-09	-0.593571481023732	0.0966768944536117	5.75115031423599	0.128847202661716	0.00340606883034424	0.0339796188544349	0.0135208636232662	0.0339796188544349
YBR014C_mRNA	8.36670161845881e-10	8.56667902093867e-09	0.401293623534059	0.0653805909642774	5.70329772208132	0.0530177148384063	0.00353276345692945	0.00726148178733582	0.0135657232424231	0.0135657232424231
YKL162C_mRNA	8.66497356570572e-10	8.85651508663184e-09	0.499031568395131	0.0813783367180046	4.91562970815892	0.0854458201763065	0.00846735559858787	0.0119295928031964	0.0180223791493678	0.0180223791493678
YKL151C_mRNA	8.82920091629468e-10	8.99696277291771e-09	0.462627507341733	0.075478597950727	6.8110062053783	0.0783419928079281	0.0012423682694707	0.0215457067249593	0.014315614948749	0.0215457067249593
YPL113C_mRNA	8.83326932047533e-10	8.99696277291771e-09	0.471040434335858	0.0768521028359819	5.15936222947267	0.0755133742446809	0.00771721131765503	0.00979594943612776	0.0159077715235943	0.0159077715235943
YMR032W_mRNA	8.97560029712785e-10	9.12597684660852e-09	-0.384453853459786	0.0627512062613151	6.13647971705193	0.0539333856388514	0.00223799532715417	0.0133178420173069	0.0135128602218463	0.0135128602218463
YPR065W_mRNA	9.42376042390122e-10	9.56495265324886e-09	0.660986491177503	0.108024165560751	6.21306772306293	0.160072593693466	0.00229288475028287	0.0443839966301031	0.0135808592002277	0.0443839966301031
YDR234W_mRNA	9.46412401264238e-10	9.58921504307035e-09	-0.4303382823364	0.070337458277179	6.53788648998899	0.0678544132695351	0.00141424612079171	0.0183751860267839	0.0139309727623989	0.0183751860267839
YGL096W_mRNA	9.54858979796045e-10	9.65800072272874e-09	-0.552991889811556	0.0904057394443853	4.60194206789568	0.0951890971200393	0.0110664146996525	0.00355046644400234	0.0216263761982918	0.0216263761982918
YKL023W_mRNA	1.01792479967937e-09	1.02780413915632e-08	0.396133814634662	0.0648700592930174	5.80800491920656	0.0560819513044444	0.00333670645789425	0.0119162416262937	0.0134957919128241	0.0134957919128241
YMR014W_mRNA	1.03518672813314e-09	1.04342523842625e-08	-0.779779409505639	0.127751258993761	6.10198147085987	0.223077681581823	0.00240260706744874	0.062878929630515	0.0134867486226225	0.062878929630515
YNL148C_mRNA	1.05014090251373e-09	1.05667027600086e-08	0.398237046844544	0.0652676779325667	5.73258571710607	0.0551558177018563	0.00350437768141529	0.0102789282907267	0.0135351014494217	0.0135351014494217
YGR208W_mRNA	1.05788066360523e-09	1.06262288726967e-08	-0.453886143271969	0.0744024038429535	6.23433702382114	0.0756033810188911	0.00205249546170816	0.0200903753287316	0.0135997887208371	0.0200903753287316
YLR180W_mRNA	1.09159107050283e-09	1.09459717327874e-08	-0.585294316223859	0.0960221820512221	8.03448723463385	0.125774151692333	0.000378613025868414	0.0365024247576437	0.0172251773071791	0.0365024247576437
YLR431C_mRNA	1.15602267024407e-09	1.15721444619278e-08	0.419447448352497	0.0689174796126838	5.46140554345034	0.057303187011009	0.00474306194720677	0.00638573501332546	0.014255414037452	0.014255414037452
YEL034C-A_mRNA	1.22242614274198e-09	1.22158742840733e-08	-0.51616548498311	0.0849337162977989	8.75041755891411	0.0979784304496051	0.000264903352975438	0.0285900413036445	0.0191792477063766	0.0285900413036445
YMR102C_mRNA	1.23943176088441e-09	1.23646052036174e-08	-0.62361774557815	0.102652152499352	6.91828030579542	0.143046291834261	0.00110368971283932	0.0410461679381616	0.0144844580645001	0.0410461679381616
YBR299W_mRNA	1.31139912436421e-09	1.30601902539246e-08	0.682179397732242	0.112459620316092	5.08374074263945	0.166468424807171	0.034101059240069	0.0112954728560929	0.0164876055664895	0.0164876055664895
YER131W_mRNA	1.31475832181115e-09	1.30713003120679e-08	-0.396680349117051	0.0653985524022018	7.83480725066547	0.0568718803625222	0.000418887362198101	0.0155566132046111	0.016688995263016	0.016688995263016
YOR101W_mRNA	1.33586039497733e-09	1.32584713136933e-08	-0.576407772416462	0.0950693595685912	6.16019189541952	0.122341462374682	0.00215540373968838	0.03399732877544	0.0135330708977071	0.03399732877544
YMR229C_mRNA	1.37711648499677e-09	1.36446949686925e-08	-0.635457306528293	0.104893280716839	7.13294885010193	0.148757971513007	0.000848168549506739	0.0431622328086599	0.0148973616366498	0.0431622328086599
YKL163W_mRNA	1.41186131660075e-09	1.39652020891613e-08	-1.17510171879378	0.194099464855348	4.84330278181655	0.508882261629853	0.0106063760675552	0.140092032960975	0.0187775458372258	0.140092032960975
YJR045C_mRNA	1.42770643828084e-09	1.40979961176681e-08	-0.418705146850405	0.0691808837643671	8.67641347091882	0.0555502027948179	0.000167799521393146	0.00926056061619224	0.0189761791922823	0.0189761791922823
YOL017W_mRNA	1.49839340854455e-09	1.47709644639265e-08	0.505697729427705	0.0836619413768742	4.81354181731086	0.0732541551492207	0.00889410460593273	-0.00347327938843512	0.0191031771338574	0.0191031771338574
YLR403W_mRNA	1.56013186362448e-09	1.53535949957369e-08	-0.380855313006963	0.0630761543732325	6.07621162021196	0.0534223501251287	0.00244348472220514	0.0133516705702523	0.0134709202798583	0.0134709202798583
YLL023C_mRNA	1.70990135723397e-09	1.67991320526899e-08	0.375151696839592	0.0622843343197038	6.8517682372493	0.0454485704233504	0.00114053472242751	0.00734327769069796	0.014376818484167	0.014376818484167
YLR070C_mRNA	1.8402535432757e-09	1.80493554598051e-08	0.530867415385883	0.088311373963015	5.27961254549767	0.104267945470876	0.00572870472887977	0.0254668903560622	0.0151330184917286	0.0254668903560622
YFL030W_mRNA	1.84521893899361e-09	1.80676395606333e-08	0.513580459685051	0.0854418455030137	5.35782261951107	0.0975917904138028	0.0048954015731943	0.0243058342786491	0.0147159323440771	0.0243058342786491
YPR018W_mRNA	1.88428030820646e-09	1.84191561671323e-08	0.428266929436966	0.0712889376933067	5.85338877897017	0.0678832372729412	0.00312580001445961	0.0172026505353011	0.0134878762996648	0.0172026505353011
YOR130C_mRNA	1.92074082354843e-09	1.87441139664877e-08	0.46772728685652	0.0778977886125311	5.6794405377445	0.0809924617227407	0.00376519451828535	0.020507067364605	0.0135993695857008	0.020507067364605
YIL019W_mRNA	1.93628819407008e-09	1.88642391616259e-08	-0.609441609567542	0.10152176589471	5.52012978384288	0.137523317540694	0.00424536683505933	0.0369813089664618	0.0140361775622565	0.0369813089664618
YCL037C_mRNA	1.94643680680437e-09	1.8931453817099e-08	-1.06600574319882	0.177602058089153	3.1564413827071	0.42079016508211	0.0639083284466803	0.0622616357033305	0.0544699143515351	0.0622616357033305
YNR058W_mRNA	1.98945715758076e-09	1.93176290001092e-08	0.507250664129125	0.0845605853196919	4.7792696904582	0.0920052649906671	0.00911375991836844	0.0159480993546497	0.0194882104400671	0.0194882104400671
YDR421W_mRNA	2.08344982990161e-09	2.01788642436579e-08	0.380320335276875	0.0634802125084415	6.0674950880146	0.051071679658547	0.00265249211978659	0.0107404339643381	0.013466457400681	0.013466457400681
YML106W_mRNA	2.08508003341608e-09	2.01788642436579e-08	-0.397093957978374	0.0662813466132319	7.43414864616088	0.0584503061832048	0.000616222120973398	0.0169566455144801	0.0156333494412851	0.0169566455144801
YJL109C_mRNA	2.14262470480496e-09	2.07013789887126e-08	-0.743579068007035	0.124207076977443	6.5762789953769	0.20503824052697	0.00147133355400211	0.0602382583311201	0.0139894368155288	0.0602382583311201
YPL267W_mRNA	2.16504746641174e-09	2.08833883101238e-08	0.574820412358424	0.0960448972245605	4.43743487385974	0.114711526671608	0.0131438614707497	0.0153560581162845	0.0237546276607558	0.0237546276607558
YDL201W_mRNA	2.18170465231552e-09	2.10092748832896e-08	-0.578016471633308	0.0965990534134765	5.71356988227907	0.123931285643929	0.00346204108503164	0.0338634673964871	0.0135537398686473	0.0338634673964871
YMR068W_mRNA	2.25621826055526e-09	2.1690969613853e-08	0.51493417727154	0.0861353751982894	5.66152059667672	0.098407319192005	0.00412540392652438	0.025551807515676	0.0136305646768919	0.025551807515676
YGL156W_mRNA	2.34135345687404e-09	2.24723644806395e-08	0.747556195715319	0.125173542465106	5.85163045375966	0.207519489604814	0.00342681479785254	0.0592468481352027	0.0134880919264887	0.0592468481352027
YDR398W_mRNA	2.34710736084176e-09	2.24905386254344e-08	-0.645176065849131	0.108037881374031	6.52065427037062	0.154576727815896	0.00154969050678207	0.0451390447403747	0.0139049919209247	0.0451390447403747
YDR078C_mRNA	2.41984835033046e-09	2.31494852036539e-08	0.558504589685234	0.0936023804339838	4.5145189073671	0.113665866505538	0.0122984073233052	0.0203643420184937	0.0227472151683277	0.0227472151683277
YJL122W_mRNA	2.45044060080682e-09	2.34037162955746e-08	-0.808238950865846	0.135503102067451	5.26786308215613	0.242748125620093	0.00612803049169118	0.0673163321879166	0.0152012915325208	0.0673163321879166
YCL044C_mRNA	2.47995944257926e-09	2.36468800531371e-08	0.424998128535873	0.0712752732066613	5.77475068445073	0.0671321901996196	0.00357946441084212	0.0167411938718947	0.0135075358920557	0.0167411938718947
YHR112C_mRNA	2.4893428893703e-09	2.36975680939075e-08	0.449117760225955	0.0753281039794258	6.01669680769298	0.0749726101435389	0.00291496450294293	0.0197823284935978	0.0134516391239551	0.0197823284935978
YNL132W_mRNA	2.65225743295472e-09	2.52072623236447e-08	-0.718004826075238	0.120636789990237	6.39207946857937	0.191806992441443	0.00178453289996368	0.0564284074966302	0.013731456416462	0.0564284074966302
YJR071W_mRNA	2.81446082314045e-09	2.67052911329255e-08	-0.931985668912764	0.156845299929599	3.23705914198011	0.317186744097101	0.0470321882637855	0.0446400983948879	0.0513696041762385	0.0513696041762385
YGL196W_mRNA	2.82622428848062e-09	2.6773305210875e-08	-0.372503806740578	0.0626964505111859	6.23591752303309	0.0506233838539737	0.0021222150804529	0.0124716716098842	0.0136011645463534	0.0136011645463534
YIL042C_mRNA	2.88410655275099e-09	2.72772804810508e-08	0.483167990280201	0.0813679572912727	6.30949770456449	0.0869711278570586	0.00185372891055866	0.0246292489844589	0.0136561531488738	0.0246292489844589
YOR206W_mRNA	2.92524936233577e-09	2.7621560429446e-08	-0.81512066233722	0.137324210068555	6.20701675698383	0.247582089483308	0.00235085286447284	0.0730809018193374	0.0135753750463526	0.0730809018193374
YMR111C_mRNA	2.95288141203222e-09	2.78373577775076e-08	0.407811725380295	0.0687223165674206	5.43701071518317	0.0581322768395776	0.00453594497482568	0.0102313792511066	0.0143550822027454	0.0143550822027454
YAR035W_mRNA	2.96534551211226e-09	2.79096978248239e-08	0.758121168838848	0.12776952907167	5.40117625771348	0.214212917992087	0.005375546074353	0.0599246641624319	0.0145111203380172	0.0599246641624319
YLR399C_mRNA	3.06357755252069e-09	2.87877464854606e-08	-0.370076112697523	0.0624268645794169	6.93565098179315	0.0499676570732215	0.00107429964756362	0.0133320960196567	0.0145141540373038	0.0145141540373038
YDR165W_mRNA	3.10443534438351e-09	2.91247026028637e-08	-0.667609913897238	0.112658176788068	5.89936050971547	0.166237094478623	0.00295749189019613	0.0478099672986498	0.0134820161471982	0.0478099672986498
YPL230W_mRNA	3.21487263107502e-09	3.01122957373682e-08	-0.484415698677463	0.0818237658607985	5.82317171735623	0.0875707654293795	0.00340234101485486	0.0233781736237162	0.0134924185367309	0.0233781736237162
YPR078C_mRNA	3.23488811055191e-09	3.02511366485962e-08	0.795086558692209	0.134323053498861	3.857252491227	0.235936051634834	0.0276078387634242	0.0445628920416068	0.033618737686539	0.0445628920416068
YBR269C_mRNA	3.2738672556041e-09	3.05624479641746e-08	0.467092240960775	0.0789375043766274	5.43818322631831	0.0814429269137867	0.00470664801397744	0.0202178703748628	0.0143501722014506	0.0202178703748628
YLR372W_mRNA	3.27866975242175e-09	3.05624479641746e-08	-0.379981374936718	0.0642185878006458	7.57142403443515	0.045800102607577	0.000504509382486183	0.00731393046883242	0.0159915986939508	0.0159915986939508
YMR220W_mRNA	3.31917916407885e-09	3.08906354791109e-08	-0.367414924320533	0.062116014943176	6.47527179381781	0.0406674517190025	0.0015949829785644	0.00340765054509175	0.0138386142711191	0.0138386142711191
YJR002W_mRNA	3.34585497258249e-09	3.10892361567234e-08	-0.544978256181114	0.0921558111010833	6.5989702700706	0.110906402396263	0.00142460694804101	0.0325461671307532	0.014023881169933	0.0325461671307532
YLL028W_mRNA	3.41277876381552e-09	3.16605877038045e-08	-0.547222598595095	0.0925863890480363	5.84936023463346	0.111857046541474	0.00292899029212321	0.0313599674556941	0.0134883758472592	0.0313599674556941
YKR041W_mRNA	3.6426332412213e-09	3.37392388924568e-08	0.833601028704861	0.141296581859462	3.58752566885291	0.251237648230257	0.0396806915766267	0.0309623100821335	0.040178204604044	0.040178204604044
YLL011W_mRNA	3.8011817432103e-09	3.51518806919734e-08	-0.797991376482691	0.135422151296463	5.33336487000053	0.238276923681443	0.00531964806066055	0.0680369881863884	0.0148395817812169	0.0680369881863884
YDR383C_mRNA	3.82738283450786e-09	3.52821715092449e-08	0.434932474338797	0.0738239012157576	5.20583886637142	0.0642357489188822	0.0062121548603647	0.00856435977144677	0.0155877187024911	0.0155877187024911
YJR132W_mRNA	3.82476537584152e-09	3.52821715092449e-08	-0.37069394162888	0.062919072598957	6.11129814735375	0.0465120444264422	0.00234192256592395	0.00823126835944819	0.0134933162209273	0.0134933162209273
YNR040W_mRNA	3.85264649065004e-09	3.54589549044663e-08	-0.51300567815563	0.0870918408140817	4.68239294988204	0.0905668976410185	0.00971079163151428	0.0121323627496004	0.0206291633140271	0.0206291633140271
YGR210C_mRNA	3.94771886636141e-09	3.62766721063432e-08	-0.386601999409811	0.0656774975434658	6.92224573244667	0.0559601540047122	0.00101108199996537	0.0162430527343224	0.0144911794064125	0.0162430527343224
YLR060W_mRNA	4.13948915005037e-09	3.79789980916433e-08	-0.386846440973458	0.0658067662188263	7.93793570694769	0.0461057817245905	0.000356916253554581	0.00628494448169785	0.0169652056671624	0.0169652056671624
YBR231C_mRNA	4.36576178524089e-09	3.9992025410084e-08	0.436011904431582	0.0742817643792927	5.93782213213338	0.0712947488203375	0.00270306358628001	0.019368058490923	0.0134728407633176	0.019368058490923
YLR191W_mRNA	4.46235961048684e-09	4.08127269869644e-08	0.397881773422747	0.0678276143693498	5.55735441916956	0.0490590343652093	0.00449076276165429	0.00284108673763285	0.0139115783224946	0.0139115783224946
YJL158C_mRNA	4.52880505959403e-09	4.13555145410577e-08	-0.398727811936508	0.068000269960498	8.41910767935061	0.0541687094944258	0.000225123739684887	0.012388817001007	0.0182710231191175	0.0182710231191175
YLR304C_mRNA	4.55701446894629e-09	4.15479910736793e-08	-0.389265882498159	0.0663982741229268	8.06248649330359	0.0556253983448805	0.000334128202378378	0.0159708193736878	0.017300795023635	0.017300795023635
YDL035C_mRNA	4.72729319353043e-09	4.30331408523567e-08	0.446465199105639	0.0762341590809868	6.66697834887318	0.0748517952435816	0.00133238708299799	0.0219142009601428	0.0141230155253892	0.0219142009601428
YDR088C_mRNA	4.74034338836362e-09	4.30846186904937e-08	0.373235104536747	0.0637350684144111	6.00908732783922	0.0497284485130369	0.00279731275248356	0.0106818982947541	0.0134513230306751	0.0134513230306751
YHL023C_mRNA	4.81519568490373e-09	4.36967757947806e-08	0.36555629884057	0.0624515751312922	6.38944765447313	0.0408885171843274	0.00187229542963354	0.00375642794728399	0.0137285015158842	0.0137285015158842
YJL212C_mRNA	5.03790050617856e-09	4.55757893617955e-08	-0.391066371703273	0.0668956604605668	6.31216537167992	0.0574888849374771	0.00189048046366275	0.016009637090159	0.0136579528281446	0.016009637090159
YPR079W_mRNA	5.03712648916321e-09	4.55757893617955e-08	0.373027588965456	0.0638096742051221	5.9511658495093	0.0473289440751494	0.00281890091835738	0.00813365855376528	0.0134677971702979	0.0134677971702979
YOR207C_mRNA	5.09632997582032e-09	4.60328968048514e-08	-0.36631519279609	0.0626823157567748	7.09242951101575	0.0480401752114357	0.000904509082606061	0.0122280156515789	0.014811781751922	0.014811781751922
YIL123W_mRNA	5.13192686326811e-09	4.62111374117465e-08	-0.403276300166977	0.0690206332031482	7.88773989685338	0.0611535049560146	0.000397341112385331	0.0186580501186688	0.0168305656214223	0.0186580501186688
YJL153C_mRNA	5.12840897042738e-09	4.62111374117465e-08	-0.572542376364094	0.0979885628156921	4.37626261890672	0.116868940937007	0.0138273836617374	0.0177308322757284	0.024579650109002	0.024579650109002
YBR247C_mRNA	5.23745972283445e-09	4.70886425080764e-08	-0.862056633482847	0.147626434179595	5.3015282381445	0.279533743011182	0.00526354852922163	0.0819107077451081	0.0150096897599934	0.0819107077451081
YMR271C_mRNA	5.40340612337778e-09	4.85057689904452e-08	0.506192418924724	0.0867622553409038	4.69527152350409	0.0924790000615065	0.00963736894151662	0.0162384839881366	0.0204733868658441	0.0204733868658441
YDR496C_mRNA	5.45158303712842e-09	4.88629581143233e-08	-0.805614245206655	0.13811872012462	6.35646730224469	0.244290465057059	0.00186841720612045	0.0744387061893318	0.0136943345037833	0.0744387061893318
YER049W_mRNA	5.53970762399099e-09	4.9576553943735e-08	-0.481769073503481	0.0826349114040714	6.71442104651027	0.0873868907581399	0.0013064647827231	0.0260076495483118	0.0141851050158531	0.0260076495483118
YGR200C_mRNA	5.57300945690293e-09	4.9798087570424e-08	-0.517324965773674	0.0887488224245716	6.42476969203309	0.100771751721922	0.00169246458474743	0.0298129493422451	0.0137706352131898	0.0298129493422451
YCL030C_mRNA	5.97957449930857e-09	5.32675856773268e-08	-1.00501501548446	0.17276230922849	7.4443594331038	0.380776159522311	0.000706475672716182	0.118680786287125	0.015659861746809	0.118680786287125
YER039C_mRNA	5.97587195566032e-09	5.32675856773268e-08	0.512150281274084	0.0880371821737901	4.74087156335108	0.0965112719161594	0.0110705672180277	0.0173921068038221	0.0199316145623767	0.0199316145623767
YGL208W_mRNA	6.3891682221026e-09	5.67428263139783e-08	0.449176035141959	0.0773609255114099	5.99324246021822	0.0761453572505591	0.00287290822400749	0.0210659429599202	0.0134524966290912	0.0210659429599202
YML101C_mRNA	6.38916103211888e-09	5.67428263139783e-08	0.648095374118336	0.111620506017812	4.74523230056583	0.158521476545333	0.00964543830033567	0.0401911111543536	0.0198806476829066	0.0401911111543536
YDL021W_mRNA	6.49237717221925e-09	5.75716733719168e-08	0.458029339697046	0.0789222134832916	4.97355682079379	0.0791981058556651	0.0074307416484118	0.0174841214759972	0.0174571600085792	0.0174841214759972
YGR145W_mRNA	6.5059649189138e-09	5.7604485741021e-08	-0.610844895134235	0.105259942691608	6.50562321691602	0.140865776908726	0.00161240623668738	0.0427062159050753	0.013882613838977	0.0427062159050753
YHR163W_mRNA	7.10333197388496e-09	6.2798197389763e-08	-0.454758438826736	0.0785628975457452	6.48708115091051	0.0781906778333589	0.00153511864818163	0.0231533968349514	0.01385551289882	0.0231533968349514
YPR138C_mRNA	7.11960851275275e-09	6.28467260534811e-08	0.419595997171784	0.0724931404804687	6.67319177080133	0.0665691671137807	0.00137775270071794	0.0196432689661659	0.0141315615789904	0.0196432689661659
YLR222C_mRNA	7.28150068873286e-09	6.4178552212644e-08	-0.732290152323681	0.126599620507369	5.99631374096049	0.20283556319114	0.00255004295865061	0.0615598126917884	0.0134520687842538	0.0615598126917884
YIL070C_mRNA	7.55626834893895e-09	6.64997271917195e-08	-0.393255894503433	0.0680600860915377	5.5015943874862	0.0529888561211529	0.00442639503397652	0.00816160836391714	0.0141023062411736	0.0141023062411736
YGL186C_mRNA	7.61213825396392e-09	6.68903732542893e-08	-0.358493959507126	0.0620572173115356	6.68921434946823	0.0456797786118318	0.00125133686329641	0.0109718776484956	0.0141530560185082	0.0141530560185082
YHR148W_mRNA	7.77391159397943e-09	6.82090496182593e-08	-0.731602576260625	0.126721982082429	4.43460271106452	0.202682874664474	0.0121768205830305	0.0520570223885673	0.0237918869246794	0.0520570223885673
YJR069C_mRNA	7.8466633586931e-09	6.8743850718415e-08	-0.388578756710833	0.0673246080535858	5.68599345156861	0.0571866373495738	0.00303178502311845	0.0150986263751574	0.0135892720635098	0.0150986263751574
YMR239C_mRNA	7.94630448728589e-09	6.9512267181573e-08	-0.788876529198419	0.136730005005771	4.88447179837204	0.235748666155851	0.00782448388625217	0.066955893189261	0.0183412043564627	0.066955893189261
YCR024C_mRNA	8.4104541261537e-09	7.34622274947098e-08	0.395624500059899	0.068684584218931	5.46677295443505	0.0548829801882972	0.00463611085741764	0.00944744075928788	0.0142341775798921	0.0142341775798921
YHR064C_mRNA	8.48865196883886e-09	7.40342610336156e-08	-0.388442730418859	0.0674560497827227	8.29598903189408	0.0527733667467053	0.000266478930738503	0.0131656269220863	0.0179347956784181	0.0179347956784181
YKR058W_mRNA	8.69376775033747e-09	7.57098518885891e-08	-0.64373272725021	0.111867446888986	6.82134299884773	0.157224635616382	0.00114774688735935	0.0489095558064807	0.0143307922662549	0.0489095558064807
YDR324C_mRNA	8.73065423412115e-09	7.59175993552087e-08	-0.823070899995433	0.143050498667819	5.71088183317499	0.257049050343162	0.00342748333561175	0.0784262973408352	0.0135567395115136	0.0784262973408352
YER130C_mRNA	8.75162181428053e-09	7.59865107153478e-08	-0.363030145359628	0.0630994266678192	6.04492600260846	0.0438120664905955	0.00246880752399283	0.0068181533045501	0.0134573430592371	0.0134573430592371
YCL021W-A_mRNA	8.9709096392067e-09	7.77745826756223e-08	-1.31631465138691	0.228959325180951	2.50120842459601	0.577982762611553	0.119782498926792	0.00443210059820014	0.0899069914224741	0.0899069914224741
YDR161W_mRNA	9.0153813357334e-09	7.80439994977456e-08	-0.575509239541803	0.100118445263285	6.20632158584881	0.125744727452029	0.00205003464181618	0.0380447776859334	0.0135747433484252	0.0380447776859334
YLR407W_mRNA	9.11520667079112e-09	7.87910891157701e-08	0.49698540761132	0.0864860733520464	4.71635710884783	0.0843937198839507	0.00969844789793589	0.0101535390124141	0.0202209156374863	0.0202209156374863
YBL113C_mRNA	9.18886187981559e-09	7.93100878693417e-08	0.67548186374947	0.117576128293374	7.1403014602962	0.173283677727173	0.00428221628497846	0.0510143674928617	0.0149132719242473	0.0510143674928617
YLR307W_mRNA	9.92586839483357e-09	8.55445403377225e-08	1.26391980752733	0.22050276449438	3.02034627123067	0.607518359454728	0.0817351923998309	0.112750684198825	0.0602326272190113	0.112750684198825
YKL172W_mRNA	1.01867605457513e-08	8.76633189653577e-08	-0.587529544471258	0.10257884729995	7.12438770270895	0.13133462517707	0.000885577805083848	0.0412041018484617	0.014878983682205	0.0412041018484617
YGR043C_mRNA	1.0208347457672e-08	8.77195166495533e-08	0.619813463918804	0.108222197951073	4.8688622012689	0.146169959430955	0.00898492289149582	0.0378632536259487	0.0185046678469003	0.0378632536259487
YNR012W_mRNA	1.04339581019498e-08	8.95261265124591e-08	-0.583612301321326	0.10196738224095	5.25818180842977	0.129644313820955	0.00595385085662521	0.0356355373076625	0.0152586988644786	0.0356355373076625
YMR049C_mRNA	1.07309695576979e-08	9.19391597693354e-08	-0.719553981724254	0.125823617543538	6.19801551802341	0.197173357562566	0.00225973839356748	0.0610665925334022	0.0135671793434369	0.0610665925334022
YDL018C_mRNA	1.07892398762611e-08	9.23026600867799e-08	0.41186074081309	0.0720309404683658	5.27091803709498	0.0606063693114198	0.00557043218026074	0.010899457846801	0.0151833933587683	0.0151833933587683
YDL059C_mRNA	1.11554598101644e-08	9.52957607830173e-08	0.472494433120394	0.0827173731899604	4.853517214864	0.07124547241116	0.00870092756998811	0.00384751020489393	0.0186677277398006	0.0186677277398006
YOR050C_mRNA	1.13226099166437e-08	9.65820283665679e-08	0.732323786430323	0.128261300271639	4.00771165301966	0.204429755795959	0.0212438325641624	0.0445600120253233	0.0305727914091629	0.0445600120253233
YER006W_mRNA	1.14730693592668e-08	9.74817639857044e-08	-0.520563919618927	0.0912089650678877	6.99345992978502	0.103321026328425	0.000926733626865781	0.0323495676081549	0.0146176978818726	0.0323495676081549
YGR090W_mRNA	1.14696836164136e-08	9.74817639857044e-08	-0.479586340158613	0.0840284678805321	6.64275744215532	0.0876944067913672	0.00139505840293893	0.0268480752544595	0.0140887360574031	0.0268480752544595
YIL078W_mRNA	1.14782852890823e-08	9.74817639857044e-08	-0.390270733754247	0.0683809827300264	8.49809348866006	0.0486112824027147	0.000216613818171974	0.00834940429185699	0.0184872213783247	0.0184872213783247
YER082C_mRNA	1.17414434291761e-08	9.95715420937118e-08	-0.563707766470452	0.0988364772367876	6.11669081926623	0.121207342729386	0.00236390759645443	0.0367106893338577	0.0134972949700939	0.0367106893338577
YGL055W_mRNA	1.21248699933051e-08	1.02673681077029e-07	-0.402592550221775	0.0706555454670476	8.9939737298799	0.0570752310040809	0.000121964573224568	0.0147212796471272	0.0198468598477595	0.0198468598477595
YLR299W_mRNA	1.24142199593557e-08	1.04971328712926e-07	0.387611622711256	0.0680744371583361	6.79905538593704	0.0573654869287447	0.00122211565203976	0.0173144003256573	0.0142983587728303	0.0173144003256573
YHR196W_mRNA	1.24423099039326e-08	1.05056373188857e-07	-0.937126615746116	0.164594364079858	5.53473674958709	0.335329215881523	0.00482469520256422	0.103540523544848	0.0139859970750488	0.103540523544848
YOL108C_mRNA	1.26160796924349e-08	1.06369436017548e-07	0.454924033795069	0.0799348539080421	4.93918286743491	0.0647517435426045	0.0077701677304753	0.00247644991535022	0.0177881557467248	0.0177881557467248
YGL127C_mRNA	1.26731915818039e-08	1.06542588969105e-07	0.483470916505613	0.0849623486091586	4.79835082179386	0.0892812097715617	0.00938994374709729	0.0194844589776395	0.0192725485129328	0.0194844589776395
YOL162W_mRNA	1.26658858341919e-08	1.06542588969105e-07	0.892822971712701	0.156896767742054	3.28333752348774	0.281810344192472	0.0487793433228253	0.0254080657925664	0.0496870395887909	0.0496870395887909
YMR008C_mRNA	1.27104450814261e-08	1.06701805539465e-07	-0.836220083451704	0.146965366602654	7.02976119832357	0.267105998319229	0.00102269622497902	0.0853725796976309	0.0146864223677364	0.0853725796976309
YNL276C_mRNA	1.32047043909411e-08	1.10691521987947e-07	1.38624419303524	0.243911300837599	2.85047784936277	0.710075813160767	0.169496085940731	0.0422500102389665	0.0684748047644269	0.0684748047644269
YLR003C_mRNA	1.37029147544603e-08	1.1470284678087e-07	-0.887541690457223	0.156338252089404	4.86850914347755	0.301310223794359	0.00897503999464882	0.0887915562708314	0.0185083933410436	0.0887915562708314
YLL008W_mRNA	1.38203180566455e-08	1.15519616926853e-07	-0.827101361954743	0.145729319569826	6.46042920264959	0.261710705893166	0.00170167042051398	0.0832464679086234	0.013817852777236	0.0832464679086234
YNR034W-A_mRNA	1.48488253009358e-08	1.23938762468842e-07	-1.19086821423411	0.210278102794967	2.72943562060783	0.491950795538583	0.101709938408859	0.0201895986187297	0.0751575836513446	0.0751575836513446
YER156C_mRNA	1.49229667618936e-08	1.24379405371663e-07	-0.499832796512191	0.0882715221873557	7.07049058902497	0.0957117032744045	0.000941050327136565	0.0302263961899547	0.0147669284472811	0.0302263961899547
YLR099C_mRNA	1.50008889614852e-08	1.24850255842304e-07	-0.379382846895002	0.0670103814586409	6.30421078695911	0.05514581910491	0.00186184283543913	0.0160997220574911	0.013652727124199	0.0160997220574911
YDR452W_mRNA	1.50486775980503e-08	1.25069323375522e-07	0.422645791571401	0.0746591106511279	7.58450944677252	0.0684440598341491	0.000524865832408632	0.0217710653804608	0.0160259463890119	0.0217710653804608
YDR299W_mRNA	1.5485652052528e-08	1.28517676435937e-07	-1.02789339498731	0.18173201565391	5.04475071408637	0.405049650306508	0.00704719166046874	0.125058910394063	0.0168142704319283	0.125058910394063
YLR326W_mRNA	1.56709974446296e-08	1.29870883516944e-07	0.445766513625153	0.0788402048718855	4.96160291068068	0.0738505280439273	0.00729232588511421	0.0150595871135154	0.0175707857318493	0.0175707857318493
YIL101C_mRNA	1.5854942018911e-08	1.31208653696272e-07	-0.67877173795941	0.120093108573387	6.04444536381768	0.176705076914109	0.00273793934296593	0.0549514795643113	0.0134571903013735	0.0549514795643113
YER004W_mRNA	1.60959684997656e-08	1.33014343942744e-07	0.45747257591769	0.0809764448405337	6.95286851263101	0.080288464635449	0.00104794843663513	0.0251807900394129	0.0145442348039587	0.0251807900394129
YNL332W_mRNA	1.64275725298508e-08	1.35562376145766e-07	2.13492143594453	0.37813354257655	3.15453263982077	1.32470102760963	0.517393875435151	-0.400325499469255	0.0545460286508163	0.0545460286508163
YGL027C_mRNA	1.67355733879377e-08	1.37908699516443e-07	0.357167866209228	0.0632967784154532	7.31805694040493	0.0426093157680149	0.000692367521666317	0.00851221804336287	0.0153335611094336	0.0153335611094336
YLR449W_mRNA	1.67960098397955e-08	1.38211233512216e-07	-0.430994510265194	0.0763886299194638	7.55924735660846	0.0713198364832943	0.000581427941201455	0.0227594631826897	0.0159596665054178	0.0227594631826897
YHL048W_mRNA	1.73493669576829e-08	1.42563345409676e-07	0.540491112770233	0.095890464463497	5.92072879471566	0.112229434515722	0.00327727490239954	0.0335026497977012	0.0134777453188811	0.0335026497977012
YJR156C_mRNA	1.74880083443036e-08	1.43500192413962e-07	0.924467248598107	0.164052963016602	4.03613695026675	0.328380517113047	0.0508491468154399	0.0568043518826668	0.0300403406907645	0.0568043518826668
YLL035W_mRNA	1.76651780862093e-08	1.4475010904396e-07	-0.609273101575794	0.108152974047426	4.7977861395048	0.142659368916809	0.0091636110033767	0.0376246521778362	0.0192788845399731	0.0376246521778362
YLL032C_mRNA	1.82329280913722e-08	1.49192470590357e-07	-0.425606860119872	0.0756233407935398	5.18613591952952	0.0696548412799889	0.00597451766023562	0.0169010410308678	0.0157200280008706	0.0169010410308678
YNL103W_mRNA	1.88558404214136e-08	1.54073108408353e-07	0.350468616491335	0.0623367403418436	6.71750646533217	0.0412237134951833	0.00135451922179648	0.00771995919579969	0.0141889575639893	0.0141889575639893
YMR136W_mRNA	1.90988654227617e-08	1.55840322063039e-07	-0.353493707052593	0.0628995519876041	7.19634918659195	0.0462737315614701	0.000787013918272617	0.0130897553473642	0.0150384006426926	0.0150384006426926
YOR128C_mRNA	1.91285764623991e-08	1.55864456601311e-07	-0.735248413126982	0.130834028942366	7.10468143207121	0.208062888750888	0.000898674724246841	0.0675714977929204	0.0148372838286812	0.0675714977929204
YOL022C_mRNA	1.9169382090623e-08	1.55978798966438e-07	-0.364829795508477	0.0649240157136143	6.20006743106172	0.0512300184320266	0.00201117336871494	0.0148493378968116	0.0135690499574753	0.0148493378968116
YGR054W_mRNA	1.93558875688668e-08	1.57276709869202e-07	-0.35091561214546	0.0624664893953052	6.97009750752824	0.0414427267462292	0.00103326957765528	0.00818628997975513	0.0145749796118399	0.0145749796118399
YJL125C_mRNA	1.93999820000781e-08	1.57415452830717e-07	-0.625708162884586	0.111390110913956	5.31290710647798	0.150725146781955	0.00514021835233116	0.0444908088853622	0.0149476779143371	0.0444908088853622
YLR221C_mRNA	1.95123081847613e-08	1.58106686348288e-07	-0.42191888322616	0.0751243874137522	6.03792206296202	0.0685405264541044	0.00244973884029501	0.0201249554968711	0.0134552992501589	0.0201249554968711
YOR096W_mRNA	1.98761573611546e-08	1.60831239980676e-07	-0.383925700577874	0.0683984538879192	8.50076697706971	0.0538290785485082	0.000218849430017069	0.0153411794250383	0.0184945445470142	0.0184945445470142
YKL103C_mRNA	2.11138722399611e-08	1.70609458626925e-07	0.658476638666823	0.117530177630355	7.16280668934602	0.167194208219594	0.000876445666663148	0.0543769249486278	0.0149626983621455	0.0543769249486278
YNL125C_mRNA	2.13268453523987e-08	1.72091691167694e-07	0.349237624050451	0.0623540820568214	6.4496372628233	0.0420315267862233	0.00174898984848131	0.0084370979789283	0.0138031363481139	0.0138031363481139
YNL200C_mRNA	2.18717267903732e-08	1.76244371065995e-07	0.417533908219282	0.0746062019484293	5.94954210406895	0.067269269248332	0.00301078356670606	0.0192535579099732	0.0134684755217162	0.0192535579099732
YGL040C_mRNA	2.23745818758822e-08	1.79835635853232e-07	-0.349767422640976	0.0625415594597017	7.06996168856334	0.0466481141228218	0.000879926643556946	0.0141466956477776	0.0147658599950487	0.0147658599950487
YNL193W_mRNA	2.23791342247842e-08	1.79835635853232e-07	0.36099032765161	0.0645487233192279	5.91176441636325	0.0426205729221017	0.00318640277431932	0.00524592059707056	0.0134797479542496	0.0134797479542496
YBR240C_mRNA	2.24401700136236e-08	1.80077727960566e-07	0.614776399406069	0.109937534385129	4.16049273555959	0.145908715146728	0.0180689613387994	0.0302760845279267	0.0278577191346092	0.0302760845279267
YER024W_mRNA	2.41328665821038e-08	1.93394884054109e-07	0.504828514667116	0.0904805438115837	5.8977833669573	0.0985242753437773	0.00309195363844832	0.0296549615953114	0.0134822698346677	0.0296549615953114
YGR232W_mRNA	2.46524573541044e-08	1.97287385364028e-07	0.40484278932738	0.0726083144822984	6.12019632027337	0.0633880604580849	0.00254201293355529	0.0185458563942861	0.0134999461516518	0.0185458563942861
YDR022C_mRNA	2.49584662594736e-08	1.99462310600402e-07	0.663821459990035	0.119101862901308	4.60704105827005	0.170467328852045	0.0113124988285832	0.0454285161576647	0.0215620605876897	0.0454285161576647
YAL025C_mRNA	2.57527243203664e-08	2.05514890671565e-07	-0.882588814494443	0.15850798332502	6.12528963962023	0.301522652362511	0.00248940057664182	0.0980097225344179	0.0135038838608201	0.0980097225344179
YNL186W_mRNA	2.57863688776029e-08	2.05514890671565e-07	-0.556257742191007	0.0999048423770636	6.32534219771246	0.119775029646091	0.00194617346391716	0.0379777366576265	0.0136675217027691	0.0379777366576265
YBR104W_mRNA	2.63286584506426e-08	2.09550224226016e-07	-0.3749765336416	0.067390344798558	5.55054204208371	0.0534349410411495	0.00423225544469853	0.012845924018856	0.0139335788435756	0.0139335788435756
YMR144W_mRNA	2.64202286065262e-08	2.09992158064968e-07	0.442449741705544	0.0795252054854625	4.94820493937551	0.0610984552192831	0.00759701210485769	0.00193368307714492	0.0177000211251624	0.0177000211251624
YJL115W_mRNA	2.70785180212208e-08	2.149311253292e-07	0.348116952146274	0.0626183119935975	6.4284684172705	0.044349743138178	0.00190887794206044	0.0109843004569558	0.0137753340456496	0.0137753340456496
YNL270C_mRNA	2.79730063126447e-08	2.21728890853698e-07	0.636545008862984	0.114616960199463	3.99586060313104	0.120281636810655	0.0217495393837472	-0.00864479946043864	0.030798650877714	0.030798650877714
YMR235C_mRNA	2.84094991710271e-08	2.24882801861962e-07	-0.346719332812131	0.0624610778345952	7.04413203126744	0.0447570680905968	0.000891127294452842	0.012715932589561	0.0147144176825846	0.0147144176825846
YDR309C_mRNA	3.02203991994959e-08	2.38892870741198e-07	0.571877630707987	0.103224120542323	6.37852074239372	0.12699122436493	0.0019828627105562	0.0406380135363883	0.0137165802277093	0.0406380135363883
YHL033C_mRNA	3.06334437756735e-08	2.41829869155927e-07	-0.478359521105117	0.0863811409008256	8.53842521446226	0.0888777739942701	0.000205725085982782	0.0296410809273304	0.018597728716326	0.0296410809273304
YMR201C_mRNA	3.13319833824173e-08	2.47009655190748e-07	0.388904286526878	0.0702776501404637	5.3978211541153	0.0448990082749996	0.00522945932543786	-0.00033667733907553	0.0145263331116238	0.0145263331116238
YKL143W_mRNA	3.17652979684276e-08	2.50087332383864e-07	-0.603202093306773	0.109050180467074	6.18442366365785	0.141423987042211	0.00208497527267242	0.0454827921669331	0.0135547958702786	0.0454827921669331
YER150W_mRNA	3.25947285071797e-08	2.56271104295316e-07	-0.7858989666183	0.142195377233198	5.61348297802193	0.240189477339357	0.00404385646806253	0.0768342447579028	0.0137434509608742	0.0768342447579028
YGL169W_mRNA	3.31232052499539e-08	2.60075193781983e-07	-0.486272374958229	0.0880278886871697	5.68322225009837	0.0919854803364283	0.00334304254515236	0.0276525942017306	0.0135934600618473	0.0276525942017306
YDL023C_mRNA	3.36503699295328e-08	2.63858755329015e-07	-0.890991687935914	0.161373579054801	3.19082491818257	0.308918996322207	0.0464656133404181	0.0577001147274067	0.0531205827356466	0.0577001147274067
YBR230C_mRNA	3.40684027417662e-08	2.66777573082702e-07	0.577106710649322	0.104564816293001	6.29596972967563	0.129633431137581	0.00204481150365568	0.0416903917219006	0.0136475633002765	0.0416903917219006
YDL208W_mRNA	3.59578341541003e-08	2.81195089639985e-07	-0.443094495244517	0.0804217498682122	6.91892876695079	0.0765013177712286	0.000978983545555467	0.0248916478619057	0.0144855548602005	0.0248916478619057
YBR071W_mRNA	3.62965742503542e-08	2.83463594614697e-07	0.362503304813875	0.0658141498279749	5.76956240632104	0.0512132475858904	0.00326725158331386	0.0140587576870027	0.0135100581748147	0.0140587576870027
YKL001C_mRNA	3.64017980716589e-08	2.83525234713215e-07	0.464993531152914	0.0844295376195751	5.33671356311899	0.0842708905416614	0.00460451630991089	0.0239088709807101	0.014822296611675	0.0239088709807101
YNL304W_mRNA	3.63715817292804e-08	2.83525234713215e-07	0.38516438230009	0.069932988534645	5.39498950852071	0.0567468779258093	0.00502323726715232	0.0133908172554691	0.0145392542743948	0.0145392542743948
YJL138C_mRNA	3.667482530554e-08	2.8527040351145e-07	-0.386296648775585	0.0701571967486914	8.70598200225766	0.0502433094291898	0.000630814424828028	0.0105655597192332	0.0190573145977104	0.0190573145977104
YDL010W_mRNA	3.79710842372042e-08	2.94959382354602e-07	0.472698554903439	0.0859446084118376	5.81380801959707	0.0871612223516525	0.00342887030965226	0.0261170325506042	0.0134943845015977	0.0261170325506042
YLR024C_mRNA	3.83484810620974e-08	2.97494341768015e-07	-0.353734155548171	0.0643352653933064	5.80764600547917	0.0474327610818135	0.00306022129878406	0.0120097790599083	0.0134958841941246	0.0134958841941246
YDR060W_mRNA	3.91835436202754e-08	3.03568251504953e-07	-0.692405506545016	0.12601809876411	6.8949136469411	0.187134198005214	0.00108240919684227	0.0624398356676412	0.0144455459692175	0.0624398356676412
YOL079W_mRNA	3.94360157830064e-08	3.0511849661593e-07	-1.31580081693957	0.239525731993257	2.72032150377363	0.572418899631894	0.153799670684542	-0.0351599324671853	0.0756906344630796	0.0756906344630796
YOR126C_mRNA	3.97165606875039e-08	3.06881541863923e-07	0.423068054647553	0.0770320060356864	5.03096647767559	0.0590584374576331	0.00680159157617077	0.00533628316750318	0.0169341282393573	0.0169341282393573
YMR177W_mRNA	4.05036235232664e-08	3.12548490922583e-07	-0.429444267035428	0.0782423574253948	5.61147122982554	0.0720342691803631	0.0037845381343658	0.0207029278475671	0.0137490825078893	0.0207029278475671
YOR063W_mRNA	4.17160211379016e-08	3.21478226388115e-07	-0.420649157274407	0.0767127963951472	10.3927125255407	0.0590300262694654	3.26146015770653e-05	0.0126579239683734	0.0235067979214761	0.0235067979214761
YNR066C_mRNA	4.18538602154904e-08	3.22114385225161e-07	-0.738076669969783	0.13461562513576	3.55398029513558	0.208458652984172	0.0313785335983278	0.0363251172408044	0.0411069325244383	0.0411069325244383
YMR307W_mRNA	4.39813652980151e-08	3.38041469955456e-07	-0.391725163530845	0.0715601223544741	9.17922663325458	0.0507930985554745	0.000130919285099391	0.0104477995262612	0.0203524851604498	0.0203524851604498
YHR061C_mRNA	4.70555365633087e-08	3.61193090932591e-07	0.390710995381138	0.0715313795136112	5.29897454376818	0.0494149278627202	0.0054431580676492	0.00388566981048828	0.0150237949528319	0.0150237949528319
YOL112W_mRNA	4.75820444768004e-08	3.6475393568663e-07	0.344265941310403	0.0630510171150551	6.13601669988147	0.0406953388503111	0.00238924241610998	0.00735032396741249	0.0135124806208619	0.0135124806208619
YDL033C_mRNA	4.78192621925692e-08	3.66090698467685e-07	-0.454459877767306	0.0832460855526336	4.83896203292176	0.0728412371956003	0.00889512405179559	0.0101394070862692	0.01882451898755	0.01882451898755
YJR007W_mRNA	4.82267947730042e-08	3.68726123815646e-07	-0.340228675192753	0.0623388940159764	6.94437972811679	0.0411436232575328	0.00101522721670648	0.00999421158110268	0.0145293236118341	0.0145293236118341
YJL155C_mRNA	4.90637185370181e-08	3.74633321358673e-07	0.339508295890334	0.0622417598674859	6.56353325123428	0.044504782052296	0.00152614524019011	0.0132244403934531	0.013970001445417	0.013970001445417
YKL181W_mRNA	5.12873098858707e-08	3.91099302873145e-07	-0.356970657431957	0.065537819212659	7.85669117700936	0.0460946198329425	0.000433350880057099	0.0125457274359802	0.0167474721085476	0.0167474721085476
YGL008C_mRNA	5.15762974535752e-08	3.92276121363615e-07	-0.550100763190807	0.101013972567378	9.78938502212969	0.118790497817843	5.67361082178393e-05	0.0407585545071541	0.0219850648095349	0.0407585545071541
YHR175W_mRNA	5.15642233667716e-08	3.92276121363615e-07	0.5994775268853	0.110080092886268	6.62095695884199	0.141072021636908	0.00154031421265171	0.0469301931867457	0.0140568095060645	0.0469301931867457
YBR207W_mRNA	5.61448562150756e-08	4.264666653312e-07	0.338991244996751	0.0624216973963612	6.96503594553698	0.0368823115263675	0.00101999268090874	0.0056638941875001	0.0145658805424628	0.0145658805424628
YGR197C_mRNA	5.62218257458881e-08	4.26495256244198e-07	0.355958608269984	0.0655490108966593	5.67972795259537	0.0379800750865993	0.0035877788348707	0.000903292814627484	0.0135989124832507	0.0135989124832507
YDR386W_mRNA	5.69592317329543e-08	4.31527287485295e-07	0.389614706765835	0.071777450746338	5.31607172168586	0.0483374551753843	0.00567733651489482	0.00274147410780908	0.0149306732276771	0.0149306732276771
YKR026C_mRNA	5.71506765683669e-08	4.32415378814683e-07	-0.356137262057718	0.065617251593602	6.30169306255894	0.0498966616852641	0.00197626861707909	0.0152462262097132	0.0136511622001524	0.0152462262097132
YCR026C_mRNA	5.73065981062746e-08	4.33032737441188e-07	0.33748689953201	0.0621865504480155	6.44625127899943	0.0378417010562768	0.00167007733608918	0.00633248597971342	0.0137985908904051	0.0137985908904051
YHR101C_mRNA	5.80936910762848e-08	4.38411715298491e-07	0.410236429050354	0.0756255898446076	5.13587150932605	0.0572439150668435	0.0067967832982506	0.00645200349622865	0.0160801360591287	0.0160801360591287
YPR163C_mRNA	5.82971205733792e-08	4.3937778067336e-07	-0.413454885916727	0.0762276757942123	8.04512386957469	0.067278443329664	0.000346141025551805	0.0228964932023984	0.0172538921879498	0.0228964932023984
YDR181C_mRNA	5.95349102515959e-08	4.48127115149609e-07	0.352480531142283	0.0650309992418165	5.80746053514988	0.0455951592800463	0.0034201913205961	0.00993390081249753	0.0134959321289605	0.0134959321289605
YBR077C_mRNA	6.04600275963731e-08	4.54208691709625e-07	0.381643499631196	0.0704472652969008	5.32580745782576	0.0503419817201047	0.00497225706384466	0.0073507916903401	0.014879011687403	0.014879011687403
YHR132W-A_mRNA	6.04987890090403e-08	4.54208691709625e-07	0.374158023268449	0.0690669886652242	5.38322517945176	0.0551407230138944	0.00435712886777848	0.0147238668253504	0.0145937451525178	0.0147238668253504
YGL004C_mRNA	6.32578660943627e-08	4.74311876275106e-07	0.347042125375832	0.0641561084107593	5.82049125719023	0.0377678134050034	0.00297107898126787	0.00308351058541434	0.0134929460043845	0.0134929460043845
YPR023C_mRNA	6.35274938567559e-08	4.75721310037866e-07	0.336738205568833	0.0622600379105516	6.89537460445036	0.0381506124134486	0.00105894716735509	0.00741881782142045	0.0144463021151382	0.0144463021151382
YBR043C_mRNA	6.40530964340704e-08	4.79041514537733e-07	0.339496129340069	0.0627870908097955	6.35728694645757	0.0370527194009612	0.00207375961331197	0.00469483350574955	0.013695115476118	0.013695115476118
YGL068W_mRNA	6.52141940584036e-08	4.86476177444634e-07	-0.460997241137621	0.085308546850174	6.0223656727081	0.0838411015083024	0.00282945111490979	0.0262807415478436	0.0134522265097248	0.0262807415478436
YMR148W_mRNA	6.51765102920099e-08	4.86476177444634e-07	0.46106380609236	0.08531922879407	4.77816317411409	0.0757559031401218	0.00961666894234909	0.0108132749111033	0.0195008142657104	0.0195008142657104
YDR412W_mRNA	6.6863804100596e-08	4.9814389090802e-07	-0.653861829086341	0.121098959021378	5.39963450150936	0.168758587146932	0.00939312135773693	0.049266710146509	0.0145180979603844	0.049266710146509
YPL015C_mRNA	6.74856298174407e-08	5.02134456342796e-07	0.335781010939752	0.0622077056783769	6.53447238300167	0.041339191358093	0.00155339083948626	0.0105246320991214	0.013925803743584	0.013925803743584
YDL119C_mRNA	6.82383750985399e-08	5.0708772107665e-07	0.377643374321448	0.0699890582072861	5.38505973227833	0.0518557515153416	0.00500871161726319	0.00980401695806286	0.0145851614577083	0.0145851614577083
YLR196W_mRNA	6.84612626759604e-08	5.07801971074031e-07	-0.519029531712519	0.0962027474886319	7.14119050765607	0.106389657474874	0.000781624772254336	0.0362382497251915	0.014915203662768	0.0362382497251915
YML082W_mRNA	6.85088138112236e-08	5.07801971074031e-07	-0.474687918646535	0.0879860093189056	5.94240453169705	0.0889893732829627	0.00280354252604074	0.0281626088174254	0.0134712410343637	0.0281626088174254
YML093W_mRNA	7.18173348744654e-08	5.31649038092294e-07	-0.69598804059368	0.129208161490115	6.74927282101252	0.191500223623629	0.00120463529270573	0.065574360689917	0.0142298389907391	0.065574360689917
YPL024W_mRNA	7.38429313396917e-08	5.4595040353432e-07	0.398925252917047	0.074128175791649	5.1506007058908	0.0622039592912787	0.00600871505974874	0.0151694249194984	0.0159712307250417	0.0159712307250417
YPL060W_mRNA	7.43792936935452e-08	5.49218967121159e-07	0.444661146891315	0.0826468122620365	4.86159502509747	0.0620171088841199	0.00874038108218216	0.00121408256374657	0.0185816012261231	0.0185816012261231
YIR034C_mRNA	7.51966582058342e-08	5.54551557857202e-07	-0.463921737795562	0.0862582242315412	6.10251171418058	0.0851706976707622	0.00242419864593594	0.0273377263443794	0.013487111421545	0.0273377263443794
YDR449C_mRNA	7.6474837274206e-08	5.63264730669437e-07	-0.864385572462278	0.160808324103477	4.98317998598385	0.295784761945201	0.00774409635954875	0.0956931720443266	0.0173668532936181	0.0956931720443266
YLL034C_mRNA	7.71949435916822e-08	5.67850683541844e-07	-0.694160005428296	0.129180534823389	5.89887028267046	0.190795909658083	0.00294606440595449	0.0638043779030732	0.0134820957435249	0.0638043779030732
YDR058C_mRNA	8.03359090479166e-08	5.90210600394908e-07	0.428748072966248	0.0798953235047933	4.94276077813046	0.0687130005759625	0.00777995301319361	0.0133197161546889	0.0177530978585487	0.0177530978585487
YOR327C_mRNA	8.15011916964028e-08	5.98017560230784e-07	0.376778197511513	0.0702449894572883	5.87993868783366	0.0562780879290637	0.00285486979026399	0.0168825643851542	0.0134847499563887	0.0168825643851542
YLR324W_mRNA	8.53795837029172e-08	6.25687364343643e-07	0.411576551314989	0.076852997420191	6.59621286092611	0.0672225660178375	0.00156057333733658	0.022064959512535	0.014019714355249	0.022064959512535
YGR192C_mRNA	8.90775925967951e-08	6.51967405111719e-07	-0.501454804745571	0.0937701339328414	12.0936560003752	0.0998817742537016	6.89370020217306e-06	0.0351644583709299	0.0267700440837073	0.0351644583709299
YBL015W_mRNA	9.26866294310042e-08	6.77531120533288e-07	0.475002666564967	0.0889433535759127	6.66701972782885	0.0897014440742524	0.00140663792648527	0.030237042654834	0.0141230728019426	0.030237042654834
YHR020W_mRNA	1.03966402559159e-07	7.59032908909349e-07	-0.346228646206995	0.0650848403026426	7.7649365678417	0.0399039365868776	0.000441338853312586	0.00806308593139106	0.0165028068955694	0.0165028068955694
YFR025C_mRNA	1.06170846933607e-07	7.74156888905121e-07	0.333255247022515	0.0626910750018717	6.19025512071554	0.0403354098628114	0.0021605801419946	0.00932477052014966	0.0135601033975666	0.0135601033975666
YER036C_mRNA	1.06979290676225e-07	7.79076684349606e-07	-0.359913919814853	0.0677236296747965	8.18280025120686	0.0516663706413596	0.00030550917143289	0.018040450893883	0.0176267719978064	0.018040450893883
YGR081C_mRNA	1.08446088401923e-07	7.88772672945824e-07	-0.531056126704668	0.0999734683004058	4.53338862415793	0.112519021548463	0.0116103428326282	0.0283684346234208	0.0225027847380159	0.0283684346234208
YDR074W_mRNA	1.10289330707117e-07	8.0117910311679e-07	-0.495126459476226	0.0932634892850142	8.30143745051284	0.0978462157184229	0.000257133513109238	0.0345351802213546	0.0179496511423607	0.0345351802213546
YDR465C_mRNA	1.11403540962357e-07	8.08265292212565e-07	-0.443944695043414	0.0836516170876729	6.6634875316931	0.0786808519564126	0.00137185191386523	0.0266185202516654	0.0141181665723207	0.0266185202516654
YPR198W_mRNA	1.16693049532136e-07	8.45589187281376e-07	0.329029690564364	0.0620974600841869	6.4195124383418	0.0418846447386651	0.00166033428009075	0.0122844887190845	0.013764043915538	0.013764043915538
YNL292W_mRNA	1.17249195434487e-07	8.48563742361888e-07	-0.471419530734825	0.0889851421832851	5.88173407642473	0.088824893698548	0.00293335587636547	0.0287400662411524	0.0134845257165276	0.0287400662411524
YEL053W-A_mRNA	1.22134097601663e-07	8.82820412688942e-07	-0.520045444297614	0.0983021992222418	6.59120088315815	0.10819567395779	0.00145933325834013	0.0371939562293771	0.0140121246281251	0.0371939562293771
YHR180W_mRNA	1.26159661538383e-07	9.10788337202751e-07	0.551433918113955	0.104352493492852	4.24325430605971	0.121741751098925	0.0167187302924268	0.026839041300276	0.0265286380168322	0.026839041300276
YKR059W_mRNA	1.27876731222519e-07	9.22041876364351e-07	-0.369837248464074	0.070020225911089	8.6826863870442	0.0498577704829186	0.000617936676912177	0.0137212201686501	0.0189933914696476	0.0189933914696476
YLR409C_mRNA	1.28667577056506e-07	9.26597409062058e-07	-0.73656137196661	0.139480877359006	6.24015653034113	0.217304391135218	0.00207202823896399	0.0757476323563883	0.0136048276518481	0.0757476323563883
YPR112C_mRNA	1.28877490874944e-07	9.26963286219043e-07	-0.801448865389262	0.151777051473876	6.19759264168035	0.257287496210983	0.0024489781935531	0.0896961152228611	0.0135667937464799	0.0896961152228611
YDR341C_mRNA	1.29803586715237e-07	9.32473114923514e-07	-0.341443659501804	0.0646781015480552	7.67564150551819	0.0360823539130578	0.000466963107732448	0.00488305248083403	0.0162660641717097	0.0162660641717097
YER052C_mRNA	1.31322622998208e-07	9.4222364727532e-07	-0.331281581720184	0.0627785052330048	7.17335625343035	0.0436338418499984	0.000778317803034966	0.0146158023542414	0.0149862450741267	0.0149862450741267
YGR245C_mRNA	1.32078221848929e-07	9.4531660994086e-07	-0.61055926888074	0.115725238909173	7.14124312164157	0.149406734321167	0.000919291617881079	0.0526500320644598	0.014915318037042	0.0526500320644598
YPL211W_mRNA	1.31940237285691e-07	9.4531660994086e-07	-0.520862427876591	0.0987205377615478	6.10575190214269	0.108730158089735	0.00233003157476247	0.0366529467289543	0.0134893577895626	0.0366529467289543
YAL035W_mRNA	1.32911229391645e-07	9.50111438571443e-07	-0.354642366542089	0.0672335103975853	8.24697280267314	0.0461692914096068	0.00028011713135282	0.0132523499084906	0.017801262550176	0.017801262550176
YLR009W_mRNA	1.33602860729378e-07	9.53885130648724e-07	-0.781641999839436	0.148211342954188	5.86796616560074	0.244932439049858	0.00348535427135002	0.084381054449786	0.0134861698803024	0.084381054449786
YDR492W_mRNA	1.35394236352144e-07	9.65491824954209e-07	-0.496673644779291	0.0942206174729673	6.59329126138185	0.0989253482709777	0.00138348512444563	0.0341266139035033	0.0140152924705018	0.0341266139035033
YLL044W_mRNA	1.36254029211467e-07	9.7043517626651e-07	-0.416114099843539	0.0789556088097964	7.24675576907198	0.0694471408970552	0.00118536978887342	0.023750582861229	0.0151567474101339	0.023750582861229
YLR350W_mRNA	1.36871041479169e-07	9.73639423269401e-07	0.611627753048211	0.116071630772884	7.84213810077701	0.15005472983538	0.000441196302448867	0.0534492975786578	0.0167085759238374	0.0534492975786578
YPL221W_mRNA	1.38979667469845e-07	9.87433588633316e-07	-0.334757383375112	0.063562430499745	7.40086081883719	0.0386008363075921	0.000613656807163846	0.00872652331549861	0.0155470734769758	0.0155470734769758
YLR435W_mRNA	1.39796497540439e-07	9.92027277308886e-07	-0.669373217034868	0.127123965869611	4.87473597089332	0.179815344389723	0.00792228243754189	0.0567197283561305	0.0184428700884201	0.0567197283561305
YJR041C_mRNA	1.43164921928174e-07	1.01469444665881e-06	-0.627575960031726	0.119285164926702	5.52989240593188	0.158148504963203	0.00412641767928017	0.0527893846070822	0.0140024527215293	0.0527893846070822
YDR396W_mRNA	1.48112491224144e-07	1.04848526594394e-06	-0.555611762643731	0.105732317873333	4.78759254902035	0.124057320903525	0.0136680341937849	0.0310492579776854	0.0193937490722014	0.0310492579776854
YBR148W_mRNA	1.48391839814839e-07	1.04918793538987e-06	0.603631111240239	0.114877929598505	3.9724409923373	0.113134601897492	0.0215359420853613	-0.00442615961151296	0.031251812749995	0.031251812749995
YDL051W_mRNA	1.50458955015128e-07	1.0625137841432e-06	-0.417765315377654	0.0795440894944304	6.63631396079936	0.0701625411097498	0.00136969920174732	0.0239393494922445	0.0140793914997035	0.0239393494922445
YMR135W-A_mRNA	1.51890535031873e-07	1.07132476645968e-06	0.675153138324364	0.128594403324634	3.6938786918999	0.174927711623945	0.0287390819480671	0.0284458204520918	0.0374070003176073	0.0374070003176073
YLL054C_mRNA	1.54141685152073e-07	1.08588809878594e-06	-0.405720243678042	0.0773162410723723	5.0354312719156	0.0598067874802742	0.00701614583095785	0.0100314361464302	0.0168950587032869	0.0168950587032869
YOL056W_mRNA	1.5456484169171e-07	1.08755406726558e-06	-0.340486799084707	0.0648912514178846	5.81565672995148	0.0383965802150849	0.00334953002243618	0.0046664458220263	0.0134939680198803	0.0134939680198803
YMR116C_mRNA	1.56001785854275e-07	1.09634065667914e-06	-0.391512113659397	0.0746401122750861	9.88498684546994	0.0571038794226469	5.07520042531798e-05	0.0173371944794261	0.0222338334374966	0.0222338334374966
YEL072W_mRNA	1.56572379009359e-07	1.09902491579341e-06	0.531172631990765	0.101278790668504	4.27083275222667	0.110280503916517	0.0149233787717948	0.0226216282884748	0.0261061949853041	0.0261061949853041
YMR070W_mRNA	1.58089047583343e-07	1.1083354888334e-06	0.326517034565827	0.0622781775987078	6.58522531270899	0.0429102329418368	0.00139627696154252	0.0141180086585222	0.0140030528989336	0.0141180086585222
YIL020C_mRNA	1.59965982123071e-07	1.12014640847237e-06	-0.432580362054366	0.0825424299351024	5.06651609003227	0.0753363487971639	0.00661878585107739	0.0206342251072878	0.0166296432834325	0.0206342251072878
YLR349W_mRNA	1.63065338887055e-07	1.14047858866265e-06	0.678883462480487	0.129628141640381	5.73654880186315	0.18563496722705	0.00449148291666016	0.0627223375038948	0.0135317528589202	0.0627223375038948
YOR052C_mRNA	1.65282139897922e-07	1.15459681899915e-06	-0.333364788905959	0.0636840429406334	5.91326401115408	0.0374280383887115	0.00274319292867341	0.00560625320714203	0.0134794363723844	0.0134794363723844
YDL153C_mRNA	1.69398721785339e-07	1.18193647080406e-06	-0.504001466403858	0.096365155564905	6.9763776248234	0.102406635476244	0.000972288253332604	0.0361726845748607	0.0145863465051087	0.0361726845748607
YDR430C_mRNA	1.71509300634e-07	1.19367441459811e-06	-0.32488925275572	0.0621460782774805	6.53313697119139	0.0393581724015617	0.00152475572181676	0.0104867071209507	0.0139237844592662	0.0139237844592662
YFR026C_mRNA	1.71448096179082e-07	1.19367441459811e-06	0.728084392380415	0.139269052302107	3.5093304217318	0.192773818611998	0.0351974022795979	0.0198868655395546	0.0423860734369107	0.0423860734369107
YNL209W_mRNA	1.71695701928118e-07	1.19367441459811e-06	-0.384722391865785	0.0735940215809533	9.63061231685666	0.0526392871846201	9.73846795579553e-05	0.0140129033602692	0.0215669353702733	0.0215669353702733
YOL123W_mRNA	1.72357095607786e-07	1.19684438499519e-06	-0.480499134635713	0.0919277779564192	7.74220674443321	0.0931171859801959	0.000430029407290089	0.0333728360327287	0.0164424127506678	0.0333728360327287
YOR116C_mRNA	1.72695352727748e-07	1.19776562499031e-06	-0.391649256791588	0.0749344620474991	6.93322825727745	0.0618670855408736	0.000992703162666009	0.0214679912467263	0.0145099729478134	0.0214679912467263
YFL045C_mRNA	1.81628781546143e-07	1.25822744505093e-06	-0.335430767429321	0.0642930117541162	7.58157874577972	0.0389012818091439	0.00051611470919467	0.00901703016110999	0.016018250732465	0.016018250732465
YBR271W_mRNA	1.83262781534421e-07	1.26803915109208e-06	-0.610426171584213	0.117039431657071	5.1329500993808	0.150505416221734	0.00606402068683759	0.0487288935636033	0.0161020658664707	0.0487288935636033
YDR274C_mRNA	1.87920975780883e-07	1.29872788244297e-06	-0.718872708063092	0.137955425003888	4.10212929733714	0.20885913611467	0.0179391700669116	0.0581876270851023	0.0288531582960135	0.0581876270851023
YML018C_mRNA	1.90558300421803e-07	1.31539414485477e-06	-0.411987109591726	0.0791017307432125	6.16011248926782	0.0686220138031329	0.00214673946401302	0.0228815957622737	0.0135330010886348	0.0228815957622737
YMR093W_mRNA	1.93752581219286e-07	1.33586099193321e-06	-0.831270746937617	0.159699024067238	5.56307260917251	0.279483720199099	0.00422025875724403	0.0977948543948695	0.013893383760004	0.0977948543948695
YER063W_mRNA	2.01210508762001e-07	1.38564116317662e-06	0.323280145157407	0.0621905977840508	6.50415028435223	0.0402976216426224	0.00159024299331986	0.0117257652657773	0.0138804388176305	0.0138804388176305
YBR189W_mRNA	2.03220046629061e-07	1.3978276170731e-06	-0.453408143250638	0.0872548219249911	9.0041104304896	0.0832444265744688	0.000129064400731558	0.0303245513959161	0.0198745918825963	0.0303245513959161
YER091C_mRNA	2.04261424716227e-07	1.40333379763766e-06	1.0223472985776	0.196778678811242	8.14830174924458	0.423279967198584	0.000410824776252319	0.154476568962539	0.0175331381574076	0.154476568962539
YKL166C_mRNA	2.07741329994943e-07	1.42388351594181e-06	-0.400205787749213	0.0770771752021059	5.34668960634006	0.064889905511433	0.00495223748812987	0.0188113262604147	0.0147714742366787	0.0188113262604147
YOR316C_mRNA	2.07630448109574e-07	1.42388351594181e-06	0.323457736703891	0.0622947800271793	6.7592128428695	0.036827163278177	0.0012794721183967	0.00828537212719192	0.0142430863561419	0.0142430863561419
YGL123W_mRNA	2.10428762888727e-07	1.44060866344269e-06	-0.385785016198525	0.0743340805465601	9.81183370635062	0.0532305533529229	5.85273030525211e-05	0.0144513287969945	0.0220436948197574	0.0220436948197574
YOR077W_mRNA	2.11622233602516e-07	1.44707879456368e-06	0.539203376755796	0.103916225623128	4.73414393576435	0.11784544767292	0.00973438162393637	0.0334599461670912	0.0200105422607108	0.0334599461670912
YLR448W_mRNA	2.17176441676444e-07	1.48331764268108e-06	-0.405939500906751	0.0783062245260167	7.22663501787345	0.0668354628239165	0.000676456265201244	0.0238510029328745	0.0151088467136482	0.0238510029328745
YAL054C_mRNA	2.18867125690835e-07	1.49311460687916e-06	0.49497063148853	0.0955070729236319	5.62971552575347	0.0993862239291503	0.00400563884345396	0.0324807650703058	0.0137001909898277	0.0324807650703058
YDR083W_mRNA	2.20706546336487e-07	1.50390215082617e-06	-0.849441960391092	0.163953471861728	5.59725671166729	0.29276853791207	0.00472930151350862	0.102793662228549	0.0137896949698092	0.102793662228549
YLR141W_mRNA	2.22067111263423e-07	1.51140536240736e-06	0.467820193814416	0.0903154338664166	5.39514820336005	0.0888138720168707	0.00515084944361126	0.027476660934305	0.014538528142057	0.027476660934305
YIL140W_mRNA	2.27067477475259e-07	1.54363491688548e-06	0.416381755068191	0.0804494809399992	6.43989132478959	0.0703955817927683	0.00178286354216733	0.0241056123918939	0.0137901513512373	0.0241056123918939
YOR204W_mRNA	2.29468526224561e-07	1.55813943331503e-06	-0.649883324313736	0.125612188312656	6.6615292596205	0.171532330975678	0.00136420420312779	0.0617494832076488	0.0141154319914778	0.0617494832076488
YOL163W_mRNA	2.32660652113022e-07	1.57797550548366e-06	0.810890107908834	0.156810473180277	3.26225188618749	0.225020977866914	0.0479129462392615	0.00531159658831794	0.0504451517568282	0.0504451517568282
YGR162W_mRNA	2.34662780144362e-07	1.58970390362913e-06	-0.495777029680085	0.0959033896992296	7.60911110906052	0.099882481423904	0.00051355558083347	0.0362762850423757	0.0160906128365427	0.0362762850423757
YML043C_mRNA	2.39342276291128e-07	1.61952160472951e-06	-1.05713930119281	0.204639754541838	3.91369111619912	0.454354002685768	0.0238899279983976	0.143619788557377	0.0324296398707464	0.143619788557377
YNL188W_mRNA	2.40538445097336e-07	1.62572735630752e-06	0.375391753882993	0.0726810028824592	5.73217745205008	0.0572998302408935	0.00342989969008465	0.0177002130299155	0.0135354564327657	0.0177002130299155
YER102W_mRNA	2.41355947575761e-07	1.62936239927738e-06	-0.364806330182466	0.070640199720947	8.8677172029679	0.0536219924899396	0.00045913718173003	0.0189690951885771	0.0195010140847311	0.0195010140847311
YFL055W_mRNA	2.43038826025692e-07	1.63882430604824e-06	0.505720284658564	0.0979510880512468	4.83484565591837	0.104019953445617	0.00927862733429882	0.0290990352673936	0.0188692304072703	0.0290990352673936
YER171W_mRNA	2.44914911041907e-07	1.64956563205798e-06	-0.379271035383312	0.0734800819805216	5.9576898912146	0.0585165420135542	0.0025730523402972	0.0190242374511595	0.0134648763457033	0.0190242374511595
YDL090C_mRNA	2.45804945952252e-07	1.65205836525e-06	0.335368556802819	0.0649829510163488	5.77824374929062	0.0390708107125676	0.00338518023672184	0.00634152584331323	0.0135059554544509	0.0135059554544509
YOR070C_mRNA	2.45852146013002e-07	1.65205836525e-06	0.322510707625916	0.0624919750022118	6.24471148721817	0.032482279117637	0.00201227142057243	0.00307212576736176	0.0136087163381358	0.0136087163381358
YMR013C_mRNA	2.48732617019053e-07	1.66948874049885e-06	-0.397299410513569	0.0770161124696042	5.03393333940908	0.0507304594448464	0.00681778613290777	0.00243718567387639	0.0169081401868151	0.0169081401868151
YOR356W_mRNA	2.52144866874222e-07	1.69044418228909e-06	0.321644336260935	0.0623813097213974	6.87544980938462	0.0366307813563335	0.00115167147600738	0.00853700024899643	0.0144140397342203	0.0144140397342203
YLR011W_mRNA	2.55188473296263e-07	1.70888281083222e-06	0.401796574130366	0.0779604308726133	4.98655872494841	0.0649005856473519	0.00697592061807893	0.0164345677232556	0.0173353945092951	0.0173353945092951
YNL278W_mRNA	2.6274188152026e-07	1.75744454849258e-06	0.510001959113961	0.0990606137379324	6.01742989344397	0.105995752271461	0.00272862788444037	0.036523392892103	0.0134516984303719	0.036523392892103
YDR003W_mRNA	2.65504876381652e-07	1.77388923142145e-06	0.328256154770537	0.0637834002190315	5.97158943017526	0.0394161453160768	0.00281486524470084	0.00863040383831324	0.0134584233293037	0.0134584233293037
YKR024C_mRNA	2.69322321083729e-07	1.79733315307423e-06	-0.908801295187508	0.176681035472011	4.92774816741027	0.336785714738923	0.00898519485418625	0.115879558327661	0.0179011258466364	0.115879558327661
YDL167C_mRNA	2.71837891717438e-07	1.81204525989221e-06	-0.783760982067135	0.152423552349218	5.64416804326206	0.250544647296376	0.00403318363504838	0.0888985736079714	0.0136661560504222	0.0888985736079714
YKL081W_mRNA	2.7417227849295e-07	1.82343344120996e-06	-0.363434115908926	0.0707016947522375	8.99964523210727	0.0458493273225472	0.000132541833344591	0.0112533498389552	0.0198623767300097	0.0198623767300097
YPL107W_mRNA	2.74074288136119e-07	1.82343344120996e-06	0.375482271949488	0.0730445628573423	5.20909288751203	0.045357135777248	0.00577571014955724	0.00253923916939429	0.0155663225025237	0.0155663225025237
YFR024C-A_mRNA	2.76426925904138e-07	1.83633212122863e-06	0.326789252087214	0.0635919199785954	7.39756987578544	0.0390354724269647	0.000637172115197865	0.0106747725480585	0.0155385570310584	0.0155385570310584
YIL134W_mRNA	2.77280140925396e-07	1.83990216518378e-06	-0.387376751406126	0.0753905097658017	5.08002520563759	0.0596811395881831	0.00621697829476247	0.0148526005411585	0.0165179375562273	0.0165179375562273
YOR380W_mRNA	2.88609241596838e-07	1.91289811324593e-06	0.334791686490778	0.0652521572441433	5.65765721774473	0.0446994448687036	0.00339336294043621	0.0124744784636494	0.0136380131596214	0.0136380131596214
YGR271C-A_mRNA	2.91005387874304e-07	1.9265879429042e-06	-0.851529658695923	0.166016690139575	4.55981408772921	0.296257157148637	0.0114231560467638	0.0988230095728346	0.0221625841259189	0.0988230095728346
YIL074C_mRNA	2.92258983278816e-07	1.93269107444084e-06	0.334701639670419	0.0652646999502749	7.35326003106695	0.0457754459819889	0.000686802309742295	0.0163511219286553	0.0154241227600613	0.0163511219286553
YPL124W_mRNA	2.95478800717411e-07	1.95176813262997e-06	0.508471119327365	0.0991885585748808	4.37237581820395	0.0775452432770047	0.0147199481764208	-0.00550515300535112	0.0246335324322294	0.0246335324322294
YOL010W_mRNA	2.9799000039339e-07	1.96612654846194e-06	-0.964701606300346	0.188244971185574	4.98558350244841	0.380468148712447	0.00798055424666198	0.133764122459969	0.0173444613173851	0.133764122459969
YDL055C_mRNA	3.08791314343112e-07	2.03049457941644e-06	-0.365379050785384	0.0713909719769022	9.15475541801622	0.0489005593667871	0.000100822754272671	0.0141492477807626	0.0202858607649547	0.0202858607649547
YNL142W_mRNA	3.08500870257979e-07	2.03049457941644e-06	0.381751463509527	0.0745873707801558	5.4149278420855	0.0596320112560575	0.0044348435960758	0.01781825992351	0.0144498573618671	0.01781825992351
YPL212C_mRNA	3.08773292004001e-07	2.03049457941644e-06	-0.473283049714888	0.0924740052139058	6.3806900417722	0.0916578741631056	0.00171881628458302	0.0324869502766229	0.0137189015113611	0.0324869502766229
YIR032C_mRNA	3.09539558316413e-07	2.03312003015944e-06	0.750295352113699	0.14661238371767	3.45152116865059	0.200239960313868	0.0418625782274512	0.0118393462792874	0.0441181860100584	0.0441181860100584
YBR267W_mRNA	3.14146853398409e-07	2.06105807195848e-06	-0.970697839486177	0.189783803722555	5.23714388598404	0.385734609535667	0.00646615565391647	0.137605412967688	0.0153871059040414	0.137605412967688
YIR012W_mRNA	3.1482309335322e-07	2.06317136318994e-06	-0.384613184956269	0.0752027496332236	6.65112438410212	0.0605609738068714	0.00134175198854786	0.0212800622210414	0.0141007378979761	0.0212800622210414
YMR029C_mRNA	3.27052518427467e-07	2.14090783411059e-06	0.318474337028883	0.0623585129192899	6.34963391475115	0.0378637178504257	0.00186636887043613	0.00972307072759517	0.0136879676635849	0.0136879676635849
YPL147W_mRNA	3.36965684063369e-07	2.20332443922917e-06	0.513202787810985	0.100598339665138	5.45208693036869	0.108015323899819	0.0045121224714661	0.0359679813020635	0.0142928732541413	0.0359679813020635
YNL178W_mRNA	3.41404782387139e-07	2.22984782756443e-06	-0.388246432354665	0.0761412856709596	9.48132266332824	0.061840060695173	7.64766146924793e-05	0.0231135049198142	0.021168905808437	0.0231135049198142
YBL003C_mRNA	3.43215188337502e-07	2.23916202380099e-06	0.325642778095178	0.06387625935702	7.42747117134311	0.0425237710639983	0.000704682581969854	0.0145584381507298	0.0156160234558113	0.0156160234558113
YNL113W_mRNA	3.4713810542438e-07	2.26222215011458e-06	-0.525075892227715	0.103039441845812	4.80171669710372	0.113158523909675	0.00898783728736754	0.0334806690162184	0.0192348409147244	0.0334806690162184
YEL046C_mRNA	3.50714433200199e-07	2.28297462326744e-06	-0.377150691557742	0.0740392225202891	7.58151260499112	0.058396782597922	0.000530445579154729	0.0213967803064808	0.0160180770742788	0.0213967803064808
YOR232W_mRNA	3.6496472696456e-07	2.37308537867805e-06	-0.372664135796368	0.0732670823414448	6.45280115897615	0.0570750594870524	0.00167661529836045	0.0197956461209517	0.0138074153651572	0.0197956461209517
YPL206C_mRNA	3.66401040556807e-07	2.37976863130876e-06	0.317026329387309	0.0623376283109699	6.44269188069482	0.0353653759747621	0.00175006808237155	0.00742549374064772	0.013793851531375	0.013793851531375
YHR002W_mRNA	3.71037898286855e-07	2.4072013312018e-06	0.364929588980426	0.0717906553176368	5.26254532073276	0.0457657856636954	0.00538289817744937	0.00560227077267505	0.0152326945862936	0.0152326945862936
YGR176W_mRNA	3.74194943550432e-07	2.42498302683517e-06	-1.06196923024335	0.208981696233131	3.32017561260966	0.463788143208085	0.0506714651447181	0.124021932297189	0.0483958887721425	0.124021932297189
YJL033W_mRNA	3.81050817037687e-07	2.46666895562396e-06	-0.759700727614485	0.149600738140838	6.28002617770724	0.237458807325319	0.00207155561919597	0.0874499677899379	0.0136366467777312	0.0874499677899379
YNL283C_mRNA	3.89104081109445e-07	2.51600485742911e-06	0.402959766668083	0.0794132623246551	7.08949041142801	0.0668445602175514	0.000925605044452756	0.0243002598877252	0.0148057124194989	0.0243002598877252
YMR245W_mRNA	3.96885126556869e-07	2.56347311232851e-06	0.557600859490442	0.109970778036149	5.51259949221672	0.128060993816198	0.00418212690412336	0.0441921611833802	0.0140627093427995	0.0441921611833802
YDR447C_mRNA	4.05185037308833e-07	2.6141838619726e-06	-0.366151537740392	0.0722690496113773	7.65774243878432	0.0552496976090393	0.000520944623042827	0.020370317503884	0.0162187805967985	0.020370317503884
YOR393W_mRNA	4.07043521488888e-07	2.62037078032515e-06	0.978402088130748	0.193145044798602	2.90974426094822	0.338943572958701	0.0837634182369743	0.00588451105917463	0.065456615084041	0.065456615084041
YPL281C_mRNA	4.07043521488888e-07	2.62037078032515e-06	0.978402088130748	0.193145044798602	2.90974426094822	0.338943572958701	0.0837634182369743	0.00588451105917463	0.065456615084041	0.065456615084041
YLR224W_mRNA	4.26410009851474e-07	2.74201403685948e-06	0.314062990864986	0.0621073920053108	6.81601830328474	0.0358704708358004	0.00110636759519245	0.00914469052000514	0.0143229449716129	0.0143229449716129
YJR129C_mRNA	4.35258648316402e-07	2.79582898025508e-06	-0.456507934959582	0.0903465676173723	4.60692893202573	0.076674448760801	0.0110865357014027	0.0115219466334378	0.021563473419559	0.021563473419559
YKL104C_mRNA	4.38644200597712e-07	2.81447259105977e-06	0.328559992172735	0.0650436929101501	7.75426581607077	0.0409956651800035	0.000448284685872707	0.0126323084479745	0.0164744432636869	0.0164744432636869
YOL133W_mRNA	4.40507756381624e-07	2.82332033958123e-06	0.39564815253111	0.0783374216527275	4.97114686118106	0.0589121287803877	0.00706706758279037	0.0113280816529735	0.0174799389419985	0.0174799389419985
YGR214W_mRNA	4.53076506938152e-07	2.90068541694689e-06	-0.35565431107639	0.0704937727607663	8.96108436327658	0.0466406402490364	0.000120647420966959	0.0137114702780801	0.0197568405712192	0.0197568405712192
YOR385W_mRNA	4.58794362848845e-07	2.93406801093015e-06	-0.487012659406968	0.0965760476583475	4.61604135991257	0.0980689045762537	0.0115606182732754	0.0257471136519542	0.0214488722722076	0.0257471136519542
YJL039C_mRNA	4.63796792893199e-07	2.96280714407432e-06	-0.373857945283326	0.0741676483441736	6.53089301431487	0.0578084064277708	0.00156978188659544	0.0204335783570245	0.0139203948410691	0.0204335783570245
YPL117C_mRNA	4.74397411091741e-07	3.02720626179681e-06	-0.313064072885116	0.0621604304870637	6.69835457671695	0.0398934562606168	0.00129074299472568	0.0134496419326731	0.0141649334786226	0.0141649334786226
YNL255C_mRNA	4.92445962935534e-07	3.13893892785823e-06	-0.365179843191231	0.0726114400964259	7.35960607152297	0.0552453907022527	0.00062915113939833	0.020460533792109	0.0154404852138664	0.020460533792109
YGR195W_mRNA	4.96389233625201e-07	3.16061603836111e-06	-0.32479305378161	0.0646006809517601	5.77962648950585	0.0437109331991519	0.00307722609007277	0.0136157658276516	0.0135053550408931	0.0136157658276516
YHR183W_mRNA	4.98893142620725e-07	3.17309110142833e-06	-0.34779391130174	0.0691887879167406	8.6769201459918	0.0455968961858007	0.000170784045932732	0.0141228605135502	0.0189775694476181	0.0189775694476181
YJL100W_mRNA	5.03987786946136e-07	3.20199874236443e-06	0.315991606596272	0.0628865493551473	6.07109339905645	0.0354760312416648	0.0023506321216223	0.0071306312260776	0.0134682402375672	0.0134682402375672
YMR041C_mRNA	5.05597546385519e-07	3.20872691202836e-06	0.404534806397761	0.080517636210856	5.49344298343007	0.0678431109229456	0.00425385617845932	0.0216785027854757	0.0141322720598891	0.0216785027854757
YPR106W_mRNA	5.09062285532803e-07	3.22720008216987e-06	-0.361653180260525	0.0720013683917578	5.25149824689234	0.0405897480123076	0.00543784258613375	0.000681738057752401	0.0152989456150087	0.0152989456150087
YGR235C_mRNA	5.14218538294953e-07	3.25634478707217e-06	0.315775250048394	0.0628917829257914	6.05679095883284	0.0354416415456843	0.0023598312146152	0.00712363942915362	0.0134616742237243	0.0134616742237243
YMR242C_mRNA	5.18405112750697e-07	3.27929227674871e-06	-0.365585525623599	0.0728349047658151	8.27000037860006	0.0554457875938449	0.000262043973280856	0.0209576494357006	0.0178639698938482	0.0209576494357006
YHR137W_mRNA	5.30512329125014e-07	3.35223951136912e-06	-0.511566932552413	0.102008674432405	5.06203777688093	0.108635067123593	0.00666472254944862	0.034958356088377	0.0166671641843764	0.034958356088377
YIL113W_mRNA	5.35812057417872e-07	3.38205963869612e-06	-0.638094162588507	0.127287274174452	4.97995588198345	0.169064763377119	0.00744134811127682	0.0573668525557712	0.0173969928823799	0.0573668525557712
YDR184C_mRNA	5.39902479699983e-07	3.4010496288732e-06	-0.798603983689702	0.159352340570132	4.73951367624701	0.264872714932686	0.00950800933149531	0.0920646644492215	0.0199475161835877	0.0920646644492215
YGL131C_mRNA	5.39988140526555e-07	3.4010496288732e-06	-0.37532320523812	0.0748919323107974	5.66873185429918	0.0585041945983058	0.00369184226294346	0.0187433638380368	0.0136173606438349	0.0187433638380368
YML026C_mRNA	5.41348250082095e-07	3.40593402265474e-06	-0.461841849415072	0.0921647499459882	8.13949802670239	0.0885916452607003	0.000321271141540286	0.0336560933888859	0.0175092638772224	0.0336560933888859
YLL048C_mRNA	5.65186153863543e-07	3.5520760867411e-06	-0.318064161267905	0.0635778817498566	7.38437973283451	0.0390085720883192	0.000664141345771493	0.0122265256965546	0.0155044468454235	0.0155044468454235
YMR053C_mRNA	5.70672301713976e-07	3.58269054933796e-06	0.321326389004182	0.0642538824532348	5.8692486368956	0.0425126040983818	0.00302822400025939	0.0130208094564449	0.0134860216409971	0.0134860216409971
YDR104C_mRNA	5.79884919131639e-07	3.63660876088367e-06	0.333883697185193	0.0668061523834584	5.57187744637866	0.0426844709508864	0.00398639861145983	0.0098960136227603	0.0138658493736676	0.0138658493736676
YDL148C_mRNA	5.8662288002331e-07	3.67490849356538e-06	-0.619698322975904	0.124049576424698	6.38261532156302	0.159856580068055	0.00173846158319595	0.0598147280613923	0.0137209807600419	0.0598147280613923
YOR074C_mRNA	6.00005409992359e-07	3.75470624985552e-06	0.325904331711622	0.0652955854809236	5.67910283563428	0.0349041690110492	0.00345414558008142	0.00359642595221439	0.013599908353105	0.013599908353105
YLR150W_mRNA	6.00999448252579e-07	3.75689140077202e-06	-0.362147855762544	0.0725616958212232	9.40759973813239	0.0452036223934468	8.99278025744874e-05	0.0108707906380019	0.0209708709992324	0.0209708709992324
YNL014W_mRNA	6.06094387072275e-07	3.7846794202391e-06	0.376980926642719	0.0755584084095195	5.15348300442	0.0589492740697751	0.00688604718382358	0.0156697124473918	0.0159502451416954	0.0159502451416954
YLR392C_mRNA	6.28876005173651e-07	3.92273191235727e-06	0.314408535964185	0.0631072306931692	6.03812745705378	0.0338147248094	0.00247473672216227	0.00551168914872578	0.0134553535408812	0.0134553535408812
YCR072C_mRNA	6.35435221844064e-07	3.95940706145831e-06	-1.08856100860844	0.218581102201745	4.75711792953684	0.494360758618358	0.0102374611980718	0.180873331760847	0.0197425150553471	0.180873331760847
YGL146C_mRNA	6.52909792402486e-07	4.06394492578727e-06	0.48432401572015	0.0973540780121331	4.38948054253558	0.0929713448037823	0.0135135295532723	0.0190786963926967	0.0243977364690977	0.0243977364690977
YLR008C_mRNA	6.55695477447723e-07	4.07692833683077e-06	-0.535123376347184	0.107583105495559	4.69480602639228	0.119571939238978	0.0102979958731384	0.0359985024791356	0.0204789970404042	0.0359985024791356
YBR007C_mRNA	6.71713876188279e-07	4.1720736062611e-06	0.314273673723038	0.063242178253316	6.03903589892914	0.0350186314077739	0.002542694634257	0.00675785558967947	0.0134555978066398	0.0134555978066398
YOR252W_mRNA	6.73264428254716e-07	4.1772508615676e-06	-0.589241452650113	0.118585390328287	5.25661122907759	0.14508811112309	0.005561486830075	0.0506884923671741	0.0152681111180673	0.0506884923671741
YKR093W_mRNA	6.78663798480239e-07	4.2062715850488e-06	-0.320926683340778	0.0646069377414954	5.87150314967963	0.0387379564311152	0.00321046586972666	0.00886764856929352	0.0134857597476072	0.0134857597476072
YHR199C_mRNA	6.83714541470396e-07	4.22432075177582e-06	0.388726409638825	0.078278620849867	6.77513560626918	0.0631716843469047	0.00110011563908151	0.0234100542895474	0.0142647585368549	0.0234100542895474
YKL141W_mRNA	6.83751196176553e-07	4.22432075177582e-06	0.308843514064069	0.0621925713889343	6.49936124653742	0.0370652514107494	0.00159827185475643	0.0108618357483486	0.0138733918891143	0.0138733918891143
YLR346C_mRNA	6.83175650945204e-07	4.22432075177582e-06	-1.80945773266057	0.364362926022066	1.13087549266094	1.21279520130554	0.246494665779229	0.11746096810953	0.284546701658216	0.284546701658216
YDR321W_mRNA	6.95318525010437e-07	4.29123487999026e-06	-0.30984099482196	0.0624343755229334	6.95276231389503	0.034204959604586	0.00104815769601237	0.00817102985968348	0.0145440472917423	0.0145440472917423
YNR018W_mRNA	7.08282285223497e-07	4.36661650128264e-06	-0.445433076702135	0.0898217376663113	6.58355876636992	0.083029826566365	0.0015333563335676	0.030738421896015	0.0140005191582023	0.030738421896015
YDL143W_mRNA	7.12607800922369e-07	4.38863958580732e-06	-0.32313398512678	0.0651756311989553	7.78511617384876	0.0314405483557275	0.00043495342541235	0.00341832771460601	0.0165564981833166	0.0165564981833166
YGR187C_mRNA	7.33934428299608e-07	4.51520800345672e-06	-0.496912601541528	0.100342556642847	5.62236559117513	0.103435449333731	0.00413261402382903	0.0361419006706631	0.013719127857783	0.0361419006706631
YOR009W_mRNA	7.42102296024066e-07	4.56064132556562e-06	-0.603024338495141	0.121822888795616	5.90773526453416	0.152375941360168	0.00299745119474036	0.0563658137432959	0.0134805425745742	0.0563658137432959
YGL050W_mRNA	7.4433943447552e-07	4.56956959457785e-06	-0.349424013793471	0.0705989439544988	5.32303748302755	0.0468687461594918	0.0050432330762172	0.0102883831187982	0.0148936104737446	0.0148936104737446
YGL185C_mRNA	7.4880399272909e-07	4.5921390122523e-06	0.338909993795007	0.0684907609311454	5.43243954971127	0.0428229480403586	0.0043895961965534	0.00867499559122193	0.0143743411351558	0.0143743411351558
YAL059W_mRNA	7.51126531947143e-07	4.59670501588662e-06	-0.820579920540387	0.165852271474887	4.81369064889738	0.282253085157703	0.0107469360021599	0.0992809678113588	0.0191015281319416	0.0992809678113588
YOL157C_mRNA	7.50604833132999e-07	4.59670501588662e-06	0.490589801862972	0.0991533015812568	4.74849355160466	0.0990867325264194	0.0194828774792643	0.0179162348870564	0.0198426313785903	0.0198426313785903
YDR190C_mRNA	7.64959093296028e-07	4.6764445724477e-06	-0.314598237646325	0.0636310254509283	7.41498018758019	0.0363477540910682	0.000611990601672687	0.0100543027444222	0.0155836389980741	0.0155836389980741
YKL099C_mRNA	7.78646230727822e-07	4.75512886815544e-06	-0.627865037489502	0.127081596984504	5.30089214437975	0.165416201971078	0.00517619468571169	0.0594227344828159	0.0150131967017767	0.0594227344828159
YBL001C_mRNA	8.03887998768061e-07	4.90413767625416e-06	0.430012787233545	0.0871455377260112	4.69487576583598	0.0709127099588343	0.00989922254055876	0.0132469675055175	0.0204781564416638	0.0204781564416638
YIL158W_mRNA	8.08227844566013e-07	4.92545546280501e-06	-0.502006302873235	0.101757275176578	5.42678616391532	0.105859714891606	0.00478134358545941	0.0366368286199881	0.0143984179102027	0.0366368286199881
YJL106W_mRNA	8.27635239120801e-07	5.03845653408337e-06	0.475280347352793	0.0964304831984979	5.48994660756336	0.0949533711568887	0.00436137515972923	0.0328339771998539	0.0141452929545925	0.0328339771998539
YDL150W_mRNA	8.31691673026355e-07	5.05786606164045e-06	-0.589409029697195	0.119609443610074	6.20749992440625	0.146051432079614	0.00239448046959574	0.0548311955332504	0.01357581392589	0.0548311955332504
YGL236C_mRNA	8.36917810479124e-07	5.08434115104419e-06	-0.366899483662909	0.0744738330859856	5.53197710963209	0.0566037750707676	0.00411520491764959	0.0180702023404274	0.0139953486631352	0.0180702023404274
YDR536W_mRNA	8.3915296635223e-07	5.09260956455009e-06	0.436633483372225	0.0886379309518175	4.6545146526111	0.0682424887702817	0.0104565033226662	0.00818936355927479	0.0209702278910104	0.0209702278910104
YPL263C_mRNA	8.42943159393485e-07	5.11028808181732e-06	-0.414855833277522	0.0842320679758647	6.53551937245099	0.0723829174030018	0.00147300394654403	0.0269071611554187	0.013927387932957	0.0269071611554187
YLR181C_mRNA	8.53478206742635e-07	5.16877758054323e-06	0.309249414333217	0.0628207918228536	6.27103572168211	0.0336776505572316	0.00215583348196127	0.00660302061066183	0.01362997405904	0.01362997405904
YOL011W_mRNA	8.90623769277591e-07	5.38813507768561e-06	-0.315732240890401	0.0642465645346856	5.91700695055209	0.03405864586917	0.00303186558134811	0.00497758415342719	0.01347861863669	0.01347861863669
YHR088W_mRNA	8.95841987829848e-07	5.41408238702977e-06	-0.630969582429114	0.128422339873593	5.35913152072401	0.167737273933678	0.00512983833933004	0.0608393511751043	0.0147094829112685	0.0608393511751043
YGR246C_mRNA	9.03236667655364e-07	5.45311588161674e-06	0.307895534609096	0.0626870734868555	6.25091909871444	0.0297773773754667	0.00210474880471596	0.00271396688836386	0.0136139279246697	0.0136139279246697
YBR146W_mRNA	9.04402738882868e-07	5.45450347487742e-06	-0.308666159305734	0.0628472078663634	6.07075129236319	0.028666303927789	0.00233101906244939	0.00116150717430951	0.0134680670839422	0.0134680670839422
YBR059C_mRNA	9.05858053529698e-07	5.45763083750157e-06	0.314822657667515	0.0641048407397004	7.4966700002914	0.0362399445504343	0.000641690915744911	0.00986873373662412	0.0157960315093045	0.0157960315093045
YOR287C_mRNA	9.09119851104199e-07	5.47162422782341e-06	-1.01151754613894	0.205996855814236	3.9159721780986	0.431267629499162	0.0260048558635037	0.143733962557901	0.0323827874189101	0.143733962557901
YHR142W_mRNA	9.19430529928422e-07	5.52796931616407e-06	0.305472687892277	0.0622379422294383	6.72988513107705	0.0307998774684978	0.00128962133124001	0.00504922937125556	0.0142046244805796	0.0142046244805796
YLR154C_mRNA	9.65214769383707e-07	5.79128861630225e-06	0.698123471618741	0.142514870661628	4.12572288266592	0.205792858309549	0.0185305287708751	0.0627114246679269	0.0284447518199436	0.0627114246679269
YPR190C_mRNA	9.65051470832155e-07	5.79128861630225e-06	-0.3919647601808	0.0800151122235027	6.04454999778335	0.0648720607470796	0.00259355358913978	0.0230161191474192	0.0134572234017752	0.0230161191474192
YKL110C_mRNA	9.6691547366615e-07	5.79552422796192e-06	-0.453459957976584	0.0925758186491645	5.81883565778554	0.0868293024714686	0.00318468297998081	0.0310964458142711	0.0134932854378566	0.0310964458142711
YPR192W_mRNA	9.77724088680098e-07	5.85428626993859e-06	0.467869692992225	0.0955602602520212	4.43972934577813	0.0872740852473515	0.012802550612737	0.0181619551178142	0.0237245027449991	0.0237245027449991
YBR239C_mRNA	9.80268307241991e-07	5.86349400204501e-06	-0.350100253158481	0.0715138507138959	5.27890085523944	0.0431929569068864	0.00531981265056004	0.00593830196063749	0.0151371107251575	0.0151371107251575
YER092W_mRNA	9.98593730187904e-07	5.96698161238434e-06	0.511086013911175	0.104475644587885	4.98751225475789	0.110405642129165	0.00732757193979549	0.0363330693084206	0.017326539831028	0.0363330693084206
YPL104W_mRNA	1.02911182074868e-06	6.14303838901824e-06	-0.324038123466881	0.0663198696701943	5.62936685232948	0.0336959951558526	0.00389223648388784	0.00221041390882932	0.0137010639683984	0.0137010639683984
YNL239W_mRNA	1.03091452186046e-06	6.14750051623237e-06	0.30706459860293	0.062850386509912	7.19485164054644	0.0353186352797554	0.000765715486709686	0.0101360601086916	0.0150349688510716	0.0150349688510716
YMR267W_mRNA	1.04332202291756e-06	6.21512689725737e-06	-0.315228573475084	0.0645525477825613	5.74709447134784	0.0337427615901373	0.00314445699652161	0.00461734369715787	0.0135236687043578	0.0135236687043578
YKL164C_mRNA	1.04865761957931e-06	6.24053043071405e-06	-0.322504204354984	0.0660560535480998	7.99121797428973	0.0394849406058953	0.000345092034367462	0.0122433552357658	0.0171085168070303	0.0171085168070303
YDR480W_mRNA	1.05317706461769e-06	6.26103018210473e-06	0.344083983757092	0.0704883143519777	5.35125253473972	0.0401715364222696	0.00512584863830855	0.0040882867060801	0.0147485612024244	0.0147485612024244
YLR174W_mRNA	1.05714035984879e-06	6.27818525634967e-06	0.439444512701227	0.090037330609914	4.61699796577189	0.0782431271985979	0.0109900158969554	0.01766719760348	0.0214368677164805	0.0214368677164805
YPL183C_mRNA	1.07238733794215e-06	6.36224911491949e-06	-0.538740112237421	0.110445819692091	5.81497598397378	0.122937817535466	0.00303524476381489	0.0457578715860163	0.0134941196663139	0.0457578715860163
YKL014C_mRNA	1.08535002667001e-06	6.43260351513681e-06	-0.49650464418511	0.101836730326366	6.50301523422606	0.104455183121945	0.00147686435563888	0.0400060142186209	0.0138787651397098	0.0400060142186209
YBR181C_mRNA	1.09014439729784e-06	6.45445249863538e-06	-0.347119890482307	0.071209533944641	8.87132041448509	0.0510622364034748	0.000296366699224206	0.0199868241992277	0.0195108930746941	0.0199868241992277
YNL110C_mRNA	1.13129850391704e-06	6.69131480590934e-06	-0.689008387450366	0.141558472281288	5.68814097932655	0.20140687280574	0.00380219099641041	0.0763530133020381	0.0135861080906767	0.0763530133020381
YFR047C_mRNA	1.14468148387662e-06	6.76360479215535e-06	0.314550133835937	0.0646559919589778	6.76478285794603	0.0419912930247993	0.00129933883473586	0.0154222503500617	0.014250604411844	0.0154222503500617
YLR207W_mRNA	1.15037043916782e-06	6.79033250110608e-06	0.303401743321254	0.0623770060381891	6.64960080510627	0.0290316618910872	0.00146499934779604	0.00333960472111843	0.0140985641813571	0.0140985641813571
YDR428C_mRNA	1.20137973099544e-06	7.08424930443264e-06	-0.353468012440529	0.0727987996906466	5.2064188070256	0.0531026531008645	0.00559776340710942	0.0156008975384861	0.015583896050827	0.0156008975384861
YDL124W_mRNA	1.20672689083473e-06	7.10858530435102e-06	-0.42400780372545	0.0873427121223487	7.40874786137854	0.0764226956460012	0.000555383225526768	0.0299596142180231	0.015567493533619	0.0299596142180231
YDR541C_mRNA	1.2079614152058e-06	7.1086699040293e-06	0.336128426006782	0.0692430508778	5.44995293977379	0.0383445419057975	0.00487684278528277	0.00392593246527275	0.0143015575941796	0.0143015575941796
YEL012W_mRNA	1.26567613103001e-06	7.44079630613605e-06	0.428338018696739	0.0884069987037343	6.17734187502579	0.0781052325702073	0.00214714918025041	0.0291160404989579	0.0135483780087418	0.0291160404989579
YPR097W_mRNA	1.2724010019352e-06	7.47279056176863e-06	-0.301297623070308	0.0621999528607284	6.35365732030211	0.0353207383605845	0.00178365150750962	0.0101227802594547	0.0136916850359977	0.0136916850359977
YGL069C_mRNA	1.37493412209278e-06	8.06683403354736e-06	-0.380762110045589	0.0788555237939028	5.13143954286901	0.0616848801149785	0.00875932696150685	0.0159088204627219	0.0161134475697362	0.0161134475697362
YBR172C_mRNA	1.39665798632576e-06	8.18604570254918e-06	-0.36804146264007	0.0762704204349942	6.52798751527687	0.0578386657836994	0.00147327257257346	0.0217954355607497	0.013916012845984	0.0217954355607497
YDR032C_mRNA	1.44918865781229e-06	8.48540012101949e-06	0.377355528470741	0.078320113911449	7.44863385957222	0.0608730022055641	0.000680085199147982	0.0238560757732614	0.015670966896409	0.0238560757732614
YNL137C_mRNA	1.45065250888592e-06	8.48544328992906e-06	-0.301473574522606	0.0625734364037517	6.10226978994725	0.0311562574549655	0.00217479404936492	0.00523939147083036	0.0134869457241325	0.0134869457241325
YER159C_mRNA	1.47178309501308e-06	8.60040954016672e-06	-0.314114516770582	0.0652362630868493	5.75335430060162	0.0421996559860077	0.00335455622691719	0.0136685238592293	0.0135194068295459	0.0136685238592293
YNL123W_mRNA	1.48437269932921e-06	8.66528591812821e-06	-0.319784360327987	0.0664372658957715	6.5862538538667	0.0437484750150016	0.00152381314895169	0.0161318280498701	0.0140046159032437	0.0161318280498701
YLR079W_mRNA	1.52400359644937e-06	8.88773268559964e-06	0.299056711140175	0.062199010599052	6.57362147766156	0.0302701621860907	0.00148948103051268	0.00539000231801931	0.0139853866474912	0.0139853866474912
YNR038W_mRNA	1.54074426684683e-06	8.97637609864963e-06	-0.459974873660289	0.0957109079942835	5.60318496275268	0.0906199933669497	0.00369790765161236	0.0329444039847484	0.0137725815943799	0.0329444039847484
YML087C_mRNA	1.55620108033373e-06	9.05737012390039e-06	0.445808370961699	0.0928017289761441	4.52813753021906	0.0750698800175793	0.011877954172855	0.0117697448118302	0.0225706894309918	0.0225706894309918
YFL041W_mRNA	1.55866823907078e-06	9.06267580920796e-06	0.298831394383936	0.062210362393818	6.77956450772061	0.0328941262802252	0.00120963138847567	0.00851973183478041	0.014270885368205	0.014270885368205
YGL016W_mRNA	1.56186977950514e-06	9.06320053326389e-06	-0.391155257081901	0.0814371960418438	5.63583651700044	0.0655601791282709	0.00365608048695523	0.0228719871096756	0.0136852689339552	0.0228719871096756
YKL107W_mRNA	1.56167160872387e-06	9.06320053326389e-06	0.575590059701314	0.119835261928298	3.91511159709927	0.116230411306996	0.0250415072893699	0.00483281430327912	0.032400452716325	0.032400452716325
YBR031W_mRNA	1.59617710505061e-06	9.25306250151727e-06	-0.356883636479865	0.0743693231999954	9.80065122360025	0.0485185690650733	0.000108679723036326	0.0154852357075157	0.0220145052098652	0.0220145052098652
YHR070W_mRNA	1.61710122355823e-06	9.35574153768646e-06	-0.425865863599289	0.0887924931305001	5.85289146414006	0.07779712786341	0.00330283350439887	0.0282335938409208	0.0134879369391103	0.0282335938409208
YNL100W_mRNA	1.61595103789956e-06	9.35574153768646e-06	0.300752589279213	0.0627046696042323	6.17504807374478	0.03752166601098	0.00218119373729239	0.0121771284292859	0.0135463086234113	0.0135463086234113
YLR441C_mRNA	1.63463285047575e-06	9.44778867745208e-06	-0.339268335845695	0.0707689125843474	9.01635595623469	0.0405972551069919	0.000124871085033463	0.010485615470313	0.0199080848684506	0.0199080848684506
YOR272W_mRNA	1.70994045030245e-06	9.87325377944702e-06	-0.583172324397726	0.121875294737827	6.19397856994722	0.146144049196666	0.00225368809894906	0.0571606617707793	0.0135634978844692	0.0571606617707793
YLL058W_mRNA	1.7170498763222e-06	9.90448770242882e-06	0.339048838926463	0.0708690619422677	6.10971076966068	0.0494048134254562	0.0025332678905373	0.0175564278717706	0.0134921690669521	0.0175564278717706
YHR169W_mRNA	1.7467640626878e-06	1.00659222840941e-05	-0.840241170110015	0.175756532487612	5.23844951357568	0.303592065577818	0.00597422095042001	0.117587213897857	0.0153789891082393	0.117587213897857
YPR081C_mRNA	1.74990300792122e-06	1.00740463677362e-05	0.308280291440923	0.0644890631360961	5.82658930328013	0.0372046351946134	0.00314357372363373	0.00956518167319489	0.0134917833330518	0.0134917833330518
YIL069C_mRNA	1.77588425278461e-06	1.02135258210495e-05	-0.338116223095199	0.0707743111890464	7.3665493009596	0.0491862997493702	0.000733786149705872	0.0193022263474301	0.0154583977593773	0.0193022263474301
YLL012W_mRNA	1.86239822362602e-06	1.07005247049755e-05	-0.398183286210766	0.0835149332529597	5.95023204803715	0.0683190257293476	0.00266366426459128	0.025235312040394	0.0134681895837112	0.025235312040394
YDR054C_mRNA	1.86782812337516e-06	1.07211494056982e-05	0.29841281345158	0.0625967847890117	7.09124927569375	0.0350948356161324	0.000864087581762138	0.0112946056549262	0.0148093422819252	0.0148093422819252
YLR211C_mRNA	1.8749321450373e-06	1.07513333434914e-05	0.486121758522536	0.101988060080459	4.25683848410965	0.0926943654708776	0.0152869413276881	0.0165100605028113	0.0263193162682135	0.0263193162682135
YIL133C_mRNA	1.88504257330376e-06	1.07976822741561e-05	-0.358196509684247	0.0751665152061804	8.31247210885329	0.0553079492440933	0.000246621746898824	0.022353398286065	0.017979745174502	0.022353398286065
YLR095C_mRNA	1.88672168813781e-06	1.07976822741561e-05	0.323062979123641	0.0677963980537075	6.71968468448903	0.0449916295272098	0.00140162597150716	0.0169837803847199	0.0141916899686861	0.0169837803847199
YDR515W_mRNA	1.89591670556237e-06	1.08396572390642e-05	-0.359345195808975	0.0754259217897167	5.15283204224362	0.0556735853974904	0.00650861324870019	0.0162476654626136	0.015954975346942	0.0162476654626136
YPL017C_mRNA	1.96825330310805e-06	1.12421997489289e-05	-0.40315729532285	0.0847564390025517	5.52194850746813	0.0701618560281443	0.00391729301846994	0.0248173227911031	0.0140298375128338	0.0248173227911031
YLR298C_mRNA	2.06286419732792e-06	1.17710546656538e-05	0.317226903980485	0.0668244778731779	5.57437170716593	0.0379454540987612	0.0040038886746575	0.00789969540000273	0.0138581546974339	0.0138581546974339
YFR053C_mRNA	2.07791151661274e-06	1.18453155536065e-05	-0.998641316377146	0.210430973848358	8.39196605549846	0.431258988091263	0.000267255186038239	0.176857523833036	0.0181968122093908	0.176857523833036
YJL219W_mRNA	2.10177409375499e-06	1.19696342817366e-05	0.836193038098429	0.176286181696428	4.13551739969869	0.302478465857003	0.0477144606865241	0.0765928107418993	0.0282776165611238	0.0765928107418993
YFL049W_mRNA	2.1494510309115e-06	1.22172699571614e-05	0.324269360730079	0.0684280031876726	6.28074473123342	0.0455210935978198	0.00209958002611375	0.0166299864548948	0.013637164945565	0.0166299864548948
YOR028C_mRNA	2.14780367344017e-06	1.22172699571614e-05	-0.385367544534771	0.0813184042323797	5.51207977625916	0.0642895212046316	0.0039331743219203	0.0225175571456825	0.014064557265449	0.0225175571456825
YOL073C_mRNA	2.22343342178636e-06	1.262546112605e-05	0.296339189337908	0.0626248128319708	6.17430962123412	0.0309033799175796	0.00214182513725857	0.00587839187802003	0.0135456435916989	0.0135456435916989
YPR013C_mRNA	2.22986907196263e-06	1.26496759622729e-05	0.408911818138218	0.0864252915964964	6.25583415125238	0.0724745358396415	0.00218729512742269	0.027690028982735	0.013617974725697	0.027690028982735
YNL096C_mRNA	2.24879396653944e-06	1.27446241722362e-05	-0.402935921072521	0.0851931496475892	7.30657023047592	0.0703913533191553	0.000704337562512273	0.0283271534249939	0.0153043305052225	0.0283271534249939
YOR294W_mRNA	2.26099657255182e-06	1.28013275332234e-05	-0.580922727459949	0.122853622414666	5.78832556583758	0.146339570892048	0.00310540198955531	0.0572666481720661	0.0135018887332278	0.0572666481720661
YLR083C_mRNA	2.26361055900206e-06	1.2803684579365e-05	-0.38249156997656	0.0808933866900356	6.98453360274119	0.0634432429988546	0.00100498990896181	0.0251699701317727	0.0146012363467561	0.0251699701317727
YBR203W_mRNA	2.37696683163232e-06	1.34318222706983e-05	0.293707546239731	0.0622471619863241	6.53812829488461	0.0359401388093657	0.0015674975058842	0.0122929018703893	0.0139313391955225	0.0139313391955225
YMR036C_mRNA	2.38612584201402e-06	1.34705127476489e-05	0.348961715903452	0.0739697707108225	5.1929981041503	0.0462501753939336	0.00621270192259628	0.00854840623768074	0.0156734059934503	0.0156734059934503
YNL061W_mRNA	2.44678109246697e-06	1.37995611275049e-05	-0.424668360373153	0.0901150158206758	7.08738831942315	0.078408864365619	0.00089235736981424	0.0315905069356284	0.0148013830055964	0.0315905069356284
YPL231W_mRNA	2.48984390383516e-06	1.40288496941428e-05	-0.341510511023201	0.0725235590959706	9.40217331391791	0.0415116709841761	8.24065318048306e-05	0.0110716897685759	0.0209562599639822	0.0209562599639822
YDR021W_mRNA	2.51831495317375e-06	1.41755583740969e-05	-0.893086514470639	0.189750283518654	4.17206826417657	0.347113574310679	0.0164872631476382	0.127533417234	0.0276661265644419	0.127533417234
YHR046C_mRNA	2.53066461350735e-06	1.42313243612875e-05	-0.329884790508436	0.0701040767066046	5.3391850602289	0.0443217070281621	0.00484871404071869	0.0115462649155136	0.0148096122428233	0.0148096122428233
YNL121C_mRNA	2.53691001486284e-06	1.42526882802227e-05	-0.319993985768403	0.0680094411713053	7.1005530981037	0.0445733675109371	0.00088252477284481	0.0176186115808881	0.0148286544977317	0.0176186115808881
YDR385W_mRNA	2.54196378488062e-06	1.42673227463531e-05	-0.355075489453377	0.0754719484741453	9.99428675632175	0.0526389566575067	0.000268934421090028	0.0201074896517942	0.0225151256048462	0.0225151256048462
YGR079W_mRNA	2.58197663445801e-06	1.4477955603804e-05	-0.990540946986411	0.210684041170792	4.20878242078586	0.427360021470271	0.0160173132746549	0.161533747541569	0.0270708384516509	0.161533747541569
YIL013C_mRNA	2.65221430768604e-06	1.4857500535172e-05	-0.315944492799186	0.0672785632446787	5.54822251638471	0.0367002491918194	0.00416446954513412	0.00663696243749106	0.0139411507439388	0.0139411507439388
YIR029W_mRNA	2.70690749199217e-06	1.51493208917833e-05	0.390226737724381	0.0831704531108196	5.15789065378663	0.0664318524331304	0.00642598545148878	0.0212433116311474	0.0159183608242619	0.0212433116311474
YPL132W_mRNA	2.73501832041087e-06	1.52919546398404e-05	-0.358869805828964	0.076521707008302	5.07918638156544	0.0523852042908341	0.00689747779117383	0.0124330875102289	0.0165248087826838	0.0165248087826838
YGR185C_mRNA	2.75622401630323e-06	1.53957441217475e-05	-0.300056685802148	0.0640025739228895	7.51498134089804	0.0288900025606287	0.000541485759269672	0.00468808421438429	0.0158438321157501	0.0158438321157501
YNL069C_mRNA	2.79163666586455e-06	1.55786161066349e-05	-0.359873044033987	0.0768043203110866	8.4962531439221	0.0565582022614827	0.000218889287526343	0.0233767251862656	0.0184821805242122	0.0233767251862656
YNL261W_mRNA	2.8140637773435e-06	1.56887421691897e-05	-0.313250187576467	0.0668774351565841	5.56534971925488	0.0371692196360539	0.00400415830387307	0.00778409701570125	0.0138862070286194	0.0138862070286194
YPR144C_mRNA	2.82957534619805e-06	1.57601395477532e-05	-0.466603153192513	0.0996415275957297	5.60960990641218	0.0951244210324649	0.00386553204252144	0.0358482040439208	0.0137543185013481	0.0358482040439208
YDR266C_mRNA	2.83897270714435e-06	1.57973782156857e-05	-0.36816888679613	0.07863263137892	6.05458614839698	0.0592297598001933	0.00241997748629389	0.0223123853839985	0.0134607897950488	0.0223123853839985
YHR050W_mRNA	2.88806558683309e-06	1.60552195695511e-05	0.294532400802115	0.0629527835013227	7.18103808567494	0.0285390855576935	0.000848669168166561	0.00494339818014573	0.0150035426340911	0.0150035426340911
YLR341W_mRNA	2.90219488460146e-06	1.61183864610945e-05	0.574115170305071	0.122736520234729	3.9002989561926	0.144135407030677	0.0241318056009981	0.0361252079963215	0.0327065785534507	0.0361252079963215
YCR016W_mRNA	2.91357657213617e-06	1.61661877231098e-05	-0.496785720525594	0.106222970016538	5.56981789241963	0.107936672838937	0.00406441919410107	0.0410688582424362	0.0138722379563264	0.0410688582424362
YIL110W_mRNA	2.92740230172672e-06	1.62274460607611e-05	-0.317420132583698	0.0678850291177847	5.46907475709225	0.0375005659695356	0.00420836284637253	0.00718351767257216	0.0142251458669174	0.0142251458669174
YLR406C_mRNA	2.97364964686541e-06	1.64681395842565e-05	-0.303344083902592	0.0649193248003035	7.00386927164658	0.0402722387984226	0.000947803532236028	0.0159102713978732	0.0146371124922578	0.0159102713978732
YLR048W_mRNA	2.98152194310181e-06	1.6496055878928e-05	-0.325379773863022	0.0696433217004832	8.77491249624	0.0400724256850215	0.000154310376011266	0.01253128936104	0.0192464586538967	0.0192464586538967
YPL043W_mRNA	3.02866301479264e-06	1.67409779166812e-05	-0.662082174746145	0.141807908729277	6.67410713062324	0.191969484749594	0.00137282088341104	0.0790651110292723	0.0141328110878065	0.0790651110292723
YKL112W_mRNA	3.06689660902986e-06	1.6936246108254e-05	0.306175467508194	0.0656143519565181	6.26541221057015	0.0410711523896785	0.00212484787073364	0.0150961248599617	0.0136256331222294	0.0150961248599617
YCR075C_mRNA	3.10355108473922e-06	1.71224324050101e-05	0.364422682832201	0.078137819559673	5.53427095464663	0.0582083081600481	0.00421061367033614	0.0202114617118239	0.0139875713292615	0.0202114617118239
YMR260C_mRNA	3.11521335366742e-06	1.71705137166191e-05	-0.382992769775578	0.0821331177387651	7.19784064794022	0.0643000928301939	0.000782080300754982	0.0262013158172044	0.0150418233191232	0.0262013158172044
YPL207W_mRNA	3.14813488225017e-06	1.73355707221073e-05	-0.319991467371411	0.0686542816236226	7.18943285234213	0.0449019425557569	0.000799114958398475	0.0180545265826242	0.01502259169336	0.0180545265826242
YOR107W_mRNA	3.16712033801634e-06	1.74236478652344e-05	-0.589643692047951	0.126541859341587	4.58201457165699	0.152495859704187	0.0106167904484402	0.0534345782140634	0.0218789847089294	0.0534345782140634
YOL018C_mRNA	3.19296633937475e-06	1.75492659369786e-05	0.290290201058622	0.0623207853151546	6.45921673631661	0.0287286767367168	0.00171933845902226	0.0049847006644157	0.0138161826701681	0.0138161826701681
YMR200W_mRNA	3.29627100584003e-06	1.80999763242451e-05	0.289274060486869	0.0621902325037479	6.85962229777107	0.0348266412244243	0.00108147245895348	0.0123243625470552	0.0143890276165274	0.0143890276165274
YDL211C_mRNA	3.36773794915197e-06	1.84749918001501e-05	0.375677922869198	0.0808428588689825	4.88839025044435	0.053500708322677	0.00784171365909079	0.00915650190625888	0.0183005576613501	0.0183005576613501
YLR414C_mRNA	3.46944378969594e-06	1.90150324729714e-05	0.56184457747993	0.121064478726848	7.43241025392835	0.1388964910334	0.000688488591923649	0.05793794344569	0.0156288379285583	0.05793794344569
YML083C_mRNA	3.49173042313796e-06	1.91191930875957e-05	0.453957762257906	0.0978452687276524	4.33680043688407	0.077184329337559	0.0131597198786634	0.010658447293234	0.0251350665708827	0.0251350665708827
YCR087W_mRNA	3.52008291437544e-06	1.92563409006115e-05	-0.456044035406175	0.098330369467726	5.94996904310713	0.0915573930839419	0.00975645755736182	0.0289189886812762	0.0134682989814723	0.0289189886812762
YGL147C_mRNA	3.52683865028316e-06	1.9275198852298e-05	-0.464570955269907	0.100177471869587	9.02289576551589	0.0950196092434506	0.00013813384006488	0.0400039696406625	0.0199259681438967	0.0400039696406625
YDL031W_mRNA	3.53899733371969e-06	1.93235224613411e-05	-0.601936740321303	0.129818178758898	6.52070371933244	0.159537726095072	0.00173017468832235	0.0656808634567868	0.0139050660336043	0.0656808634567868
YGL099W_mRNA	3.54466746710062e-06	1.93363601716556e-05	-0.395597190013266	0.085323540249658	6.57776581847057	0.0689116341431151	0.00142750421277307	0.0276929218701669	0.0139917019065361	0.0276929218701669
YGR266W_mRNA	3.5667078487073e-06	1.9438390950953e-05	0.296931319190486	0.064060715080887	6.48935642681773	0.0388322830265724	0.00178839951797979	0.0146267013487186	0.0138588033463418	0.0146267013487186
YMR238W_mRNA	3.60249003821881e-06	1.96150532361334e-05	0.353166126467932	0.0762269193710194	7.3967729658083	0.0549530448532014	0.000613282837894803	0.0226288901092888	0.0155364951091072	0.0226288901092888
YOL021C_mRNA	3.61852808836554e-06	1.96839819260669e-05	-0.330577262251696	0.0713655287798961	6.82954925416846	0.0481556981574145	0.00106573200349446	0.0193064227886422	0.0143430074894707	0.0193064227886422
YGR289C_mRNA	3.63083619712466e-06	1.97325108996719e-05	0.289538700994549	0.0625155467771846	6.3438255783789	0.0364914214066353	0.00195001185616873	0.0131957512584802	0.0136827624992327	0.0136827624992327
YPL088W_mRNA	3.64124371635829e-06	1.97706299082044e-05	-0.430219093274712	0.0929023415408093	6.13827803144485	0.0815787464295541	0.00227823086949791	0.0322451493855628	0.0135143407960073	0.0322451493855628
YBR233W_mRNA	3.71250268714413e-06	2.01387715598713e-05	0.306078476064304	0.0661525178141557	5.59911566709095	0.0333120572711825	0.00372032102214057	0.00520430219417024	0.0137843014304682	0.0137843014304682
YJL165C_mRNA	3.72148229791517e-06	2.01687031327012e-05	-0.289414549938139	0.0625577236401032	7.04503023551886	0.0298856797555753	0.000937692851954863	0.00715102639590565	0.0147161822961713	0.0147161822961713
YER172C_mRNA	3.73596790884794e-06	2.02283912982789e-05	-0.287597381089697	0.0621757575050179	6.60244812494313	0.0335193791396541	0.0014341726036433	0.0108473754432282	0.0140291266816479	0.0140291266816479
YER126C_mRNA	3.78561155289788e-06	2.04781549741718e-05	-0.57077782103501	0.123469661691336	6.20915042782391	0.143790379733306	0.00199322128947798	0.0589858081432142	0.0135773119908198	0.0589858081432142
YMR211W_mRNA	3.82974228769821e-06	2.06976610093968e-05	-0.354882682127291	0.0768075430449277	5.03197100003956	0.0505558504178072	0.00667227714185814	0.0115113574275467	0.0169253175325355	0.0169253175325355
YJR003C_mRNA	3.94840587736694e-06	2.13191961460054e-05	-0.465815669538551	0.100955268032812	5.32403162944507	0.0959124703993936	0.0050960966393775	0.0356717679349303	0.0148883618609497	0.0356717679349303
YOL126C_mRNA	4.02191314686691e-06	2.16959870311543e-05	0.442463462481789	0.0959739221061166	7.33512834496986	0.0865940874062418	0.000635042497658827	0.0362089324000649	0.0153774224319683	0.0362089324000649
YDR359C_mRNA	4.09601635192078e-06	2.20752925682613e-05	0.379203044510669	0.0823200187785891	6.35078362385028	0.0636445722266832	0.00210664960503006	0.024999692361799	0.0136890206841995	0.024999692361799
YHR155W_mRNA	4.18468213739571e-06	2.25323088100438e-05	-0.309018007586524	0.0671487416558606	5.76053942702986	0.0422979941590033	0.00329564132854143	0.0147401726953206	0.0135149747646108	0.0147401726953206
YPR080W_mRNA	4.23554235017641e-06	2.27851059391761e-05	-0.366109270516125	0.079598032733966	11.1846066350206	0.054833031012064	8.02566204720951e-05	0.0203734200473539	0.025263130639998	0.025263130639998
YNL154C_mRNA	4.34650119853333e-06	2.33604390983904e-05	-0.293121483267004	0.0638040915042059	7.47572642755732	0.030972904451313	0.000542403915562035	0.00809422115294505	0.0157414444551463	0.0157414444551463
YJR016C_mRNA	4.39733447799143e-06	2.36118623675374e-05	-0.315952833341845	0.0688101480689964	8.59360695384558	0.0393710017391414	0.000190328190163168	0.0134711185598485	0.0187490177189457	0.0187490177189457
YAL053W_mRNA	4.42755776662449e-06	2.37522574110076e-05	0.462326979958234	0.100719763793293	8.068210868379	0.0948716874286337	0.000363488536187418	0.0402143947381197	0.0173162667912407	0.0402143947381197
YGR230W_mRNA	4.54950683185602e-06	2.43840172975098e-05	0.569461636191769	0.124213021437368	3.75322752169414	0.10406993684245	0.025747083659859	-0.00689688135557878	0.0359684151185412	0.0359684151185412
YOR118W_mRNA	4.59089144093402e-06	2.45832109695603e-05	-0.28635800039883	0.0624872330210134	6.18259973393438	0.0361639067909364	0.00206547776999326	0.0132527353938912	0.0135531393924965	0.0135531393924965
YLR129W_mRNA	4.65004957940225e-06	2.48771247471052e-05	-0.698067801792745	0.152416985118637	6.13832409129483	0.216675141023179	0.00250343644262392	0.090420312967995	0.0135143788463004	0.090420312967995
YDR064W_mRNA	4.67375476355614e-06	2.49712196015001e-05	-0.377317517721376	0.0824031090022666	8.79713351800325	0.0633152859746062	0.00014947177541402	0.0270116177175437	0.0193074243842465	0.0270116177175437
YOR001W_mRNA	4.6762101931405e-06	2.49712196015001e-05	-0.520623240394019	0.113702653848643	6.0682134093711	0.120545244621202	0.0024451350674296	0.0492680389014676	0.0134668064766323	0.0492680389014676
YNL156C_mRNA	4.71274532086772e-06	2.51432731129811e-05	0.284130315441576	0.0620753392891389	6.66044405423342	0.0273565983366947	0.00129947877309693	0.00494543768681031	0.0141139122183499	0.0141139122183499
YNL251C_mRNA	4.81945210893699e-06	2.56890466483686e-05	-0.437058765106876	0.0955842567130106	6.86025447810446	0.0850478042656131	0.00105876654974951	0.0354866339757653	0.0143900161854687	0.0354866339757653
YBL076C_mRNA	4.84730680963842e-06	2.58139026261e-05	-0.312019715532323	0.0682563803509633	8.47392706724982	0.033651594459402	0.00021469388595186	0.00802449935458705	0.0184210399485096	0.0184210399485096
YBR196C_mRNA	4.87290912065749e-06	2.59265466090872e-05	-0.38517689667705	0.0842803496888318	9.58461843201755	0.0660815265453779	6.92772817020819e-05	0.028343432092985	0.0214447706466077	0.028343432092985
YBL080C_mRNA	4.93592473185699e-06	2.62378626713493e-05	0.308049760067071	0.0674439499206306	5.5173733769592	0.0396026077162989	0.0041489088784609	0.0111696980526078	0.0140458366451252	0.0140458366451252
YBL095W_mRNA	5.00956844147758e-06	2.66050553692328e-05	0.338162581764271	0.0740871906469487	5.72081216375108	0.0509863192418347	0.00346524469798056	0.0184904025738487	0.0135461202256886	0.0184904025738487
YNL315C_mRNA	5.02079732855447e-06	2.66182045561583e-05	-0.283378150595771	0.0620909978257644	6.40725344887169	0.0322543016423183	0.0016720752932273	0.00994234039923383	0.013749092750769	0.013749092750769
YOL076W_mRNA	5.02189878562863e-06	2.66182045561583e-05	-0.543778396365664	0.119148507629367	5.39076136205552	0.13185175481021	0.00519698778796782	0.0515884796932535	0.0145586879725018	0.0515884796932535
YOL129W_mRNA	5.02575094606491e-06	2.66182045561583e-05	0.284153085053786	0.062263616720351	6.77310223369052	0.0306405270592198	0.00124507185925933	0.00851464263402342	0.0142619600091358	0.0142619600091358
YMR252C_mRNA	5.0725364743935e-06	2.6841596275946e-05	0.408071824500871	0.0894548076249287	4.62657259028805	0.0721214986601058	0.0106916554655108	0.0190034891127541	0.0213169949633412	0.0213169949633412
YDL112W_mRNA	5.11913543294883e-06	2.70605361818147e-05	-0.413986866479893	0.0907896765626998	6.50587674335708	0.076475690880767	0.00153963672962126	0.0314314247518173	0.0138829885616696	0.0314314247518173
YKL124W_mRNA	5.12320140894982e-06	2.70605361818147e-05	0.286213891625012	0.0627706310532521	6.04331809521758	0.0304218512333406	0.00230376931786515	0.00688581650096149	0.0134568391734288	0.0134568391734288
YGL181W_mRNA	5.12939525666239e-06	2.70687108381477e-05	0.285995608282821	0.0627262492859659	7.06039559977377	0.0352491228621423	0.000991689672260166	0.0134056596923035	0.0147466397256804	0.0147466397256804
YLL043W_mRNA	5.17606185863397e-06	2.7290259175024e-05	0.294597782613291	0.0646399006010085	7.65473342539178	0.0268008950031812	0.000502429469921267	0.00341628559901071	0.0162108375289118	0.0162108375289118
YLR246W_mRNA	5.26234518638211e-06	2.77200931788989e-05	0.313190688567125	0.068771940743755	5.4505866401914	0.0330201660641689	0.00461934474922335	0.00273414534662909	0.0142989745854268	0.0142989745854268
YHR080C_mRNA	5.31921763355284e-06	2.79943648898634e-05	0.354829650857117	0.07795392266455	6.5529908695249	0.0562611941201206	0.00153850714967871	0.0227687490854839	0.0139539289197667	0.0227687490854839
YBL027W_mRNA	5.41315841761439e-06	2.8397061765402e-05	-0.347578788154106	0.0764228010834216	9.14463949570393	0.0540205966215424	0.000117926217300708	0.0232438518844442	0.0202583026950927	0.0232438518844442
YDR346C_mRNA	5.41523096830787e-06	2.8397061765402e-05	-0.29223233575164	0.064254811049198	7.58407908995591	0.032215649641417	0.00048990675110353	0.00962693556216919	0.016024816220769	0.016024816220769
YGL023C_mRNA	5.41009532045164e-06	2.8397061765402e-05	0.355263191715718	0.0781103390735092	7.24781134712014	0.0564344230321439	0.000754138739007604	0.0236507615417067	0.0151592846142348	0.0236507615417067
YNL185C_mRNA	5.4030881493407e-06	2.8397061765402e-05	-0.338126856132109	0.0743381806485204	5.1321434581378	0.0477623255392365	0.00599652029072811	0.012511751119087	0.0161081401178001	0.0161081401178001
YHR208W_mRNA	5.43816076992282e-06	2.84916588539302e-05	-0.306438208702804	0.0673915193626907	8.28783910564102	0.0323304195357854	0.000253888601870515	0.00755602497133299	0.0179125789261771	0.0179125789261771
YGL003C_mRNA	5.4820935539004e-06	2.86960260961579e-05	0.281834874167709	0.0620038876628026	6.46131659004672	0.0310811974534705	0.00155885064659513	0.00904789054008669	0.0138190776946107	0.0138190776946107
YDR023W_mRNA	5.50140776070086e-06	2.87712761345092e-05	-0.301915482254541	0.066432463385564	8.06699304849986	0.0367233532820714	0.000340113816676671	0.0129626337212593	0.0173129749492205	0.0173129749492205
YHL016C_mRNA	5.52841801559407e-06	2.88866039092835e-05	0.368607167409668	0.0811254946128845	4.91312749545496	0.043850894553423	0.00827777409323779	-0.000115028176221384	0.0180476094115028	0.0180476094115028
YDR142C_mRNA	5.54732838758871e-06	2.89594401309066e-05	0.3107750384129	0.0684082512090069	5.48820549662363	0.0327722091365444	0.00456694052373263	0.00295153369383936	0.0141518148101657	0.0141518148101657
YLR313C_mRNA	5.58670703230417e-06	2.91389034648202e-05	0.431826194934533	0.0950854094809895	4.46918627237947	0.0704028860065731	0.0128265721728492	0.00932684493943991	0.0233383682118206	0.0233383682118206
YDR441C_mRNA	5.62481532593463e-06	2.92852315360993e-05	-0.341397902139811	0.0751973986414594	5.10297257563066	0.051602422889513	0.00628526637408083	0.0157023216974077	0.0163333286756894	0.0163333286756894
YML066C_mRNA	5.62436550922481e-06	2.92852315360993e-05	0.394010379858506	0.0867856696687764	4.65983977094679	0.0492850020193122	0.00922232275143996	-0.000772443283960971	0.020904687087992	0.020904687087992
YER095W_mRNA	5.64454467361827e-06	2.93617118468751e-05	0.424027926686923	0.0934129444404355	6.7051484178148	0.0805235672684951	0.00134251735314448	0.0335613954029831	0.0141735649267689	0.0335613954029831
YKL008C_mRNA	5.6496028140122e-06	2.93618073099331e-05	-0.281502839318673	0.0620173854339764	6.84246102578721	0.0296881195181465	0.00102209988042284	0.00814550001916989	0.0143625245038427	0.0143625245038427
YGL039W_mRNA	5.66503291929596e-06	2.93895652607465e-05	-0.282533007658689	0.0622522288702949	6.33517915337291	0.028057968588435	0.00182598297139201	0.00542901182574121	0.0136753770258863	0.0136753770258863
YPR111W_mRNA	5.66396519272121e-06	2.93895652607465e-05	0.349562204499918	0.0770205078865551	5.04199239490902	0.0533715111234661	0.00689056052520349	0.0153807057314125	0.0168380740152081	0.0168380740152081
YLL026W_mRNA	5.67925335492479e-06	2.94371263752596e-05	-0.665386741399401	0.146625821797497	8.58123731610509	0.198327295541118	0.000194546304225472	0.0858019801669398	0.0187150965777777	0.0858019801669398
YNR009W_mRNA	5.69261437202314e-06	2.94801522945838e-05	0.357487342321325	0.078785160848165	4.98121101802138	0.0428522091200173	0.00744316064230024	0.00195643486629986	0.0173852456371847	0.0173852456371847
YLR177W_mRNA	5.79754553292129e-06	2.99968918959142e-05	-0.289230190604615	0.0637964436061837	7.44159592832215	0.0300601929500322	0.000627260757496867	0.0076789165011999	0.0156526841096911	0.0156526841096911
YGL111W_mRNA	5.84812485980362e-06	3.02049427599431e-05	-0.392333009892885	0.0865731933349556	6.09485584165541	0.0690277439761529	0.00238374661266658	0.0275959246041798	0.0134820095685254	0.0275959246041798
YLR106C_mRNA	5.84424791114902e-06	3.02049427599431e-05	-0.362991565507516	0.08009616070136	7.90801108015249	0.0590875749485254	0.00038850847196632	0.025273071364426	0.0168848944571684	0.025273071364426
YDR460W_mRNA	5.86203893622205e-06	3.02499901172982e-05	0.292901249976131	0.0646394890589786	5.75370552968562	0.0274961043846091	0.00319387520249384	0.0017544817131359	0.0135191789807294	0.0135191789807294
YLR073C_mRNA	6.00655014093568e-06	3.09682841779569e-05	-0.693401019133546	0.153198567817889	3.24023393441439	0.198371886255561	0.0426272344931557	0.0325412226848194	0.0512519702326533	0.0512519702326533
YDR225W_mRNA	6.02818893606081e-06	3.10523684716979e-05	-0.366813193171684	0.0810565558557785	7.82544831516584	0.0604091285721653	0.00048424632615267	0.0257964146626511	0.0166640099807389	0.0257964146626511
YPL194W_mRNA	6.13029037477202e-06	3.15504167168037e-05	0.366813953430598	0.0811204148362377	4.92258246322272	0.0465965787250307	0.00836946572130388	0.00311187536083338	0.0179526210915093	0.0179526210915093
YOL069W_mRNA	6.2304857452028e-06	3.20377845997807e-05	0.341698390395047	0.0756235405322647	5.12328119454378	0.0504302026266185	0.00670026026014838	0.0139727311259242	0.0161754192703919	0.0161754192703919
YLR212C_mRNA	6.32736204379348e-06	3.24896342795882e-05	0.294995465837062	0.0653346684266484	5.67379641348181	0.0315653065384824	0.00346585921728071	0.00549059068411469	0.0136086163763997	0.0136086163763997
YOR064C_mRNA	6.32951165591016e-06	3.24896342795882e-05	0.395541045291431	0.0876045839255017	4.69136837140991	0.062775498133145	0.0101777771023202	0.0123809084659816	0.0205204753967209	0.0205204753967209
YMR186W_mRNA	6.36845778526636e-06	3.26607702966213e-05	-0.326177970842324	0.0722628316364915	9.34680984855262	0.0375414918892675	8.07297826403239e-05	0.00974456333791321	0.0208069375618553	0.0208069375618553
YDL136W_mRNA	6.53659967809724e-06	3.34811768792291e-05	-0.430488366522536	0.0954891191634435	7.69635549684655	0.0834599040031428	0.000522430339272684	0.0359502571751686	0.0163208565343029	0.0359502571751686
YPL273W_mRNA	6.53992092148347e-06	3.34811768792291e-05	-0.282239703520543	0.0626067211788069	7.11160942421987	0.0236024121639815	0.000826558030245985	0.00170195493305872	0.0148518481167975	0.0148518481167975
YGR059W_mRNA	6.63815980791022e-06	3.39542748383538e-05	0.906705433561496	0.201267704069116	2.88238913684384	0.368267933058817	0.0952048449919306	0.0644780137853901	0.0668299098130832	0.0668299098130832
YML027W_mRNA	6.65509947374378e-06	3.40110609947643e-05	0.459057798023193	0.10191249260001	4.74514786203317	0.0949707327992435	0.0088384909557698	0.0327061336360189	0.0198816331219302	0.0327061336360189
YDR423C_mRNA	6.84451291478633e-06	3.49484068725198e-05	0.280740468186711	0.062408027212761	6.15329600276729	0.0314017733104342	0.00205199256187872	0.00907413299138834	0.0135270548804762	0.0135270548804762
YER162C_mRNA	6.87155043926559e-06	3.50557380553076e-05	0.280115723789	0.0622807551878842	6.36417701404288	0.0273051302394913	0.00181374629965411	0.0050232307529908	0.0137018235674385	0.0137018235674385
YMR132C_mRNA	6.90169495238731e-06	3.51787181037694e-05	-0.560872622702315	0.124729888156428	3.75187013998309	0.122889461181344	0.0262296838496528	0.0155581391597949	0.0360004961484073	0.0360004961484073
YGL179C_mRNA	6.91871914514411e-06	3.52346658563021e-05	-0.391568900234013	0.0870893604343944	5.92851226322505	0.0692026659847146	0.00283402280227483	0.0275042040012126	0.0134757057443833	0.0275042040012126
YPL171C_mRNA	7.07300137539925e-06	3.5988913548538e-05	0.706075920314753	0.157203405880204	3.88383677073589	0.225206388462142	0.0227101752401465	0.0761414680411987	0.0330514165979734	0.0761414680411987
YGR085C_mRNA	7.11940328078277e-06	3.61934062075397e-05	-0.296520524102939	0.06603892374901	7.87710733805135	0.0366083065595902	0.000642463900911097	0.0134594584945693	0.0168020938987991	0.0168020938987991
YJR054W_mRNA	7.22860056098357e-06	3.67165011929296e-05	0.30457296544998	0.0678813379987551	5.49060534379827	0.0407310936945717	0.00428867217973327	0.012847587840738	0.0141428320142717	0.0141428320142717
YDR436W_mRNA	7.23650692483856e-06	3.67246422858096e-05	0.283409947060507	0.0631679357794393	6.50051338346581	0.0363156884377959	0.00154973767568212	0.0144110147668593	0.0138750836577375	0.0144110147668593
YKR081C_mRNA	7.2874199694918e-06	3.69508344144989e-05	-0.537610425834794	0.119865439041597	6.38831178395254	0.130712826303775	0.00172795660382922	0.0557429373027104	0.0137272360484719	0.0557429373027104
YPL027W_mRNA	7.36352098209374e-06	3.73042376014593e-05	0.989190621304112	0.220658607924519	2.65693999887228	0.369001650642766	0.11524065119895	0.000547378696580114	0.0795202338057969	0.0795202338057969
YGL237C_mRNA	7.42838465306571e-06	3.76001468190798e-05	0.291812127304127	0.0651216708554171	5.73902765231679	0.0383104689272312	0.00343358159877263	0.0132835443541865	0.0135297464612325	0.0135297464612325
YIL096C_mRNA	7.51456755115994e-06	3.79386329132672e-05	-0.676545597261478	0.151062951616909	4.38874121761384	0.207251776024231	0.0131129175727627	0.0781671438320873	0.0244078577253638	0.0781671438320873
YKR013W_mRNA	7.51479271917444e-06	3.79386329132672e-05	0.394089178359039	0.0879946004576907	7.52632318504364	0.0703223937161662	0.000603898879926675	0.0303682999589078	0.0158734736181436	0.0303682999589078
YML118W_mRNA	7.51253360008039e-06	3.79386329132672e-05	0.347085837284272	0.0774983011138696	5.01744613274038	0.0466317536530348	0.0069700753902918	0.00857292396843853	0.0170538713118522	0.0170538713118522
YDR397C_mRNA	7.54937308297707e-06	3.80802143562116e-05	-0.484470255628619	0.108199114554053	4.86932338383571	0.106296028280745	0.0116857412591184	0.0351424523020055	0.018499803282999	0.0351424523020055
YCR107W_mRNA	7.57036421383809e-06	3.81530639358311e-05	0.307707343092209	0.0687308900730151	5.50014598163712	0.0324374039524488	0.00478814999414881	0.00291369452837019	0.0141075910067667	0.0141075910067667
YDR085C_mRNA	7.61781054294072e-06	3.83590010571933e-05	-0.457384972405563	0.102194018929465	6.31499975952414	0.0947764421471516	0.00200575376613136	0.0397687162536918	0.0136599164238023	0.0397687162536918
YGR249W_mRNA	7.72342407661635e-06	3.88572268310595e-05	-0.475369900895344	0.106282282492509	5.90974656643285	0.102431859382052	0.00279536193315378	0.0423883323541159	0.0134801534607547	0.0423883323541159
YPL040C_mRNA	7.76349710016052e-06	3.90251372782875e-05	-0.29279616613294	0.0654789970074128	5.64034742016744	0.0348056304605437	0.00347524411599319	0.00932233283397557	0.0136747520803939	0.0136747520803939
YGR009C_mRNA	7.9373222588523e-06	3.98645167931668e-05	0.280173494493375	0.0627225877895123	7.06061612247986	0.0313687483558832	0.000989411505628794	0.0101921940137805	0.0147470805704235	0.0147470805704235
YBL041W_mRNA	8.21648860298369e-06	4.12222212891154e-05	0.291486741561427	0.0653636275417842	7.69098900404323	0.0386075130085317	0.000435093399124578	0.0166545218225598	0.0163066537444523	0.0166545218225598
YFL022C_mRNA	8.22711249309295e-06	4.12222212891154e-05	-0.28709022235927	0.0643817411535321	7.58682041792078	0.0302807780335066	0.000548018485578292	0.00834687347195152	0.0160320158902633	0.0160320158902633
YPR016C_mRNA	8.22887802252681e-06	4.12222212891154e-05	-0.377984138590229	0.0847661330645055	7.24360160923666	0.0649243123817946	0.00077565756977081	0.027965531689067	0.0151491804164336	0.027965531689067
YMR264W_mRNA	8.23916333315893e-06	4.12382865798831e-05	0.286107469178212	0.0641658676850904	6.44593388001824	0.0371997610614637	0.0016348662770262	0.0148341680260959	0.013798166636333	0.0148341680260959
YBR030W_mRNA	8.44530572417278e-06	4.22337778103267e-05	-0.346612916920291	0.0778280569291233	5.69984920228658	0.0546510411762861	0.00342566522631903	0.0208031605551324	0.0135700699816982	0.0208031605551324
YKL069W_mRNA	8.53746840708921e-06	4.2658053979161e-05	0.326207118077745	0.0732845008704043	5.17765459883041	0.0484265964891008	0.00565620625979431	0.0158262660115029	0.0157784881552009	0.0158262660115029
YPL268W_mRNA	8.69199632094737e-06	4.33929482140869e-05	-0.285506783415939	0.0641964807438639	5.81860509961589	0.0282134679105972	0.00299141899800178	0.00394754708434787	0.0134933335615874	0.0134933335615874
YML126C_mRNA	8.70662804333839e-06	4.34287799490492e-05	-0.285470421512044	0.0641935215775896	7.54062489326094	0.031105726687308	0.00057234515180085	0.00947140156795376	0.015910887698329	0.015910887698329
YJR008W_mRNA	8.97490053546352e-06	4.47286317533024e-05	-0.335595800982199	0.0755760841696052	5.75070436629425	0.0513570572305709	0.00325076653833697	0.019596211455308	0.0135211641084806	0.019596211455308
YLR001C_mRNA	9.16236884018705e-06	4.56238981734443e-05	0.317830613288365	0.0716471779988525	6.0469825977706	0.046102067294946	0.0027950790054903	0.0177381934553067	0.0134580170911442	0.0177381934553067
YDR354W_mRNA	9.31495827616963e-06	4.63441049675186e-05	0.309378333059609	0.0697978112229958	6.78219153086666	0.0437117960768094	0.00125664350122036	0.0182302943048635	0.0142745398194607	0.0182302943048635
YBR006W_mRNA	9.3599740021801e-06	4.6528334928926e-05	0.279365685005823	0.0630415387028168	6.0874272377166	0.0353251206778023	0.00241958898470987	0.0131301300390004	0.0134773534233651	0.0134773534233651
YBL072C_mRNA	9.53081111041318e-06	4.73157412210139e-05	-0.320932965815747	0.0724854017729984	9.34561630324102	0.0384952919751016	0.000212820355862727	0.0116041443182344	0.0208037135249093	0.0208037135249093
YGR202C_mRNA	9.53461726630113e-06	4.73157412210139e-05	-0.274961078892607	0.0621034739536034	6.44462029796015	0.0285828551534329	0.00163095169549285	0.0073925088529606	0.0137964142129308	0.0137964142129308
YDR300C_mRNA	9.61079179754556e-06	4.7653168521277e-05	-0.27487951374903	0.0621091415448887	6.58729065660199	0.0266549657820042	0.00142399100140481	0.0055466874567701	0.0140061908523673	0.0140061908523673
YPL003W_mRNA	9.62920774296075e-06	4.77038812164025e-05	0.275459271825034	0.0622459497906073	6.32628674041921	0.0264313297158284	0.00182998299395567	0.00480992443460961	0.0136682500673836	0.0136682500673836
YJR077C_mRNA	9.64858863716904e-06	4.77592841122743e-05	0.307099340344513	0.0694025113384922	7.43391233266824	0.0431317133230103	0.000552816360835584	0.0187140179595226	0.0156327361173989	0.0187140179595226
YDR313C_mRNA	9.74219080574516e-06	4.81816669221319e-05	0.311117364166663	0.070343699479062	5.35324843113745	0.0339762475749488	0.00505434040318014	0.00369334934540436	0.0147386038224222	0.0147386038224222
YOR359W_mRNA	9.94853218667625e-06	4.91604313143137e-05	-0.76493336397108	0.173128864597439	4.93156083035477	0.267934267709678	0.00807783596373385	0.11181657906346	0.0178633018411709	0.11181657906346
YGL115W_mRNA	1.00116210870232e-05	4.94302580110146e-05	-0.274663432519482	0.0621843481851071	6.40324127339123	0.0298620969971841	0.00172323986263736	0.00871757801623592	0.0137443327741891	0.0137443327741891
YOL144W_mRNA	1.00534966022969e-05	4.95949798518048e-05	-0.507380244014647	0.114895378271059	5.54121191880557	0.117932795543748	0.00387194240737949	0.048931849384819	0.013964288164894	0.048931849384819
YKR085C_mRNA	1.01264317441541e-05	4.99125138252469e-05	-0.454752983339106	0.103014501735953	5.71821834454595	0.0947648271484028	0.00340009024346201	0.0390478600281646	0.0135487730008939	0.0390478600281646
YER165W_mRNA	1.01587745778714e-05	5.0029603288824e-05	-0.300054106862687	0.0679814255224561	8.41462302991462	0.0309275351029683	0.000227138828596173	0.00718594391167995	0.0182587580356648	0.0182587580356648
YDL083C_mRNA	1.01834197060793e-05	5.01086175740016e-05	-0.406095526304694	0.0920175131365469	8.26750009758566	0.0755879185648988	0.000254917527961472	0.0336139733673769	0.0178571590154274	0.0336139733673769
YBR084W_mRNA	1.02257097608243e-05	5.02742490013184e-05	-0.333211129824099	0.0755179265875412	7.41882513559479	0.0508989488916773	0.000596490374328394	0.0222153385699967	0.0155936039215725	0.0222153385699967
YKR101W_mRNA	1.03065486660944e-05	5.06289650326022e-05	0.343835409057792	0.0779558974602995	4.99616905029855	0.0511396512342806	0.0070618625768788	0.0139526813107249	0.0172466252184841	0.0172466252184841
YLR287C_mRNA	1.0465060944326e-05	5.13643176593455e-05	-0.401516691107524	0.091101937095749	4.95851512963506	0.0739758758491477	0.00789032593226333	0.0253079258381279	0.0176003944912048	0.0253079258381279
YIL053W_mRNA	1.05297854304499e-05	5.16384931968022e-05	0.364919893260929	0.0828234328774043	9.61048626220889	0.0611206994581173	6.5351262110857e-05	0.0273735328722808	0.0215135318734336	0.0273735328722808
YPR127W_mRNA	1.05700613906157e-05	5.17924118265155e-05	0.275629817239164	0.0625696111615189	6.27305854993885	0.0301661205184891	0.00202831993280456	0.00858629600806381	0.0136315050308101	0.0136315050308101
YKL029C_mRNA	1.0630140815951e-05	5.204302554095e-05	-0.459847721930304	0.104417299113175	7.0561993070591	0.0970937440858009	0.00102993832417	0.042581951092191	0.0147382710272221	0.042581951092191
YCL016C_mRNA	1.07005604235434e-05	5.23437993514391e-05	0.318022893322125	0.0722367208062732	5.33249209857071	0.0464513531564758	0.00524523194566146	0.0156273433857124	0.0148441055558004	0.0156273433857124
YDR413C_mRNA	1.0722189779482e-05	5.24056020597835e-05	-0.655070592072495	0.148809599951515	4.59963269143682	0.197103370433714	0.039969145992353	0.0486080421585668	0.0216555495225055	0.0486080421585668
YEL054C_mRNA	1.0884505926632e-05	5.31543432762433e-05	-0.436749407921004	0.0992880366865372	8.13164045502501	0.0876703052070101	0.00033547215909623	0.0390969847571724	0.0174879625600273	0.0390969847571724
YDL054C_mRNA	1.12599034427952e-05	5.49415389093175e-05	0.291919425249204	0.0664745486691292	6.03436936647318	0.0392216185409408	0.00275821339816146	0.0149172490848963	0.0134544153806441	0.0149172490848963
YOL026C_mRNA	1.13015719950106e-05	5.50987099940852e-05	0.375812940540793	0.0855940464220498	5.19582426340206	0.065014436596938	0.00616077858789871	0.0231445845437014	0.0156543738820963	0.0231445845437014
YML063W_mRNA	1.13302376950428e-05	5.5192278270334e-05	-0.315935767867839	0.0719656265218177	9.27735927695348	0.0384954954925516	9.71895373203238e-05	0.0126292957994875	0.0206190160653907	0.0206190160653907
YJR064W_mRNA	1.14040321595378e-05	5.55053394832642e-05	-0.283372297137583	0.0645689016879418	7.66972623755071	0.0347918646756513	0.000426140808229866	0.0139080402628164	0.0162504314525185	0.0162504314525185
YNL058C_mRNA	1.17319898178655e-05	5.70539003997367e-05	-0.337555871625624	0.0770234154952675	6.04018337923493	0.0525334554540607	0.00257636479700037	0.0211540613412261	0.0134559159572828	0.0211540613412261
YMR302C_mRNA	1.18808565708088e-05	5.7729666706866e-05	0.272599866762725	0.0622407832655142	6.74736981906479	0.0313376193336528	0.00126833287942053	0.0110760628754774	0.0142273275265983	0.0142273275265983
YDR329C_mRNA	1.19996843035737e-05	5.82584672938501e-05	0.272216559551661	0.0621840640130953	6.53513788520927	0.0266336771232633	0.00154062066295544	0.00582350331364295	0.0139268106057835	0.0139268106057835
YJR047C_mRNA	1.20135436000837e-05	5.82771898535284e-05	-0.63055144721301	0.144048936387715	5.81625869790078	0.183492392699859	0.00326791699858767	0.0797324672991406	0.0134938355598584	0.0797324672991406
YNL233W_mRNA	1.20321728968638e-05	5.83190010791419e-05	0.311491141391908	0.0711653762431026	6.00187826711349	0.0447813018739057	0.00261346866088924	0.0176445744424002	0.0134515420702651	0.0176445744424002
YCR034W_mRNA	1.20484860106493e-05	5.83495257672839e-05	-0.272253781092485	0.062205141743143	6.91357255352062	0.0297523365239967	0.00100139578398134	0.00969835868625664	0.0144765228531567	0.0144765228531567
YOL098C_mRNA	1.21924959469874e-05	5.89979081288612e-05	-0.272408358124025	0.0622773364478873	6.86795476936406	0.0323954067063785	0.00111173917602795	0.0123958212734271	0.0144021273641454	0.0144021273641454
YDR232W_mRNA	1.22843037429592e-05	5.93928245696931e-05	-0.301256627321954	0.0688983421043177	7.2003025475736	0.0419235459017411	0.000749306818319677	0.0182386193605747	0.015047483545577	0.0182386193605747
YFR056C_mRNA	1.23398149590428e-05	5.96117429115946e-05	-0.915431268528253	0.209409154822036	2.66869515396374	0.342883733640767	0.0966153072511176	0.0313274338213482	0.0787934692419998	0.0787934692419998
YKR098C_mRNA	1.23815410604438e-05	5.97637599156134e-05	0.352258820879706	0.0805944284469124	6.33505381674561	0.0573393982509716	0.00185886815254118	0.0241229794341967	0.0136752732299813	0.0241229794341967
YPL272C_mRNA	1.24146047084446e-05	5.98737475425481e-05	0.325146902846698	0.074401317534815	5.14648302612133	0.0395014762619036	0.00614082792468975	0.00597632280426412	0.0160013962789757	0.0160013962789757
YPL224C_mRNA	1.24729520012962e-05	6.01053915298193e-05	0.277578202846424	0.063531357372707	6.71006799905408	0.0356151802320296	0.00120703413929355	0.0149378993391809	0.0141797047209137	0.0149378993391809
YER010C_mRNA	1.32075099997995e-05	6.35925233544064e-05	0.334160774950248	0.0767015144356543	6.08428115787177	0.0517405695865256	0.0022327224182596	0.0212997668486319	0.0134754741107749	0.0212997668486319
YAR008W_mRNA	1.34891572370404e-05	6.48949876655637e-05	0.358985037633666	0.0824870723573596	5.18456471116773	0.0597674391280215	0.00599946580501895	0.0212170026193341	0.0157307867933049	0.0212170026193341
YLR186W_mRNA	1.39116923285025e-05	6.68725408464154e-05	-0.474646152405277	0.109233327546363	6.02717914732487	0.104622892759746	0.00240231269027729	0.0453253666971266	0.0134529532059039	0.0453253666971266
YML094W_mRNA	1.39269342756009e-05	6.68906175512373e-05	-0.313700811640174	0.0721979499221439	5.33415595647006	0.0457023506253732	0.00505532801160709	0.0157948478802345	0.0148354880985117	0.0157948478802345
YBR212W_mRNA	1.40028161293829e-05	6.71996760871374e-05	0.431450789794535	0.0993252680094604	7.58682107446573	0.0864711755003849	0.000586965935584607	0.0388750695250199	0.016032017614751	0.0388750695250199
YOR127W_mRNA	1.41285445863181e-05	6.7747243423777e-05	0.372134109939401	0.0857085739452501	6.85421200812891	0.06435392822629	0.0012388949174518	0.0281449436734618	0.0143806029181492	0.0281449436734618
YLR093C_mRNA	1.41637212614361e-05	6.78600658463213e-05	0.270300279736936	0.0622624100499308	6.76397860710267	0.0317576780801702	0.00125691613745729	0.0118942414553348	0.0142495146834456	0.0142495146834456
YPL235W_mRNA	1.44596730728055e-05	6.9221080790604e-05	-0.270221203803068	0.0623094313129501	6.90468768234628	0.0263546293856769	0.00106818283349388	0.00630620608408005	0.0144616780886791	0.0144616780886791
YJL225C_mRNA	1.47706874531139e-05	7.06519089506087e-05	0.456289817884968	0.105328100864063	7.69253467367124	0.0969377390795523	0.0129894157010301	0.0313866196254911	0.0163107439352308	0.0313866196254911
YLR152C_mRNA	1.51133625825629e-05	7.22317066497225e-05	-0.275474979047617	0.0636637604828022	5.9389069908677	0.0267523360007841	0.00273982370742976	0.00424154655590016	0.0134724738878167	0.0134724738878167
YPR134W_mRNA	1.54563081830133e-05	7.38102061264223e-05	0.291409073606518	0.0674232955841626	5.52615629085837	0.0334495664435613	0.00416833319808259	0.00740784565424487	0.0140152699516348	0.0140152699516348
YLR072W_mRNA	1.54788546502505e-05	7.38573359478782e-05	0.268271119095982	0.0620744867804739	6.70881861417418	0.0258712084334251	0.00123481317525327	0.00592165490598491	0.0141781544609837	0.0141781544609837
YFL007W_mRNA	1.60197807204181e-05	7.63758121744321e-05	-0.270015571371385	0.062587952735753	7.13657278568281	0.0227644368955937	0.000763818480116549	0.00279567568430089	0.0149051888304948	0.0149051888304948
YPR187W_mRNA	1.60351531261632e-05	7.63865920793352e-05	-0.319174663991681	0.07398636316171	6.58006350972868	0.0476021901890007	0.00134604543453384	0.0205498823010519	0.0139952008016105	0.0205498823010519
YPL131W_mRNA	1.63931933064261e-05	7.80283857869598e-05	-0.318207300491747	0.0738456905949164	9.70170852256937	0.0357612922622623	5.78569236206522e-05	0.00932756018987606	0.0217548871541398	0.0217548871541398
YER145C_mRNA	1.65494870653682e-05	7.87080095043554e-05	0.344145441752187	0.07990402713682	7.84608366387125	0.0554189959510269	0.00041254022643828	0.0251260739842884	0.0167191180055434	0.0251260739842884
YKL056C_mRNA	1.66313320579318e-05	7.90327410844297e-05	-0.514862941849869	0.119571694698083	9.15830506368265	0.124065949683174	9.83751439462134e-05	0.0570911855479401	0.0202955285094519	0.0570911855479401
YOL007C_mRNA	1.68769905870069e-05	8.01347572615341e-05	-0.303556935704373	0.0705512122533212	5.74137814366917	0.0431550514453369	0.00335745314942728	0.0165524410522254	0.0135279051463621	0.0165524410522254
YER014W_mRNA	1.7023722590824e-05	8.07656415424599e-05	0.275858165134704	0.064142188872425	6.10894467488158	0.0330562127046534	0.0029652621117607	0.0107099008513719	0.0134916194616227	0.0134916194616227
YDR084C_mRNA	1.74859059798812e-05	8.28908773301772e-05	0.274250582631784	0.0638565810571307	5.82374025839551	0.0304271826190884	0.00281834173750243	0.00829267333327141	0.0134923100397212	0.0134923100397212
YNR033W_mRNA	1.75533272969984e-05	8.31428331970021e-05	-0.267160541663133	0.0622181037991675	6.57330274307307	0.02993343232322	0.00149946899666277	0.0101792784862906	0.0139849007647931	0.0139849007647931
YEL029C_mRNA	1.75811687035913e-05	8.32070583810907e-05	-0.344626808248025	0.0802655314235737	4.92514018347053	0.0525000821560511	0.00784313375426196	0.0144733437091582	0.0179270883845728	0.0179270883845728
YOL041C_mRNA	1.76326230869105e-05	8.33828426171594e-05	-0.500722240746008	0.116638658830216	6.2557373604142	0.117649823106577	0.00206388076160688	0.0523544261732388	0.0136178957579613	0.0523544261732388
YPL145C_mRNA	1.78938997647493e-05	8.45497648251657e-05	-0.285013435243281	0.0664418128977369	6.83873353162537	0.0381428963426949	0.00114778422226943	0.0165102737822821	0.0143568528047257	0.0165102737822821
YBL054W_mRNA	1.81237923457186e-05	8.5566624154098e-05	-0.830640076773564	0.193765410173064	5.01305501569991	0.324158244174905	0.00754051956908919	0.142639617149054	0.0170932216739286	0.142639617149054
YJL218W_mRNA	1.82121472786119e-05	8.59141457855815e-05	0.329822083340118	0.0769577958148615	5.03074624067677	0.049803874253443	0.00675394780661024	0.0155266012767029	0.0169360615401174	0.0169360615401174
YMR172W_mRNA	1.83317517067895e-05	8.64084024625854e-05	0.267665560083852	0.0624759514275262	6.2627426895787	0.0264222398840209	0.00198944720649871	0.00585013779638019	0.0136235308205997	0.0136235308205997
YCL051W_mRNA	1.87268385287243e-05	8.81993219630945e-05	0.267011789027016	0.0623924368745635	6.96866103165443	0.0308467306166944	0.000998873077044027	0.0116811110181549	0.0145723916395416	0.0145723916395416
YMR250W_mRNA	1.87655461802036e-05	8.8310235901346e-05	-0.537131052636564	0.125524475855075	6.53800847119712	0.135759809132837	0.00158154040410278	0.0614440357506621	0.0139311576083942	0.0614440357506621
YJL061W_mRNA	1.87825485378363e-05	8.83189086210122e-05	-0.357040999460146	0.0834423846015456	5.9311468121214	0.0599880311913044	0.00280961358180442	0.0250409126101646	0.0134749445873652	0.0250409126101646
YMR279C_mRNA	1.94460075432053e-05	9.129124894981e-05	-0.372999970475126	0.087329928093001	4.69732630074017	0.0575443583729068	0.0100574241718864	0.0118461089492437	0.0204486411910285	0.0204486411910285
YOL058W_mRNA	1.94351822106555e-05	9.129124894981e-05	0.311379461479988	0.0729006907935056	6.25067298881386	0.045696085089587	0.00191230480068773	0.0193457380719935	0.0136137233733048	0.0193457380719935
YKL042W_mRNA	1.96011861232953e-05	9.19456605107234e-05	0.307455152258225	0.0720139048721803	5.24881667290532	0.0364288266115415	0.00542877415453171	0.00659391988636907	0.015315235825226	0.015315235825226
YDR036C_mRNA	1.97198195796039e-05	9.24277303867839e-05	-0.27143235829098	0.0635964926078177	5.94285599491009	0.0249394112847604	0.00270697928528188	0.0029636684834177	0.013471076202783	0.013471076202783
YIR025W_mRNA	2.04257076010349e-05	9.56593026395732e-05	0.282165245546115	0.0662330850685318	5.61654015575373	0.031494905110452	0.00381233859206709	0.00718442379938889	0.0137349476387144	0.0137349476387144
YPR143W_mRNA	2.04528842293744e-05	9.57096413817953e-05	-0.489733716728701	0.114963973476197	6.16159512361615	0.113299500284002	0.00255858440778247	0.0503082763819606	0.0135343064354222	0.0503082763819606
YDL173W_mRNA	2.08342918370141e-05	9.7416199231496e-05	0.420985212121666	0.0989213469916736	7.05098441501416	0.0837932291451154	0.00120120950691741	0.0379405220556709	0.0147279240710522	0.0379405220556709
YOR374W_mRNA	2.09144057927697e-05	9.77123722122503e-05	0.51419109293182	0.120846858665783	8.83570430299045	0.125026124144493	0.000159331892903234	0.058256521104648	0.0194132271215511	0.058256521104648
YAL037C-B_mRNA	2.10390918236357e-05	9.82161450036071e-05	-0.414265978298785	0.0973925816862438	9.85620007147383	0.0811761894189367	0.000206288454142443	0.0377349714159042	0.0221591826582401	0.0377349714159042
YCR019W_mRNA	2.14118469702887e-05	9.98762373490006e-05	0.312647809904609	0.0735704969813068	5.21250249094467	0.0331497831968861	0.00610643202973424	0.00148300624174422	0.0155440400745717	0.0155440400745717
YLR027C_mRNA	2.14518675758775e-05	9.99828643976499e-05	0.282167435161465	0.0664045659039359	8.06767592260909	0.034592554278756	0.00032344471381395	0.0139918744518248	0.0173148207777467	0.0173148207777467
YMR079W_mRNA	2.16430645703508e-05	0.000100793360660962	-0.264211938810931	0.0622080736669162	6.44850791490645	0.022648707899329	0.00167776138918364	0.00264358318574552	0.0138016163282102	0.0138016163282102
YKR056W_mRNA	2.23331854273649e-05	0.000103924231868872	-0.489068114080765	0.115341117145021	5.67980126354026	0.113450039058714	0.00358285813298971	0.049631435084056	0.0135987961013085	0.049631435084056
YJR058C_mRNA	2.26349636329629e-05	0.000105244451816155	0.349742123745661	0.082541343557297	5.67729561057579	0.0580540215118767	0.00363318652879871	0.0236191070561762	0.0136028227311237	0.0236191070561762
YJR039W_mRNA	2.27178811632715e-05	0.000105448930166492	0.265435456139455	0.0626565849366028	6.20360885504554	0.0333637331139082	0.00213111471186052	0.0134854618027667	0.0135722758318104	0.0135722758318104
YLR347C_mRNA	2.27332400084302e-05	0.000105448930166492	-0.316154619892141	0.0746316225337927	6.40408706445582	0.0474485468873373	0.00175838067053726	0.0205211356575688	0.0137453305600371	0.0205211356575688
YMR034C_mRNA	2.27107131513981e-05	0.000105448930166492	0.483738478867957	0.114185551290876	4.85534362832383	0.111077247378107	0.00885650715954376	0.0432968533348615	0.0186481983486893	0.0432968533348615
YML096W_mRNA	2.27793967567877e-05	0.000105578970171078	-0.282796286082028	0.0667642189462199	5.51829090271614	0.0351490495223121	0.00378722903954321	0.011022827042423	0.0140426146864519	0.0140426146864519
YCR002C_mRNA	2.30139162935162e-05	0.000106581141753597	0.264074609553929	0.0623781933781952	6.7134665787079	0.026697318882264	0.00138023855536322	0.00729963184390254	0.0141839174811469	0.0141839174811469
YGR126W_mRNA	2.33075895970647e-05	0.000107855454322875	-0.764550156255463	0.180719376331037	2.98698085072499	0.258451034747796	0.0688831523618128	0.0410181158878958	0.0617548195641034	0.0617548195641034
YJR101W_mRNA	2.34042591775156e-05	0.000108216836482703	-0.274434222497583	0.0648832498761292	5.76668044476718	0.0341683422125189	0.00332779110620432	0.0117628205563936	0.0135115533517486	0.0135115533517486
YJL177W_mRNA	2.36146366206997e-05	0.000109102992031876	-0.356633489192337	0.0843574136082547	8.26397599191685	0.0604836988914503	0.000258488037592606	0.028206204885104	0.0178475601164863	0.028206204885104
YEL069C_mRNA	2.37081011014713e-05	0.000109361359475195	-0.630374092325781	0.149138865984087	3.55137850015293	0.177687978256321	0.0477894973453166	0.0290557661362978	0.0411801080427611	0.0411801080427611
YGL174W_mRNA	2.37074253966058e-05	0.000109361359475195	0.343796114019461	0.0813378680507253	4.87242223110142	0.0418490336677268	0.00799622346306519	0.00307180746239008	0.0184671716530836	0.0184671716530836
YGL073W_mRNA	2.43785440754717e-05	0.000112365029892166	0.264078008844229	0.0625706479460809	7.09780276755268	0.0288137180432666	0.00083741789276595	0.0101095100806961	0.0148229260448036	0.0148229260448036
YCL054W_mRNA	2.45184228331582e-05	0.000112920420099588	-0.705963207721236	0.167322072205673	6.4205576099719	0.237423336671163	0.00164138023240271	0.110345323156399	0.0137653459733017	0.110345323156399
YIR037W_mRNA	2.47639358804705e-05	0.000113961050900175	0.295672059442922	0.0701153038105286	6.47068520462531	0.0416661728889112	0.00166314529043957	0.0180014780233314	0.0138321384979013	0.0180014780233314
YPL160W_mRNA	2.55555537027446e-05	0.000117511172748374	-0.276403822581753	0.0656566641751572	7.89807678129928	0.033491645133645	0.000384928315766452	0.013670670573766	0.016858261886671	0.016858261886671
YOR226C_mRNA	2.57708813608128e-05	0.000118407850795028	0.367803169466578	0.0874069341870994	5.65497759165397	0.0645970083961311	0.00385169731917108	0.0267081912567806	0.0136433365214738	0.0267081912567806
YDR020C_mRNA	2.58245451240388e-05	0.000118560914021001	-0.428306029291722	0.101796568831826	4.26970568418812	0.0696343707680044	0.0153269003347906	0.00686819556588796	0.02612326536894	0.02612326536894
YBL087C_mRNA	2.59214620600326e-05	0.000118912155875394	-0.402952690118571	0.0957900567942032	8.0433496748465	0.0775549760540551	0.00031782113228666	0.0363851187902601	0.0172491015455378	0.0363851187902601
YKR075C_mRNA	2.59839740926591e-05	0.00011910243169477	0.282569470044579	0.0671812126849853	8.23620220497172	0.0365840290577239	0.000281312294626693	0.0161028601525706	0.0177719490566742	0.0177719490566742
YLR046C_mRNA	2.60038264874266e-05	0.00011910243169477	0.313393914503346	0.0745128188312072	5.1169696408946	0.0429794019081917	0.00598470087768353	0.0120030166960275	0.0162239398030057	0.0162239398030057
YLR279W_mRNA	2.62378041430909e-05	0.000120079691231459	0.795472408146329	0.1892233846777	2.98539031343475	0.292672168233525	0.0813934417796397	0.051390637864246	0.0618285154558994	0.0618285154558994
YEL058W_mRNA	2.63252499295454e-05	0.000120385326600888	0.27089060832493	0.0644497756865313	7.6314608797489	0.0343419726439455	0.000465633908969767	0.0153631305870717	0.016149460435207	0.016149460435207
YBR249C_mRNA	2.65311693036552e-05	0.000121231837147526	-0.338820092584394	0.0806452614504376	8.07752534850019	0.0548934052961677	0.000337010037637501	0.0256776227400002	0.0173414503342398	0.0256776227400002
YLR044C_mRNA	2.67298354221156e-05	0.000122043903737653	-0.336417230661568	0.0801055389916645	11.3890164633779	0.0451603664146414	1.11995922348981e-05	0.0160387492560242	0.0256563899163454	0.0256563899163454
YPR074C_mRNA	2.67776215012065e-05	0.000122166345235731	-0.289016969276717	0.0688255175720907	8.59516681603208	0.0325184740525054	0.000194511877282314	0.0107807650275738	0.0187532955989824	0.0187532955989824
YJL030W_mRNA	2.68767837507697e-05	0.000122522802920176	0.304952344611512	0.0726347933610803	5.47871142608935	0.0444952846337477	0.00449861509354847	0.0166046377328789	0.0141878222682423	0.0166046377328789
YMR312W_mRNA	2.6903436490782e-05	0.0001225484136007	-0.291709253998609	0.0694842155118945	5.40072089474855	0.0402845386362227	0.00479904592262237	0.0140503057966377	0.0145131788985912	0.0145131788985912
YBR038W_mRNA	2.73307380125827e-05	0.000124397562235396	-0.299940060190603	0.0715055840733589	6.02130603165243	0.0430791251889476	0.00256082051574742	0.0178913736989414	0.0134520943998648	0.0178913736989414
YBR115C_mRNA	2.73864978609111e-05	0.000124554048819413	-0.261223643609005	0.0622824668402522	6.94272384695635	0.0322198036648626	0.000989989539258841	0.0140347166787042	0.0145264331635696	0.0145264331635696
YCR069W_mRNA	2.78327484989542e-05	0.000126484861743297	0.261233387275586	0.0623392746065695	6.99363833268812	0.0254279535484682	0.000926711988541122	0.00681955749125306	0.014618028645352	0.014618028645352
YLR149C_mRNA	2.82201043744378e-05	0.000128145228437626	0.561969138292554	0.13420563507081	6.25336900178109	0.151457452581308	0.00215125006611574	0.0698933598729215	0.0136159543084667	0.0698933598729215
YDR119W_mRNA	2.84767023788591e-05	0.000129209710326505	-0.316315370727363	0.0755773785213165	6.50599078270976	0.0480060202070801	0.00150495283158093	0.0213428077450365	0.0138831571498049	0.0213428077450365
YPL256C_mRNA	2.85673520346603e-05	0.000129520150158701	-0.300810068528334	0.0718850895275762	6.25522552851394	0.0434216593806528	0.00210672787881761	0.018563136506733	0.0136174776789024	0.018563136506733
YLR135W_mRNA	2.87074349628706e-05	0.000130054056060408	0.292705654285856	0.0699669465631497	5.35156227971552	0.0335953353651606	0.00483448113119302	0.00668149245979014	0.0147470133142895	0.0147470133142895
YBR157C_mRNA	2.8918844760456e-05	0.000130910015209337	-0.296360410537347	0.0708688105628319	5.31675852009624	0.0375453060917154	0.00516255665168178	0.00997041617976616	0.0149269965906804	0.0149269965906804
YKL097C_mRNA	2.96099736714162e-05	0.000133934554821173	1.50580202764553	0.360546319442628	1.25800042957705	0.91293333037349	0.266064816186884	0.0642381102243172	0.253909777667617	0.253909777667617
YDR512C_mRNA	2.99118085410791e-05	0.000135169824857053	0.475774309395596	0.113981486577405	5.05581722434709	0.108865627582504	0.00753538177052097	0.0444317353590598	0.0167196846741195	0.0444317353590598
YPR137W_mRNA	2.99294668838996e-05	0.000135169824857053	-0.519215720255837	0.124392771500258	5.69548700686672	0.129657287088534	0.00380069631807658	0.0580935500879854	0.0135758105157667	0.0580935500879854
YPR135W_mRNA	3.00130740472483e-05	0.000135442424011827	0.266025484325416	0.0637436096164218	5.99487829381753	0.0223475435965375	0.00280073460303246	0.000923188304522824	0.0134522564646907	0.0134522564646907
YBR202W_mRNA	3.15142939453023e-05	0.000141997120282545	0.297265135329262	0.0714195342702237	6.57887173829331	0.042607215716689	0.00149502566967694	0.0189079738318257	0.0139933862311464	0.0189079738318257
YMR163C_mRNA	3.15058834113881e-05	0.000141997120282545	0.28733316424094	0.0690323146580766	5.43306055336795	0.0364632745289557	0.00469012803658732	0.0107889954522334	0.0143717138316195	0.0143717138316195
YLL007C_mRNA	3.17382721793292e-05	0.00014289580658174	-0.306707028362743	0.0737166379666616	5.20453515158296	0.033904594315389	0.00614024391953729	0.00330919249063536	0.0155963269328941	0.0155963269328941
YMR206W_mRNA	3.18340804712911e-05	0.000143216488668526	0.537783347704319	0.129276921719717	5.24286441663846	0.139516331711634	0.00628953195782155	0.060560557999482	0.0153516885037589	0.060560557999482
YGR283C_mRNA	3.2000832003585e-05	0.000143855592016116	-0.276404524966693	0.0664635310975137	5.60811475905517	0.0327363944261107	0.00391106162334361	0.00933522914118555	0.0137585422404571	0.0137585422404571
YHR201C_mRNA	3.2231371873701e-05	0.000144682369479329	-0.258126571375	0.0620929508747302	6.50785267110702	0.0277248619316012	0.00153622567491292	0.00913203300899893	0.0138859125184137	0.0138859125184137
YNR032W_mRNA	3.22344173676912e-05	0.000144682369479329	0.26176431787644	0.0629683463902371	6.05210898300682	0.026808566100485	0.00240021185534749	0.0067459495056528	0.0134598387331361	0.0134598387331361
YNL309W_mRNA	3.2293727812296e-05	0.00014483699633136	0.368304485522597	0.0886059213293748	5.65203389370394	0.0654832864482261	0.00379999440158431	0.0276040427769251	0.0136493352191051	0.0276040427769251
YOL040C_mRNA	3.24041536295526e-05	0.000145220460804441	-0.281932277971129	0.0678394114072619	8.3836103961043	0.0353141183242724	0.000234767521417087	0.0148915565797348	0.0181739754389178	0.0181739754389178
YER105C_mRNA	3.28075658380588e-05	0.00014668985308713	-0.269280117228524	0.0648391511150115	6.70286697316728	0.0350318396738725	0.00131581006447388	0.0155006520047873	0.0141706857787519	0.0155006520047873
YGL195W_mRNA	3.27868410224987e-05	0.00014668985308713	-0.274417061872019	0.0660737609701407	7.99979053566256	0.0249644058496945	0.000331357326737051	0.00490058498465806	0.0171316102282201	0.0171316102282201
YJR085C_mRNA	3.27782931482874e-05	0.00014668985308713	0.432796038007394	0.104206535556247	5.79097961192717	0.0904902504671445	0.00325218372159868	0.0401838244889426	0.0135009325867272	0.0401838244889426
YDR450W_mRNA	3.29677522129111e-05	0.000147293040178236	-0.378734264354941	0.0912187610258002	8.46710310795963	0.0693151242879006	0.000220252164620044	0.0330631972877082	0.018402357104542	0.0330631972877082
YBL040C_mRNA	3.31179518794115e-05	0.000147747035919492	0.257637952882974	0.0620680676499725	6.38370350789126	0.0303264579578451	0.00168761625178761	0.0118400701985522	0.0137221638354187	0.0137221638354187
YDL168W_mRNA	3.31200873516748e-05	0.000147747035919492	-0.257307962066336	0.0619887892755337	6.50598516756634	0.0223449827036967	0.0014872911351141	0.00353736537806644	0.013883148848272	0.013883148848272
YLR105C_mRNA	3.33770524337067e-05	0.000148779424237778	0.262248854413597	0.0632060513052902	6.01470418986477	0.0244331133153642	0.00252851640555532	0.00399997310626519	0.0134515032808726	0.0134515032808726
YOR066W_mRNA	3.34932442760648e-05	0.000149183211890178	0.273531326454843	0.0659379473251938	5.6600983680973	0.0350372824500861	0.00375797574105674	0.012405002154851	0.0136332758487834	0.0136332758487834
YIL082W_mRNA	3.356894147451e-05	0.000149406152047743	0.262041923222848	0.0631761643066091	6.10092703363813	0.0232992099423151	0.00247887969232493	0.00286571109549008	0.0134860312536577	0.0134860312536577
YNR054C_mRNA	3.36812893394628e-05	0.000149791749382985	-0.526467180833713	0.126950351811818	5.26623028785153	0.134079247479205	0.00542329584267263	0.0590422714579045	0.0152109001533324	0.0590422714579045
YDR297W_mRNA	3.4008723362541e-05	0.000151132587574496	-0.262921956208917	0.0634339328842199	7.36184280079599	0.0321716617916384	0.000649200882163769	0.0140695924498134	0.0154462544824751	0.0154462544824751
YMR317W_mRNA	3.41935020009677e-05	0.000151837913611005	0.261310379165109	0.0630640104838043	6.08137043410416	0.0286568291399661	0.00243449115637203	0.00875979313375944	0.0134737865168335	0.0134737865168335
YNR014W_mRNA	3.42466080834178e-05	0.000151957912181258	-0.324014775291403	0.0782036507259756	6.20470625402274	0.0508285142462197	0.00205077392712759	0.0224124700203539	0.0135732744710248	0.0224124700203539
YJL190C_mRNA	3.43201478166903e-05	0.000152168326621033	-0.42754892457863	0.103204724676788	8.28578415794338	0.0885106921725084	0.00026489665072709	0.0423399641317197	0.0179069779953916	0.0423399641317197
YOR375C_mRNA	3.44956557004169e-05	0.000152830182593634	0.293884672779999	0.0709599538025281	8.69153792277548	0.0418300297349878	0.000169677472662421	0.0199715827019653	0.019017679725069	0.0199715827019653
YJR048W_mRNA	3.45619684463332e-05	0.000153007620188706	-0.7191731683871	0.173666499532823	3.16222280710968	0.250520210391392	0.0515736487978243	0.0690665634421123	0.0542401528067903	0.0690665634421123
YCL057W_mRNA	3.47255476265355e-05	0.000153615064899162	0.262058199132339	0.0632985734541477	7.30175357363755	0.0261486254636956	0.0007346789310895	0.00766041985644595	0.015292158674231	0.015292158674231
YPL020C_mRNA	3.48393794759063e-05	0.000154001688032345	0.333474059925194	0.0805632530861163	6.36841322124046	0.053885620563317	0.00179355360511918	0.0241681973861513	0.0137060724577908	0.0241681973861513
YDR454C_mRNA	3.54075003339222e-05	0.000156394311558325	-0.266600222735293	0.0644651733886906	6.88666354775322	0.0344683463687955	0.00104690691677551	0.0155761274033603	0.0144320908292399	0.0155761274033603
YFR041C_mRNA	3.56022914102319e-05	0.000157135567996978	0.260662088999835	0.0630485134923668	6.05782379647592	0.0239046278447711	0.00243835955994194	0.00376096323323907	0.0134621006544467	0.0134621006544467
YNR057C_mRNA	3.60386536489914e-05	0.000158941102315688	0.443925219012363	0.107448636944321	4.42817172573894	0.0956540091231648	0.0133119244658263	0.0328689138589434	0.0238768244305524	0.0328689138589434
YNL302C_mRNA	3.72873488757522e-05	0.000164323823411598	-0.363837191584202	0.0882312775697772	8.52725909022487	0.064363765003256	0.000197639437372826	0.0309413939290074	0.0185671275135673	0.0309413939290074
YNL225C_mRNA	3.77282930105986e-05	0.000166141371942364	0.38633834331096	0.0937494034596623	5.56888907118531	0.0726140332263609	0.00395868722186232	0.0311971153743079	0.0138751294602253	0.0311971153743079
YJR124C_mRNA	3.79082440875497e-05	0.000166807726626937	-0.271894852916902	0.0659959419154046	5.64071756032552	0.035790238927547	0.00374795049726559	0.0134767880557623	0.0136739068999402	0.0136739068999402
YGL101W_mRNA	3.79589826461314e-05	0.00016690493048782	-0.294146640930562	0.0714023702897064	5.27439102123746	0.0342907696375642	0.00523002241604256	0.00678944608970961	0.0151631715159108	0.0151631715159108
YLR029C_mRNA	3.98416179096676e-05	0.000175050728462838	-0.298002517333764	0.0725349995650649	9.33784251292557	0.0433237510943774	8.39586140222234e-05	0.0209613460335936	0.0207827098812664	0.0209613460335936
YIL116W_mRNA	4.05504156505455e-05	0.000178030686948062	0.255501342426096	0.0622517937747098	6.49981998552652	0.0313028627090419	0.00162707809971433	0.0132600073795343	0.0138740652129616	0.0138740652129616
YDR046C_mRNA	4.14164248752099e-05	0.000181695851899829	-0.263586290044933	0.0642982371976007	7.57120830199724	0.0303510398630376	0.000546020524853909	0.0121221700999288	0.0159910327020218	0.0159910327020218
YPL162C_mRNA	4.22022881264273e-05	0.000185004161493277	0.307696236598924	0.07513803068071	5.08390843979608	0.0386561697776789	0.00609665405657601	0.00827010670032539	0.0164862405617252	0.0164862405617252
YNL035C_mRNA	4.27513143586569e-05	0.000187270043198147	-0.266451533759161	0.0651138914252598	5.74944206704397	0.0253545632418915	0.00343725020327875	0.00344366188657376	0.0135220252228833	0.0135220252228833
YLR362W_mRNA	4.2809143890133e-05	0.00018738247355666	0.258250282896789	0.0631145506711984	6.09357132275298	0.0296619745629989	0.00245260291040162	0.010272881659591	0.0134811831153075	0.0134811831153075
YMR316W_mRNA	4.29357832086094e-05	0.000187795700430449	-0.585226674598942	0.143049222642119	6.43812061683255	0.167726235211023	0.0017434370622373	0.0801088833318203	0.0137878251997675	0.0801088833318203
YGL256W_mRNA	4.32159719896658e-05	0.000188737820698495	-0.2738394123012	0.0669603191400214	6.26065874627379	0.0367358945280361	0.00180781643385718	0.0161269209234769	0.0136218719605072	0.0161269209234769
YHR062C_mRNA	4.31905471095033e-05	0.000188737820698495	-0.566014848154624	0.138399617192973	5.56574179110584	0.156942710634603	0.00395486126349579	0.0726629548931496	0.0138849752794592	0.0726629548931496
YDR253C_mRNA	4.34298320725122e-05	0.000189529739067008	0.365256845712525	0.089339096802116	4.6273213484327	0.0520121425900133	0.0106182544238625	0.00699116596833367	0.0213076424458089	0.0213076424458089
YGR042W_mRNA	4.37497117692991e-05	0.000190782799976	0.264464382596707	0.0647129683809098	5.78290659502147	0.0286642138654076	0.00324708694019429	0.00748131086924039	0.0135039861664803	0.0135039861664803
YJL104W_mRNA	4.43175062033917e-05	0.000193114279088227	-0.289463231372119	0.0708819765608324	5.33309102252737	0.0351047390450528	0.00525601804443093	0.00841649884201455	0.0148410003602507	0.0148410003602507
YDR518W_mRNA	4.5113924095298e-05	0.000196147707159442	0.254097380355945	0.0622849282860187	6.50443830259294	0.020627416472734	0.00163678531880653	0.00201673841519326	0.0138808638475715	0.0138808638475715
YGR158C_mRNA	4.51146459995971e-05	0.000196147707159442	-0.48787125719928	0.119588222174424	5.39649205457698	0.116863243722922	0.00524203847637669	0.0519633330549812	0.0145323886126168	0.0519633330549812
YPL011C_mRNA	4.5112747959086e-05	0.000196147707159442	0.268337416734115	0.0657753807003658	5.65392496254789	0.0307370472200176	0.00366013948405828	0.00869956276037827	0.0136454633410539	0.0136454633410539
YDL043C_mRNA	4.61835951474418e-05	0.000200419290851995	-0.334710533597997	0.082154780808322	4.86021560017205	0.047223854708702	0.0084013686256572	0.0101867210475361	0.0185962634129965	0.0185962634129965
YIL177W-A_mRNA	4.62003274312099e-05	0.000200419290851995	1.01860028344576	0.250020858143611	3.83300279621875	0.425616448384362	0.215893991188347	-0.0563182357581837	0.0341477268391231	0.0341477268391231
YJL225W-A_mRNA	4.62003274312099e-05	0.000200419290851995	1.01860028344576	0.250020858143611	3.83300279621875	0.425616448384362	0.215893991188347	-0.0563182357581837	0.0341477268391231	0.0341477268391231
YAL032C_mRNA	4.63341001956485e-05	0.000200850050401673	0.255408239016047	0.0627016692339564	6.13415657393071	0.0288920116720252	0.00221503490178785	0.0101025865875882	0.0135109623971101	0.0135109623971101
YER119C_mRNA	4.74010511186934e-05	0.000205322322540898	0.374519679222123	0.0920628897900731	6.54534718114129	0.0690461465588345	0.00159655528046006	0.0323057474255365	0.0139422966302944	0.0323057474255365
YNL256W_mRNA	4.86480158976766e-05	0.000210567117845367	-0.25247000907405	0.0621536686013398	6.32357689902053	0.0314085935903059	0.00178613866355469	0.0136541814741015	0.013666175418866	0.013666175418866
YDR314C_mRNA	4.91406839700415e-05	0.000212541666525213	-0.390104545690298	0.0960925125909113	4.40475286310784	0.0524209884268034	0.0127450088860268	-6.01088768043025e-05	0.024190075018111	0.024190075018111
YCR076C_mRNA	4.91978272823955e-05	0.00021263096568786	0.265477430233752	0.0653981068414336	5.73778934834184	0.0341161283332961	0.00357690912105392	0.0128394381036157	0.0135307403927203	0.0135307403927203
YER073W_mRNA	4.96787026697132e-05	0.00021455012731931	-0.405006861375119	0.0998258667509998	7.8304591170719	0.0809449091139098	0.000426921824845811	0.0394338928655077	0.0166773854414136	0.0394338928655077
YFR035C_mRNA	4.9746560733667e-05	0.000214684046543959	0.626156317131766	0.15434679522415	3.54308472319608	0.193491412860677	0.0359008031240177	0.0593909296598454	0.0414144836547838	0.0593909296598454
YBR154C_mRNA	4.99569063312896e-05	0.000215432225230269	-0.508705656107531	0.125425830083525	5.99525962581484	0.127739836929539	0.00277709441170631	0.0601494609968585	0.0134522045108473	0.0601494609968585
YPR188C_mRNA	5.00056487146101e-05	0.000215482921162218	0.294127167753029	0.0725237019929242	5.23755460665436	0.0398879813726964	0.00565419898582543	0.0123655551105154	0.0153845504172085	0.0153845504172085
YLL055W_mRNA	5.05025029194273e-05	0.000217373328821875	0.264276591068696	0.0652005264781697	5.71142406232483	0.0249231616700018	0.0034483078196674	0.00330018923050858	0.0135561267924546	0.0135561267924546
YMR004W_mRNA	5.05189645082078e-05	0.000217373328821875	0.254001793340101	0.0626667763903207	6.24833168646053	0.0255557538679887	0.00209673076538866	0.00685103094460285	0.0136117686872292	0.0136117686872292
YFL058W_mRNA	5.05762935515831e-05	0.000217459399432859	2.05552382039296	0.507167604655287	2.56405020792283	2.08699836937808	0.820178006139858	0.208697910707266	0.0855404113727442	0.208697910707266
YLR355C_mRNA	5.07312553347578e-05	0.000217964818274557	-0.279431570640112	0.0689574411640761	8.62166190683245	0.0348147333031857	0.000194548353655545	0.0147978079939291	0.0188259664139325	0.0188259664139325
YGR131W_mRNA	5.1156702947634e-05	0.000219630767408191	-0.411963554120889	0.101712400678981	4.23418424493879	0.0628971683160885	0.0147118930881729	0.00418822441508925	0.0266697567193532	0.0266697567193532
YKR092C_mRNA	5.24034494214601e-05	0.000224817743983377	-0.435835578825183	0.107756317749308	6.22713373362507	0.0940033567942237	0.0021077129921042	0.0443379830674549	0.0135934564129215	0.0443379830674549
YNL092W_mRNA	5.25951913313653e-05	0.000225474308091637	0.372059514808899	0.0920077428572982	4.7615566675653	0.0685184610665491	0.00964346413356585	0.024218234849213	0.0196912268929096	0.024218234849213
YDR287W_mRNA	5.26485449774946e-05	0.000225537075763885	0.265439438771475	0.0656451931401065	5.71930566558387	0.0340008148734625	0.0036895147792331	0.0126090452551008	0.0135476507503744	0.0135476507503744
YHR091C_mRNA	5.28128922844993e-05	0.000225989036677383	0.254701111158078	0.0630009040523042	6.08801751017413	0.0230776351191407	0.00239874335322193	0.00379224969581178	0.0134777122924086	0.0134777122924086
YLR339C_mRNA	5.2831628553827e-05	0.000225989036677383	-0.345071024538966	0.0853558647176776	7.90965951180866	0.0589527314560549	0.000472035959989745	0.0286704586068201	0.0168893150985067	0.0286704586068201
YDL082W_mRNA	5.30624395985436e-05	0.000226809811519527	-0.314040067673076	0.0776997689936281	8.0953740645872	0.0488380590739719	0.000306610462289442	0.0238424059443632	0.0173897368016075	0.0238424059443632
YNL082W_mRNA	5.34142197819329e-05	0.000228146073643359	0.296981377603348	0.073507288541063	5.1882312501043	0.0338744566944269	0.00590755563800303	0.0051870940651166	0.0157057302366333	0.0157057302366333
YDR479C_mRNA	5.36846922799421e-05	0.000229133345950874	0.250353038494915	0.0619842602778295	6.62166567288285	0.0263904334656371	0.00131033380849364	0.00905751808079286	0.0140578602802652	0.0140578602802652
YOL164W_mRNA	5.39526672566664e-05	0.000230108520817964	0.254240999823602	0.0629650824152812	6.02559589511848	0.0312092088684669	0.00240571494247007	0.0125645842762289	0.0134526914717825	0.0134526914717825
YGL092W_mRNA	5.41305082004231e-05	0.000230698127853449	-0.256108219314226	0.0634396494592898	6.85032274179078	0.0325161780612133	0.00108611554388641	0.0150122409501839	0.014374586110501	0.0150122409501839
YLR233C_mRNA	5.49544832756314e-05	0.000234038610792272	0.324697200269516	0.0805003080463757	4.93042490720159	0.040462594278396	0.00804664379160287	0.00518377240300368	0.0178745545906427	0.0178745545906427
YDR516C_mRNA	5.53949613659734e-05	0.000235742180363887	-0.409459815789517	0.10156224022257	8.64213770491066	0.0832175417847367	0.00019063292765681	0.0410689216284512	0.0188821372520735	0.0410689216284512
YHR132C_mRNA	5.68483425043383e-05	0.000241750688635237	0.254740132083272	0.0632812198942135	7.33057538851295	0.0247530817715143	0.000652343743118637	0.00732809104241719	0.0153657074220806	0.0153657074220806
YLR017W_mRNA	5.72563870360277e-05	0.000243308323028372	-0.367509428271281	0.0913329715614488	6.16714104482922	0.0671592382900549	0.00232495241035286	0.0310418943666248	0.0135392225184894	0.0310418943666248
YDR247W_mRNA	5.760882027549e-05	0.000244627541490528	-0.406220129914989	0.100989563673958	5.93454353277299	0.0820798084114509	0.00280819368247965	0.0379873742017461	0.0134739064059269	0.0379873742017461
YMR323W_mRNA	5.82662622215348e-05	0.00024705912933236	1.71760694909489	0.42729470477008	2.00789186830915	1.33200223720158	0.596039685253018	-0.011801182988201	0.134283373645183	0.134283373645183
YPR091C_mRNA	5.82565192142671e-05	0.00024705912933236	0.249594263754358	0.0620917736551331	6.90693154839612	0.0266614103618956	0.0009561424986052	0.00981042674654576	0.0144654109239559	0.0144654109239559
YOL086C_mRNA	5.84561436891228e-05	0.000247683995005694	-0.326228690009979	0.0811724601069458	11.7956555333554	0.0513896974932469	7.48004891779605e-06	0.0246457220693819	0.026348393070337	0.026348393070337
YBR028C_mRNA	5.8701970594883e-05	0.000248544826079788	-0.258288711564149	0.0642834041942427	5.83146515245415	0.025504975806411	0.00303848098504611	0.00522740494426042	0.0134909432341554	0.0134909432341554
YPL255W_mRNA	5.90027882557795e-05	0.000249637069265194	0.274510500508828	0.0683412091301339	5.45030123861329	0.0281970651424584	0.0043819459923401	0.00429890526326327	0.0143001374691347	0.0143001374691347
YMR158W_mRNA	5.98310200539447e-05	0.000252957563740408	-0.350995811402136	0.0874543133724838	4.6597555125169	0.0510221168532756	0.0096873049916093	0.00977980317351637	0.0209057227182011	0.0209057227182011
YGR203W_mRNA	5.99294131029075e-05	0.000253189819244046	0.434358397153083	0.10823543744	4.93223046546438	0.0940469216071974	0.00798397510632102	0.0388756645649919	0.0178566747621971	0.0388756645649919
YHR205W_mRNA	6.06738651682593e-05	0.000256149230775564	0.249732119709931	0.0622746251029736	6.72971971940163	0.0287401670901092	0.00130810281862155	0.0116660386022626	0.0142044129082421	0.0142044129082421
YIR007W_mRNA	6.08076700880352e-05	0.000256517266623161	0.252058610893008	0.0628629260770772	6.10114541819209	0.0217318202354125	0.00232081052094443	0.0028108416383368	0.0134861793789439	0.0134861793789439
YMR294W_mRNA	6.08491010081032e-05	0.000256517266623161	0.286522535000818	0.0714610280656211	5.29542151819653	0.0354900363387789	0.00538317854453857	0.00918609951464026	0.0150435355842434	0.0150435355842434
YBL055C_mRNA	6.10240470876379e-05	0.000257068762351828	-0.250301060866368	0.0624376590707969	6.20370723110509	0.0208816213275579	0.0020214797043459	0.00245150855494353	0.0135723653766183	0.0135723653766183
YDL205C_mRNA	6.1837431586704e-05	0.000259956233551808	-0.249531518297348	0.0622943091907188	6.25046775087891	0.0236315940583811	0.00190877117340156	0.00562051428235538	0.0136135526567939	0.0136135526567939
YHR069C_mRNA	6.18879670333603e-05	0.000259956233551808	-0.361513814825893	0.0902544859111471	5.5797070873286	0.0652625198637777	0.00380481222925858	0.0287786766790832	0.0138418503411544	0.0287786766790832
YHR090C_mRNA	6.1870680217461e-05	0.000259956233551808	0.311456140240916	0.0777559509041918	4.99823949623703	0.0399256937064626	0.00695631251868789	0.00810552294001663	0.0172276390853725	0.0172276390853725
YPL239W_mRNA	6.18434843996612e-05	0.000259956233551808	-0.263334196698122	0.0657404592365128	5.63700844110881	0.0316317070109126	0.00360473397119425	0.0104735523545992	0.0136824979513162	0.0136824979513162
YDR456W_mRNA	6.30883462692759e-05	0.00026480742461441	0.248631164664983	0.0621430122441686	6.81066496942908	0.0233037459790547	0.00113189798494571	0.0061742709804226	0.0143151178981698	0.0143151178981698
YER083C_mRNA	6.3807347252829e-05	0.000267632545064781	0.248077489761327	0.0620462192499672	6.64305231973774	0.0255724950003184	0.00130977163965744	0.0085057755960319	0.0140891616532025	0.0140891616532025
YOR312C_mRNA	6.40440172369737e-05	0.000268431974404754	-0.27387371921041	0.0685130890732478	8.52913346386534	0.0371487698797882	0.000203909517280517	0.0181678256184518	0.0185722639801546	0.0185722639801546
YAL049C_mRNA	6.50857231494884e-05	0.000272602029524744	0.249908585554887	0.0625777327513901	6.21069496399404	0.0242176024209665	0.00208517844207975	0.00601816668494318	0.0135787121031379	0.0135787121031379
YBR118W_mRNA	6.66215258184892e-05	0.000278633890465555	-0.321601424841993	0.0806414809359165	11.5662464646968	0.0481808034942345	3.86701877758468e-05	0.0220329117102182	0.0259735236023753	0.0259735236023753
YPR159W_mRNA	6.6585544391989e-05	0.000278633890465555	0.25893820908185	0.0649266074602536	7.7275432651185	0.0336147716278216	0.000458359072230156	0.0164006116368599	0.0164034983529613	0.0164034983529613
YIL018W_mRNA	6.6794816534796e-05	0.000279158250453172	-0.305231468672423	0.0765485511388345	9.76601516986925	0.0467204744022109	6.58403119094874e-05	0.0233728824139096	0.0219238939949313	0.0233728824139096
YNL047C_mRNA	6.72922900662832e-05	0.000281035757653166	0.259017931378764	0.0649874327856733	5.73081686485129	0.023804628685125	0.00335681251418847	0.00297949285537867	0.0135366531661011	0.0135366531661011
YER174C_mRNA	6.74261859543752e-05	0.000281393237371196	-0.256942942061675	0.0644744541112839	5.7806839538766	0.0289602244825699	0.00312291563269606	0.00904313189139756	0.0135049052990962	0.0135049052990962
YIR018W_mRNA	6.78083011136697e-05	0.000282785370285068	0.345829158264746	0.0868078232004455	4.73195898016057	0.0428428162370096	0.0101061399232035	0.00162607555756306	0.0200362527519957	0.0200362527519957
YDR123C_mRNA	6.91902030477485e-05	0.00028834200497581	0.510196526481727	0.128220578193592	4.98906042230136	0.130791394412322	0.00824083356732435	0.0575212331218722	0.0173121852504512	0.0575212331218722
YOR223W_mRNA	6.9474228249107e-05	0.00028931869462423	0.266609118992656	0.0670195601095531	6.08184220381151	0.0357234993205152	0.00226998890454101	0.015696496844571	0.0134740566493125	0.015696496844571
YJL110C_mRNA	6.99931611664565e-05	0.000291271540682697	0.265345824094922	0.066731690839863	5.77315163915436	0.0354005509966592	0.00336604297397386	0.0144464312754143	0.0135082905732718	0.0144464312754143
YOR215C_mRNA	7.05512460832715e-05	0.000293384410907309	0.274028108236226	0.0689479653236455	6.20722531328248	0.0377719762707502	0.00219005481399089	0.0168252328750916	0.0135755645037971	0.0168252328750916
YOL034W_mRNA	7.12698033520652e-05	0.000296161108651307	0.286429440281546	0.072112028815815	5.27160144055186	0.0344249460174395	0.00562117516632842	0.00782217434949973	0.0151794036334033	0.0151794036334033
YFL052W_mRNA	7.17212911353936e-05	0.000297824834037636	-0.410867442548449	0.103479968258054	4.75690053213976	0.0849934690602487	0.00912216324009579	0.0337102520826557	0.0197450312083833	0.0337102520826557
YLR383W_mRNA	7.29005898495418e-05	0.000302506293777372	0.307452550596792	0.0775100547504704	6.03894780909941	0.0476363709579642	0.00263600968668965	0.021395224662994	0.0134555738254842	0.021395224662994
YHR087W_mRNA	7.38357205212725e-05	0.000306168617620593	-0.582483259610373	0.146959069022138	4.50882165797251	0.171105146473674	0.0122611391789614	0.0741267326924529	0.0228212294903679	0.0741267326924529
YDL155W_mRNA	7.40479745133173e-05	0.000306830369498284	0.246488402127348	0.062199156695082	6.33609347827288	0.0203710482200456	0.00179880331003314	0.00266831053050333	0.0136761370642843	0.0136761370642843
YFR031C-A_mRNA	7.41350834368193e-05	0.00030697298941216	-0.299575267241305	0.0756005079078946	9.18279527928141	0.0452697215695312	0.000126341131074891	0.0227354060526516	0.0203621960543951	0.0227354060526516
YMR290C_mRNA	7.46327072798218e-05	0.000308814028843922	-0.388745311852431	0.0981429211877914	6.79040282630894	0.0762590344525509	0.00115273159642673	0.0373754003206654	0.0142860599486583	0.0373754003206654
YJL147C_mRNA	7.48425126915864e-05	0.000309462369724047	0.328941820557251	0.083058943952692	4.79386792312896	0.0465968428936264	0.00827222540893561	0.0107379001738017	0.0193229272732101	0.0193229272732101
YDR507C_mRNA	7.50875246879424e-05	0.000310255261582945	0.345121912230599	0.0871616509082483	6.41660845658168	0.0601251417995798	0.00168830161118113	0.0287003119450242	0.0137604482838999	0.0287003119450242
YBL029W_mRNA	7.53561175695122e-05	0.000311144394727128	0.305071891191392	0.0770634881544459	5.62249330516705	0.0469898121830715	0.00382464096930833	0.0199304838568133	0.0137187891222511	0.0199304838568133
YCL039W_mRNA	7.57134485881002e-05	0.000312398407559683	0.293152733300735	0.0740737657026119	6.80566489008623	0.0434014516684821	0.0012267240721959	0.0207209669892658	0.0143078638694238	0.0207209669892658
YAR018C_mRNA	7.60535411139028e-05	0.000313579568669213	0.266910288705337	0.0674610871020376	5.5114956961324	0.0260133652001795	0.00413735645165447	0.00337950562946182	0.0140666366403004	0.0140666366403004
YPR123C_mRNA	7.7472282810148e-05	0.000319203337801925	-0.85440801822013	0.216191554363883	5.87863757077285	0.369161625625242	0.00394153643077954	0.183013616282308	0.0134849100136394	0.183013616282308
YDR315C_mRNA	7.89326671378961e-05	0.000324932162455848	0.355883624732678	0.0901514884704742	4.60264643388241	0.0517302918810928	0.0108916797851931	0.00834701741515783	0.0216174837085751	0.0216174837085751
YOL014W_mRNA	7.89742433981257e-05	0.000324932162455848	-0.548849990014165	0.139037653985784	3.94556185526912	0.152500501520196	0.0206682992005721	0.0566575777029097	0.0317832982161105	0.0566575777029097
YGL045W_mRNA	7.94809323334815e-05	0.000326786105698563	0.271075278492315	0.0686969175458489	5.46860813744201	0.0322563313864211	0.00465009280326104	0.0089154603651371	0.0142269731179436	0.0142269731179436
YBL066C_mRNA	7.96140784088752e-05	0.000327102694506422	0.364091175485986	0.0922787342375398	5.73716462425555	0.0671406643097393	0.00354898728830445	0.0305124718816256	0.0135312481544249	0.0305124718816256
YOR087W_mRNA	7.96940359099977e-05	0.000327200460332379	0.245826178977377	0.0623083256378757	6.34798303171317	0.0217664580845644	0.0018428411186801	0.00421250389460535	0.0136864686565021	0.0136864686565021
YKR082W_mRNA	7.97563785454119e-05	0.000327225817891246	-0.307299005518286	0.0778932331787407	6.15696898798537	0.0478335092381479	0.002237092867706	0.0220323302324447	0.0135302471964237	0.0220323302324447
YPR063C_mRNA	7.98759890259146e-05	0.000327485933895129	0.335726545086848	0.0851067076082727	6.20888558317949	0.0570977164252884	0.00210399152227139	0.0268686151974087	0.0135770717328611	0.0268686151974087
YNL009W_mRNA	7.99741289757403e-05	0.000327657718293012	0.397711597576878	0.100827444871945	4.63222520768227	0.0801335855463533	0.0101176036789009	0.0305470908787198	0.0212464695764864	0.0305470908787198
YOR023C_mRNA	8.0447778394646e-05	0.000329366659822352	0.245200195029243	0.0621852211040988	6.63669624954376	0.0274262622673835	0.00138805866909497	0.0108191835767077	0.0140799482259677	0.0140799482259677
YER030W_mRNA	8.06050193145846e-05	0.000329778681549698	0.276053860635418	0.0700183320736303	6.09221495961352	0.0386244452109183	0.00230142103945217	0.0173088462660405	0.0134803199726863	0.0173088462660405
YLR466C-A_mRNA	8.16911810901191e-05	0.000333519846552932	0.894455416699042	0.227054655892157	4.58823132886092	0.395091214605354	0.184415296507879	0.0103108641514975	0.0217999705413444	0.0217999705413444
YLR467C-A_mRNA	8.16911810901191e-05	0.000333519846552932	0.894455416699042	0.227054655892157	4.58823132886092	0.395091214605354	0.184415296507879	0.0103108641514975	0.0217999705413444	0.0217999705413444
YOR396C-A_mRNA	8.16911810901191e-05	0.000333519846552932	0.894455416699042	0.227054655892157	4.58823132886092	0.395091214605354	0.184415296507879	0.0103108641514975	0.0217999705413444	0.0217999705413444
YCR093W_mRNA	8.19750349945494e-05	0.000334210324617386	-0.335751046333152	0.0852473441050953	7.00913425282752	0.0571915468243791	0.000998055678784333	0.0280703830291058	0.0146470217184944	0.0280703830291058
YGL135W_mRNA	8.19546485707025e-05	0.000334210324617386	-0.313884507743022	0.0796942122308674	9.23678367648182	0.0499839543158557	0.000260157991131277	0.0251445118612629	0.0205089435952043	0.0251445118612629
YGL252C_mRNA	8.22454640718017e-05	0.000335078373204417	0.248988631460344	0.06323101725467	7.30008388652948	0.0182697093739739	0.000704695087379542	0.00115703964287971	0.015287951084862	0.015287951084862
YHR031C_mRNA	8.2461422607132e-05	0.000335723443821909	-0.313228922258532	0.0795576480002675	5.46736539133069	0.0497931276570464	0.00453568094549516	0.0207819964758427	0.0142318486820516	0.0207819964758427
YLR057W_mRNA	8.29230254402193e-05	0.000337367001546591	0.254488035375874	0.0646599421457947	5.77110250239075	0.0295249788707798	0.00321434539763141	0.00991551477835492	0.0135092870755586	0.0135092870755586
YDR517W_mRNA	8.37237841128823e-05	0.000340387136246791	0.313208814196636	0.0796263309249084	7.50983443452134	0.0498305859632922	0.000544614728406536	0.0248167955778455	0.0158303894987446	0.0248167955778455
YEL020C_mRNA	8.39094165182132e-05	0.000340903947444289	0.257179829851404	0.0653910620345927	6.07496268817797	0.033601423679617	0.00243066836422272	0.0146732956118251	0.013470251002805	0.0146732956118251
YER002W_mRNA	8.50837392966429e-05	0.000345209531022684	-0.358445453125363	0.09121654591589	6.68958977986077	0.0653252155599482	0.00128160536621584	0.0320002276290869	0.0141535496276996	0.0320002276290869
YGR086C_mRNA	8.50876907910358e-05	0.000345209531022684	0.272602188816621	0.0693715055482834	8.71028652727887	0.0307752523956963	0.000180496678108043	0.0115610013608203	0.019069126450034	0.019069126450034
YHR028C_mRNA	8.52599504342255e-05	0.000345667690486985	0.247664844642584	0.0630332791831712	7.23336100721852	0.02754518452052	0.000768015769131959	0.0112195747109009	0.0151247613692024	0.0151247613692024
YDR348C_mRNA	8.7286073811606e-05	0.000353636068168579	0.248584020494402	0.0633583590485598	7.20479032074834	0.0314650556009943	0.000754488435228207	0.0153026382100767	0.0150578353013586	0.0153026382100767
YDL133W_mRNA	8.79141235751244e-05	0.000355933067372255	0.2446111840056	0.0623732263996035	6.26313270086369	0.0215589403004391	0.00193783791441062	0.00406541773873938	0.0136238395715742	0.0136238395715742
YNL189W_mRNA	8.83995867263663e-05	0.000357649994630423	-0.245115660335885	0.0625230154157262	7.02173013642954	0.019635032657283	0.000965537617480694	0.00290580110335203	0.0146709722092198	0.0146709722092198
YML130C_mRNA	8.90249400007497e-05	0.000359930118282004	-0.243732271778817	0.0621971019317938	6.66823127324328	0.0257200405928712	0.00134917026131234	0.00923503885777456	0.0141247476935435	0.0141247476935435
YAL056W_mRNA	9.0117500030571e-05	0.000364094698459159	0.244870860680915	0.062534594785027	7.07404223872162	0.0202312366947112	0.000868183217196797	0.003676216552676	0.0147741189625133	0.0147741189625133
YDR530C_mRNA	9.04537395433077e-05	0.000365199921399384	0.243141694540553	0.0621072548007723	6.41285711767106	0.0291837704779926	0.00167339197526492	0.0127041096442838	0.0137558524202873	0.0137558524202873
YGR095C_mRNA	9.27126454754457e-05	0.00037406085355952	-0.245550542047793	0.0628181266005884	6.04148319248279	0.0289069847132156	0.00232817890749949	0.0114164279423843	0.0134562892109307	0.0134562892109307
YLL045C_mRNA	9.2830217602711e-05	0.000374276019206501	-0.32079078377036	0.082072939612136	9.450660259437	0.0525894055424224	7.78660407961858e-05	0.0268660036255131	0.0210866491842635	0.0268660036255131
YJR123W_mRNA	9.40877137908349e-05	0.000379083693323239	-0.317316884076088	0.0812517682789507	9.89714280735552	0.0514975740795055	4.83652662909021e-05	0.0263590341275343	0.0222652879927343	0.0263590341275343
YKR096W_mRNA	9.51110601543158e-05	0.000382941974056008	0.242231121271601	0.0620669867396996	6.6154772787704	0.0272541023080662	0.00136058327311258	0.0110756931676735	0.0140486600986716	0.0140486600986716
YDR017C_mRNA	9.59046150476564e-05	0.000385664677123833	-0.242503925777682	0.0621689194683071	6.78838525373005	0.0289522346747481	0.00117668249203856	0.0130412392258809	0.0142832156993889	0.0142832156993889
YIL016W_mRNA	9.59196905513961e-05	0.000385664677123833	0.31337536808888	0.0803384852250237	6.02990873333054	0.050283715264096	0.00264940806006899	0.0231676807729364	0.0134534559457968	0.0231676807729364
YBL079W_mRNA	9.67870426463499e-05	0.000388553315771918	-0.282703718801094	0.0725158674979946	6.47550196931144	0.0409442952452751	0.00156472782304925	0.0194694763328976	0.0138389405991688	0.0194694763328976
YDR429C_mRNA	9.69049035043936e-05	0.000388553315771918	-0.257152820459877	0.0659668360384966	7.97888419443838	0.0269699942860267	0.000331185401820202	0.00967164474164554	0.0170753084258994	0.0170753084258994
YLR457C_mRNA	9.68626783690266e-05	0.000388553315771918	0.332645638848333	0.0853305286495799	4.79301662674538	0.0478082366955571	0.00979268215580837	0.00981525114805555	0.0193325143226588	0.0193325143226588
YPR102C_mRNA	9.67495366484436e-05	0.000388553315771918	-0.302782550602967	0.0776643857059571	8.57535324077801	0.046965831533016	0.000263625801192291	0.0238634014271424	0.0186989622106883	0.0238634014271424
YPL114W_mRNA	9.78967434977075e-05	0.0003922602665871	0.84741840800564	0.217524012392742	3.81804270283543	0.368147120472251	0.0637594930445531	0.125507290825198	0.0344796461748884	0.125507290825198
YOR286W_mRNA	9.85125138230289e-05	0.00039445629246252	-0.265410083399222	0.0681547603845765	5.48262051205533	0.0350094309400853	0.00440738016313553	0.012976292309818	0.0141729052891806	0.0141729052891806
YLR281C_mRNA	9.88245089297199e-05	0.000395433783670706	0.69757204454472	0.179165073427417	4.15376111256049	0.249602263156754	0.018797783157792	0.109602710987215	0.027970012842411	0.109602710987215
YFL014W_mRNA	9.94526891389603e-05	0.000397674239480839	-1.13064351957658	0.290510226714217	1.96100406574099	0.596648580377172	0.197964428979015	0.0760576876078052	0.139620338323168	0.139620338323168
YDR280W_mRNA	9.97875729614698e-05	0.000398739643397478	-0.290547279149826	0.0746695522455558	6.42871036245371	0.0433267493005576	0.00164589270446279	0.0206562754257443	0.013775643144528	0.0206562754257443
YML001W_mRNA	0.000102011887206769	0.000407348358373296	0.241198432304055	0.0620724580156581	6.59798856732744	0.0280772538666752	0.00138956172285806	0.0120713006354558	0.0140223984535645	0.0140223984535645
YGR047C_mRNA	0.000103295392724048	0.000412191067130343	0.268801770425511	0.0692303121950298	5.74143419173893	0.0371610926817565	0.00342589275400044	0.0157454517524847	0.0135278619573367	0.0157454517524847
YPL074W_mRNA	0.00010342242079728	0.000412415484986278	0.245081990909304	0.0631261034266163	6.08691309076857	0.0296175732102405	0.00246257729756467	0.0121090562082449	0.0134770424377468	0.0134770424377468
YLR042C_mRNA	0.000103584390014412	0.000412778834626516	0.487634933462903	0.125613104858272	3.73941229538783	0.110704478226407	0.0268179065102752	0.0238546549227696	0.036296701938266	0.036296701938266
YGL250W_mRNA	0.000103919916322034	0.000413832831505242	0.294825404358057	0.0759614097467018	5.10017965218538	0.0367722235768532	0.00672509436302132	0.00783885402506648	0.016355448719804	0.016355448719804
YKL065C_mRNA	0.00010442280745958	0.00041555141821005	0.25145506188129	0.0648066964111528	7.1392592258152	0.0325408956645082	0.000786484120259074	0.0160131474786502	0.0149110095169361	0.0160131474786502
YJR104C_mRNA	0.000104600341846016	0.000415973782658626	-0.46700901755185	0.120373535851643	8.86532613875412	0.112254521691391	0.000136804027064179	0.0578223485066425	0.0194944582368081	0.0578223485066425
YLR384C_mRNA	0.00010495871769601	0.000417114249179367	-0.246748375391918	0.063614073297421	7.39655894776201	0.0243725438130914	0.000651059902667263	0.00806673396605894	0.0155359413832913	0.0155359413832913
YGL246C_mRNA	0.000105556803802596	0.000419205139027895	-0.307713016294326	0.0793596250747608	5.90816765006739	0.0487622937826785	0.00300790614852593	0.0221838942195005	0.0134804601592631	0.0221838942195005
YPL217C_mRNA	0.000106219542928703	0.000421549766418682	-0.465234688035754	0.120031850965854	7.04941538061532	0.111506759573273	0.00094832066352486	0.0566822603216315	0.014724822449329	0.0566822603216315
YLR156W_mRNA	0.000106903565290531	0.000423399164774056	0.708696820393628	0.182919528886356	2.38591721574394	0.159331734104177	0.0352504380363095	-0.00803820384927433	0.0985877781557166	0.0985877781557166
YLR159W_mRNA	0.000106903565290531	0.000423399164774056	0.708696820393628	0.182919528886356	2.38591721574394	0.159331734104177	0.0352504380363095	-0.00803820384927433	0.0985877781557166	0.0985877781557166
YLR161W_mRNA	0.000106903565290531	0.000423399164774056	0.708696820393628	0.182919528886356	2.38591721574394	0.159331734104177	0.0352504380363095	-0.00803820384927433	0.0985877781557166	0.0985877781557166
YBR147W_mRNA	0.000110789035767794	0.000438489757053784	0.82647569046917	0.213799355875998	4.63117026981705	0.352801165588899	0.0139249643658347	0.168915693926132	0.0212596175725471	0.168915693926132
YLR447C_mRNA	0.000111667986387833	0.000441668491986092	-0.251139657683086	0.0649992529214734	7.75527860120506	0.0226254164598035	0.000422477032371657	0.00579871841422409	0.016477134489027	0.016477134489027
YLR238W_mRNA	0.000112121624646973	0.00044286141369035	0.269069323138091	0.0696576050367314	5.6013581353815	0.0374210260816896	0.00402798896595979	0.0153807387918533	0.0137778282714284	0.0153807387918533
YPR067W_mRNA	0.000112088547376398	0.00044286141369035	0.274403524310059	0.0710372165564992	5.34101554856525	0.0358048183376188	0.00538488706145523	0.0114639056849132	0.0148002574829246	0.0148002574829246
YMR107W_mRNA	0.000112575892440657	0.000444354437235278	1.48803956595889	0.385327384341464	2.15391565891653	1.14478465428992	0.155265969241308	0.438642803252428	0.119037937577318	0.438642803252428
YNL247W_mRNA	0.00011266006964543	0.000444385623394904	-0.247283983453502	0.0640371384494624	7.50593993416941	0.0264625069571505	0.000582798905385804	0.010298638985095	0.0158202214977966	0.0158202214977966
YGL161C_mRNA	0.000113329621108078	0.000446724203366485	0.259621297126295	0.067257247323304	7.00070637016063	0.0348620640977741	0.000960734729475834	0.0171334145405565	0.0146311884795342	0.0171334145405565
YDL057W_mRNA	0.000113599065395793	0.000447483539550973	0.323905020687449	0.0839231443175891	5.03237929951013	0.0542714081484398	0.00684332901899984	0.0213290475896037	0.0169217397294502	0.0213290475896037
YGR285C_mRNA	0.00011681160234392	0.000459827294091676	-0.26783150179442	0.069517459515697	8.5864703910722	0.0371709850236497	0.000187918561536053	0.0191427901485303	0.0187294466900385	0.0191427901485303
YGR083C_mRNA	0.000117819326484715	0.000463346189568635	-0.307693813406425	0.0799076089031233	6.62897326536972	0.0490849723352509	0.00143766854526991	0.0241032352971881	0.0140686481345272	0.0241032352971881
YOR011W_mRNA	0.000117864581692536	0.000463346189568635	0.244458788134857	0.06348712096585	5.97017722924657	0.024596948551522	0.00266346367357625	0.00661609574695073	0.0134589944405536	0.0134589944405536
YOL139C_mRNA	0.000118687054137415	0.000466264853273488	-0.250748565747755	0.0651494262155015	7.7798908403796	0.0312035954088308	0.000435202185340629	0.0150329805456764	0.0165425887594957	0.0165425887594957
YMR129W_mRNA	0.000119138339888666	0.000467722350533269	-0.239383835956898	0.0622116756532244	6.55575442868573	0.0247772921036135	0.00152303045615344	0.00865131939273546	0.0139581398941745	0.0139581398941745
YDR087C_mRNA	0.000119846397657957	0.00047018526111465	-0.424685266333962	0.110409950983949	5.97673587408923	0.0936060206157443	0.00297645169699436	0.045784977408118	0.013456538231378	0.045784977408118
YOR224C_mRNA	0.000120616101987418	0.000472886547899526	-0.302206933472222	0.0786000284589446	6.15858327520431	0.0474188088723042	0.00217551004805935	0.0225363478469282	0.0135316590129624	0.0225363478469282
YLR104W_mRNA	0.00012104591830118	0.000474252535321233	0.319035245264356	0.0829956812794339	4.92787637606014	0.0528585203401096	0.00823750804112843	0.0193156244030211	0.0178998514034041	0.0193156244030211
YPL223C_mRNA	0.000121293471065701	0.000474903066148368	0.533036072089385	0.138685178837089	4.20519454010465	0.147572682068143	0.0164615405904705	0.0604727747258315	0.0271281933378996	0.0604727747258315
YDR319C_mRNA	0.000121949817076083	0.00047715220569863	0.277925159021894	0.0723354095193253	5.76454985019276	0.0401323078938517	0.00340632186532363	0.0175233240159904	0.0135127034800435	0.0175233240159904
YDR092W_mRNA	0.000122911667949237	0.00048059287078675	0.416753589358093	0.108522661290863	6.15424366995916	0.0902837083823927	0.00232382943153481	0.0447848426230705	0.0135278757742556	0.0447848426230705
YLR164W_mRNA	0.000124809778648987	0.000487687304097248	0.458228496772271	0.119439788874412	4.42942629425446	0.109252117222206	0.0139109917869031	0.0431524608785529	0.023860218279495	0.0431524608785529
YBR035C_mRNA	0.000125292556228309	0.000489245598248075	0.260656799357224	0.067958439159315	6.58541968892813	0.035359695838063	0.00145277587776302	0.0170206219341182	0.0140033483241022	0.0170206219341182
YAL019W_mRNA	0.000125541749492061	0.00048989030980626	-0.405556500077551	0.105750151977549	6.34657390016489	0.0856105066029326	0.00195038688391027	0.0427819916891883	0.0136852013993372	0.0427819916891883
YGL081W_mRNA	0.000126999108393969	0.000495245519078488	0.430543949545153	0.112348840916519	3.99824630761823	0.0806119943894751	0.0197360497240902	0.0136716321246506	0.0307529984970511	0.0307529984970511
YDL157C_mRNA	0.000127175453189772	0.000495601465072649	0.28851502871253	0.0752936282180534	5.09866646297174	0.041503399485978	0.00630904803319892	0.0143757594752083	0.0163674737677549	0.0163674737677549
YAL013W_mRNA	0.000127619813041873	0.000496668691237108	0.253666294440976	0.0662139971636246	6.97075605289624	0.033527119152213	0.0010186157018431	0.0165185579796949	0.0145761675515167	0.0165185579796949
YML103C_mRNA	0.000127542900133843	0.000496668691237108	-0.237889900502857	0.0620935133030847	6.62252369325157	0.0257854067097732	0.00136328618688139	0.0100949053560873	0.0140591313904	0.0140591313904
YOL052C_mRNA	0.000127870957881598	0.000497313885592918	-0.279804150625167	0.0730459311865519	6.09821580446074	0.0407974068234182	0.00236506623586515	0.0189777660157768	0.0134842120819047	0.0189777660157768
YKL190W_mRNA	0.000130241450135993	0.000506195255832084	0.242166187484859	0.0632948476377547	6.4225616430607	0.0305951441828704	0.00166434829393789	0.0143606026560084	0.0137678541847407	0.0143606026560084
YAL031C_mRNA	0.000130826001154909	0.000508128188485669	0.295702546625316	0.0773099078407724	6.26663261803524	0.0456308005294878	0.00210925951893472	0.0217980278824602	0.013626585477047	0.0217980278824602
YLL062C_mRNA	0.000132186200520159	0.000513069156715822	0.436611017404832	0.114225825459281	4.43606860718486	0.0995452611587305	0.0134191425391169	0.0387710142682994	0.0237725907727503	0.0387710142682994
YJR022W_mRNA	0.000132577404680429	0.000514244979805714	0.506284487038343	0.132478993611887	3.61072619785347	0.114945396564957	0.0306511382060557	0.0192692204519187	0.0395515967876177	0.0395515967876177
YDR237W_mRNA	0.000132707931948668	0.000514408790108408	-0.2518047226622	0.0658936925110413	5.63025847942305	0.0227996921948424	0.0036690782911938	0.00264327238756942	0.0136988365597648	0.0136988365597648
YBR094W_mRNA	0.00013381715865429	0.000518363541436098	-0.244804694211071	0.0640963182763045	5.92839848611914	0.0244082618250423	0.00295761429049954	0.00607142671982411	0.0134757377758098	0.0134757377758098
YMR071C_mRNA	0.000135760971183694	0.000525543799412759	0.243061968781448	0.0636993861777421	6.48017673729867	0.0309028495626159	0.00161178025289537	0.0146186669447891	0.0138455950491375	0.0146186669447891
YBL043W_mRNA	0.000139705374833292	0.000540453860410863	0.508609325131573	0.133539201024903	4.09570507277142	0.135557733481591	0.0197549471065678	0.0515759257349103	0.028965799159128	0.0515759257349103
YHL015W_mRNA	0.00014251726717551	0.00055096589154912	-0.263940014992285	0.0693892717152844	8.72173956044786	0.0341309264779373	0.00015892978847095	0.0165058252909968	0.0191005543282393	0.0191005543282393
YLR243W_mRNA	0.000142692361384391	0.000551068146373982	-0.334380855712498	0.0879150463149619	5.29192679046143	0.0586712884871704	0.00534958512778037	0.0255666363464672	0.0150630842011659	0.0255666363464672
YPL240C_mRNA	0.000142732892701397	0.000551068146373982	-0.489419871748517	0.128680112882627	7.03233862262851	0.125693816315502	0.000971822293535683	0.0652624635124067	0.0146914104350928	0.0652624635124067
YOR335C_mRNA	0.000142831126013193	0.000551082212021761	-0.251388891842463	0.066099073370819	7.99802719038525	0.023611399301482	0.000349490807310527	0.00689232988948261	0.0171268591946131	0.0171268591946131
YBL010C_mRNA	0.000143600239241598	0.000553682987307444	0.314580725360836	0.0827433885656347	4.86625255589193	0.0383996249052885	0.00885363906141235	0.00401423540323963	0.0185322343438821	0.0185322343438821
YHR106W_mRNA	0.000146380954655536	0.000564031376867166	0.238243746184916	0.0627431080691984	6.10323305448829	0.0236041251935192	0.0022591832776659	0.00681378440218377	0.0134876071630665	0.0134876071630665
YHR044C_mRNA	0.000147162888851688	0.000566669524421636	0.34718559563034	0.0914655120994346	4.65129048468641	0.0490772903448268	0.0124537618848662	0.00568966696653574	0.0210099977295811	0.0210099977295811
YFL042C_mRNA	0.000148240410325716	0.000569812175929006	0.251174297211451	0.0662030518996043	6.90226070451022	0.033186225256312	0.00111431967993918	0.0164170566433476	0.0144576529565244	0.0164170566433476
YJL160C_mRNA	0.000148370249036097	0.000569812175929006	0.520514767309471	0.137202094412689	4.72638365342897	0.142527314385181	0.00978822153752573	0.0655094373073875	0.0201020268153762	0.0655094373073875
YLR130C_mRNA	0.000148276227907775	0.000569812175929006	-0.235281466956571	0.0620150926530644	6.77119457481995	0.0251623033931756	0.00112414413177232	0.01001907559142	0.0142593427353003	0.0142593427353003
YNR072W_mRNA	0.000148081604263348	0.000569812175929006	-0.493199787282444	0.129985601883124	3.99214265601873	0.127944966381947	0.0243232555882101	0.043261771199462	0.0308699837663924	0.043261771199462
YLR078C_mRNA	0.000149195743438699	0.000572605007426787	0.240867804741375	0.063513218694526	5.93724332106938	0.0273110137451733	0.00266268222930537	0.0100227469659719	0.0134730335664494	0.0134730335664494
YDR216W_mRNA	0.000150197480097443	0.000576070124455369	0.610104711764714	0.16094595658898	6.31194064888955	0.195967512669411	0.00223444627691196	0.101379957492456	0.013657799406062	0.101379957492456
YJL157C_mRNA	0.000150904313968268	0.00057790610973016	-0.237176008914723	0.0625864148112194	6.2670165846874	0.01871170561947	0.0020413533247945	0.00193477149471864	0.0136268839508936	0.0136268839508936
YNL294C_mRNA	0.000150973755408394	0.00057790610973016	0.242516100698979	0.0639974975744312	6.92805945713276	0.0309742866238101	0.00105407949400787	0.0153286392891494	0.014501095345378	0.0153286392891494
YPL241C_mRNA	0.000150855691206325	0.00057790610973016	0.352772156896507	0.0930881594500301	4.55848657359826	0.0620843701557141	0.0124820121041328	0.0184803288680142	0.0221796096150441	0.0221796096150441
YDR539W_mRNA	0.000152729024064099	0.000584241164935944	-0.237348802979898	0.0626814169112913	6.05534336727609	0.0186412416517572	0.00225475055850581	0.00162244998952238	0.0134610895455227	0.0134610895455227
YER064C_mRNA	0.000153921632728049	0.000588416950310769	-0.352953551751407	0.0932590958732448	6.97483505050864	0.0656900893806038	0.000990137360032734	0.0337988984923475	0.0145835465494477	0.0337988984923475
YJR023C_mRNA	0.000155099053789403	0.000592529237624302	0.536549725218327	0.141840811887298	3.44194764098839	0.10099805361761	0.0360616706431627	-0.0101025010905417	0.0444135930242291	0.0444135930242291
YJL047C_mRNA	0.000156911551436952	0.000599060746180656	0.258180824942409	0.0683041915862827	5.46735682239108	0.0214605452515294	0.0044299680074158	-0.000481480485903751	0.0142318823456067	0.0142318823456067
YHR078W_mRNA	0.000157101556860787	0.00059939336625471	-0.238783944594954	0.063177599068408	6.03320621209224	0.0233474384704339	0.00251148718417137	0.0062128334066289	0.0134541489120227	0.0134541489120227
YBR084C-A_mRNA	0.000158113028733603	0.000602857660603384	-0.260240478567878	0.0688837123977038	8.60528656701107	0.0352905753935506	0.000198813136950951	0.0182624871603567	0.0187810501978073	0.0187810501978073
YBR199W_mRNA	0.000162189713139209	0.00061799690565666	0.240962409557766	0.0638882683695376	7.45660513353645	0.0188905085567751	0.000635156358858565	0.0030152791462907	0.0156916869821737	0.0156916869821737
YKL082C_mRNA	0.000162501442166759	0.000618780001348718	-0.47493600299698	0.125939533261308	6.60325225750849	0.119363981726883	0.00170033185877685	0.0617427322935271	0.0140303378263634	0.0617427322935271
YNL136W_mRNA	0.000163088997220617	0.000620145911200748	0.280607031272481	0.0744267858220412	6.40719501562703	0.041677641671668	0.00169095121028206	0.0204664345809179	0.0137490229425683	0.0204664345809179
YOL029C_mRNA	0.000163179485388044	0.000620145911200748	0.270258567567754	0.0716846437837707	5.64128243980755	0.0386616873347893	0.0038493667572421	0.0167053858603823	0.0136726222024853	0.0167053858603823
YPR104C_mRNA	0.000163125523897195	0.000620145911200748	-0.303744000086222	0.0805647123194111	5.89442121455869	0.0488346234090432	0.00273606371607034	0.0232266277683676	0.013482788558975	0.0232266277683676
YOL107W_mRNA	0.000163979674387003	0.000622780692945684	0.284852752444173	0.0755801511296548	5.06532391829265	0.0353928163947987	0.00620982900590549	0.00852787696708703	0.0166396079732204	0.0166396079732204
YFR003C_mRNA	0.000165565815677719	0.000628395076311656	0.250292821723314	0.0664527275825141	5.59810231009341	0.0312074623343102	0.00387662153459559	0.0116609462218171	0.0137872384780278	0.0137872384780278
YJL011C_mRNA	0.000165839707459088	0.000629024827901464	-0.572248507694918	0.151948597714061	3.7374795625377	0.173521499578889	0.0263798908863395	0.0659736145027384	0.0363429433954565	0.0659736145027384
YHR047C_mRNA	0.000166760980457225	0.000632107659169675	-0.23344848950177	0.0620101437157867	6.61787970254237	0.0219442233687665	0.00132879338457809	0.00661196101034083	0.014052238310032	0.014052238310032
YDL118W_mRNA	0.000167241070190293	0.000633515263282606	0.517981016551066	0.137615831883894	3.50308210886632	0.101220085646282	0.0331833762536626	-0.00139166549186734	0.0425690924867226	0.0425690924867226
YJL055W_mRNA	0.000172133292239542	0.000651623496158267	0.236056352700126	0.0628352326603463	7.16004073011132	0.0198878340817587	0.000836501257528829	0.00455114907290228	0.0149565645963906	0.0149565645963906
YMR121C_mRNA	0.000173932306231138	0.000658006244222474	0.301750316402331	0.0803778494790833	6.07612605160515	0.048400436017402	0.00257619374039005	0.0232662010071386	0.0134708741145181	0.0232662010071386
YHR025W_mRNA	0.00017425600532296	0.00065857879763481	-0.240629066811282	0.0641048112363508	7.50797313495472	0.0211753217334724	0.000612177778657293	0.00553213899450072	0.0158255295159354	0.0158255295159354
YOR104W_mRNA	0.000174309733256587	0.00065857879763481	0.278048136538324	0.0740749665519543	5.64424075229517	0.0411013801620957	0.00404049416729852	0.0179079085113941	0.0136659951954825	0.0179079085113941
YAL055W_mRNA	0.000175161216732869	0.000661366979057483	0.350658355613496	0.0934494975805868	5.51789582891956	0.0653921607291888	0.00441892386822985	0.0305123105240265	0.0140440011918783	0.0305123105240265
YDR113C_mRNA	0.000175313415339587	0.000661512926015825	0.250168625473717	0.0666731256466426	5.6257804899735	0.0229094248345852	0.00407103364726264	0.00259353834081896	0.0137101890867093	0.0137101890867093
YNL325C_mRNA	0.000178506586764582	0.000673125808731687	0.258690254124143	0.0690275189220892	5.45695322798625	0.0236847160678546	0.00478597564067274	0.00147032083808177	0.0142732178334848	0.0142732178334848
YNR016C_mRNA	0.000181560338719758	0.00068419827514962	-0.25848407704885	0.0690509598965776	8.65085649994679	0.0257634052775822	0.000166082797841752	0.0083478462601975	0.0189060574527133	0.0189060574527133
YNL093W_mRNA	0.000184712131262045	0.000695625647532432	0.652866073046394	0.17460716458135	3.46964983854503	0.227483033669056	0.038144708717361	0.0838059389751933	0.0435655397793217	0.0838059389751933
YNL067W_mRNA	0.00018535239542472	0.000697585953323267	-0.35421743751122	0.094756490261678	7.61438723789526	0.0669794899442602	0.000545200451883626	0.0353699693349623	0.016104496486055	0.0353699693349623
YBL028C_mRNA	0.000186658715911672	0.000702048856618077	-0.679204737960801	0.181779542450475	3.68470463947251	0.246381947951322	0.0287273500253006	0.103447858188716	0.0376360669155144	0.103447858188716
YNR006W_mRNA	0.000187772315222759	0.000705781618379223	0.232734823770874	0.0623131447229796	6.87584871531018	0.0188321084261727	0.00111703485088338	0.00358436754982745	0.0144146771701846	0.0144146771701846
YOR133W_mRNA	0.000188788991366106	0.000709145495615044	-0.275650929344788	0.0738305033697945	9.44820429626472	0.0325007950869658	0.000723719067648377	0.0123890085687734	0.0210800538437006	0.0210800538437006
YOL043C_mRNA	0.000189077908691707	0.000709773128890389	0.245284847561058	0.0657040096434401	5.6687274630718	0.0225363595287059	0.00365069912032874	0.00330549853384138	0.0136173684125723	0.0136173684125723
YOR146W_mRNA	0.000189444690092677	0.000710692056973557	-0.883673933390773	0.236739085506337	2.48276064054003	0.326619593766978	0.132945275564006	-0.00610417382919323	0.0912363028614998	0.0912363028614998
YDR498C_mRNA	0.000189888544886986	0.000711898753224954	0.234966983916708	0.0629583492866959	6.01524827594932	0.0204544613145207	0.00240347830146817	0.00373787781239984	0.0134515366781542	0.0134515366781542
YML125C_mRNA	0.000190571807867573	0.000714000869862688	-0.274996056489922	0.0737018243110422	7.1397632789578	0.0404454015412982	0.000732067647570039	0.0209957679795329	0.0149121033854152	0.0209957679795329
YOR020C_mRNA	0.000194683105738906	0.000728935587426007	-0.339935899697301	0.091237932415196	5.93717515437479	0.0618926560700298	0.00258012050158274	0.0307173207440168	0.0134730561394212	0.0307173207440168
YMR083W_mRNA	0.000195349694318039	0.000730961669297943	-0.247607206703387	0.0664725277888964	8.07969180160035	0.0265232858880303	0.000327078538191804	0.0105737766814253	0.0173473092643906	0.0173473092643906
YMR269W_mRNA	0.000196032151243365	0.000733044488539053	-0.455200829457728	0.122231896907022	5.12442754645113	0.111033788757293	0.00658395991632121	0.0531785865696344	0.0161666605627247	0.0531785865696344
YNL314W_mRNA	0.000197651981416306	0.000738627609834123	0.282967767230058	0.0760257550470504	5.08362062892968	0.0310430462982766	0.00663107825315098	0.0037519692689555	0.0164885834687455	0.0164885834687455
YFR052C-A_mRNA	0.000197961978992224	0.000739104426378801	-0.745289821706401	0.200260423862355	3.21387221886185	0.297844331055088	0.0459094330370567	0.114507516425064	0.0522388033563857	0.114507516425064
YHL036W_mRNA	0.000198033300648354	0.000739104426378801	-0.396611835970322	0.106572762700017	5.42774242133192	0.0843492002466525	0.00474704106130756	0.0406839739367489	0.0143943252252593	0.0406839739367489
YGL157W_mRNA	0.000198801353523871	0.000741254506927856	-0.231217451445108	0.062146294711929	6.77430082409797	0.0225034066412807	0.00118503925410816	0.0076510364750437	0.0142636085315796	0.0142636085315796
YJL037W_mRNA	0.000198863850725753	0.000741254506927856	1.33757845297973	0.359520086877453	2.0465540098598	0.95964848480876	0.154549570184961	0.362469201288524	0.130049448084356	0.362469201288524
YLR291C_mRNA	0.00020144926314067	0.000750411385586666	-0.234015772346408	0.0629549847321008	6.12928349645707	0.027142842627692	0.0023462818157281	0.0110886547976889	0.0135070385947481	0.0135070385947481
YLL057C_mRNA	0.000202723743309816	0.000754676376053029	0.313487519672768	0.0843706792579279	4.76503946800947	0.0386237727973463	0.00882254675887272	0.00448165981240285	0.0196510993149039	0.0196510993149039
YPL264C_mRNA	0.000204302888005665	0.000760069364955942	0.34406794735364	0.0926498938825508	4.51584111434355	0.0490394005189579	0.0116059597883146	0.00711261151166963	0.0227300515574771	0.0227300515574771
YKL205W_mRNA	0.000204699429512551	0.000761058631997525	-0.32998146662317	0.0888684540668526	6.04862988367953	0.0585211194960081	0.0025557185262061	0.0290346899867231	0.013458580606962	0.0290346899867231
YGL029W_mRNA	0.000208822818609627	0.000775893967614598	-0.695514198205359	0.187566353347093	4.58727070259775	0.260340244430991	0.0125850948400971	0.128139452791609	0.0218121679361046	0.128139452791609
YPL165C_mRNA	0.000215531915388914	0.00080031162463723	0.241638415741613	0.065306276282273	5.72649698139817	0.02721157399481	0.00351904409935748	0.00895360690590567	0.0135405947880688	0.0135405947880688
YCR004C_mRNA	0.000218341911829905	0.000810229285554792	0.234321164530921	0.0633850173417594	7.31553351247236	0.0256013025561923	0.000743526597639059	0.0109988952419593	0.0153271150960215	0.0153271150960215
YIL146C_mRNA	0.000220145441175841	0.000816120005085149	0.295602799017683	0.0800072255250224	4.95225282422433	0.0399248778953217	0.00794385725934013	0.00986679340362202	0.0176607672855071	0.0176607672855071
YJR005W_mRNA	0.000220209517335025	0.000816120005085149	-0.229022634374296	0.0619880203121153	6.40848234261684	0.0233278744060486	0.00161949450218667	0.00838855177408184	0.0137505641466742	0.0137505641466742
YLR426W_mRNA	0.000222631401842296	0.000824571231489649	0.239199945195564	0.0647914028796673	5.75385838888184	0.0295892199099987	0.0032726233635164	0.0120825083167505	0.013519080184945	0.013519080184945
YLR014C_mRNA	0.000222874617840394	0.000824947600723083	-0.417918425698901	0.113208878781406	4.26234553241423	0.09442221702076	0.0150231940468664	0.0362418068929058	0.0262351449891407	0.0362418068929058
YMR007W_mRNA	0.00022312439526895	0.000825347763071049	-0.862421027440536	0.233637105884023	2.39402960076393	0.268327708370271	0.120398081373332	-0.0454098305684953	0.0979471076101166	0.0979471076101166
YIL170W	0.000224562123947124	0.00083013891758626	0.374610773245954	0.101530144225641	4.42284790880972	0.0759067770780383	0.0154641793972403	0.0257693013486774	0.023947490261334	0.0257693013486774
YMR179W_mRNA	0.000228246060497692	0.000843222288179804	0.253926331791055	0.0688985796079149	5.38379272665955	0.0284639251343579	0.00439697085634405	0.00767763979422198	0.0145910862316087	0.0145910862316087
YBR177C_mRNA	0.000228468594919357	0.000843509527249793	0.229025725327187	0.0621464095840192	6.87848801688123	0.0226664976674406	0.00102980149866117	0.00826922232741257	0.0144189033980775	0.0144189033980775
YDR352W_mRNA	0.000228736579442044	0.00084396409868863	-0.241331419870716	0.0654908806027259	5.67921250204808	0.0240763708052829	0.00355648857656036	0.00559937893858108	0.0135997331919216	0.0135997331919216
YOR075W_mRNA	0.00022896401246692	0.000844268567488782	0.258665102729579	0.0701995998331477	5.37768926254653	0.0346014391880034	0.00509209337174866	0.0128644099382255	0.0146198418951876	0.0146198418951876
YDL105W_mRNA	0.000229673120027444	0.000846347626362991	0.353946173056042	0.0960786449920852	4.38353245895691	0.0614407220630099	0.0124450788492542	0.01759058238368	0.0244793452448064	0.0244793452448064
YDR418W_mRNA	0.000230147360621191	0.000847559116927345	-0.283661143032053	0.0770107683930574	8.30149504904485	0.0435980966253596	0.000286750339916634	0.0234358834540398	0.0179498082013434	0.0234358834540398
YJR042W_mRNA	0.000238337679449074	0.000876680590803688	-0.229371085255836	0.0624227946557089	6.53503351523856	0.0172687605215924	0.0016597684936054	0.00181073356483226	0.0139266526769098	0.0139266526769098
YPL076W_mRNA	0.000238355999971343	0.000876680590803688	-0.290457624396219	0.0790477730494063	4.95865928452454	0.0361375696118246	0.00739519185697171	0.00721916656429896	0.0175990098393101	0.0175990098393101
YJR094C_mRNA	0.00023866395142538	0.000877259420191965	0.439906570832653	0.119730908413087	4.34223149355888	0.105123908552978	0.0158657237723831	0.041476237945309	0.0250575164545971	0.041476237945309
YFL034C-A_mRNA	0.000239546288384857	0.000879947462881573	-0.478283414288407	0.130209468016084	5.00192195903284	0.124298160596752	0.00737571374544579	0.0604423084986809	0.0171939923499062	0.0604423084986809
YJR097W_mRNA	0.000243021371456905	0.000892150289923082	-0.79160518377742	0.215725380475919	2.60396799534118	0.29781539983087	0.103257923576924	0.0367903571037846	0.0828918355489959	0.0828918355489959
YIR036C_mRNA	0.000243544352443398	0.000893507177163246	0.384323139956667	0.104750040664413	6.61208110804726	0.0803520720466398	0.00148571587936815	0.0424045681974169	0.0140435884238026	0.0424045681974169
YIR038C_mRNA	0.000244377387080622	0.000895999154897232	0.312916470881506	0.085307940740881	6.19696322825955	0.0532802518125951	0.00226429222439467	0.026845486789404	0.0135662197847806	0.026845486789404
YDL172C_mRNA	0.000245509148403825	0.00089958257773628	0.444134496854677	0.121119896152209	5.26459896433635	0.107369562856337	0.0143232540215596	0.0443568629541281	0.0152205297768817	0.0443568629541281
YHR033W_mRNA	0.000245845949254867	0.000900250471627189	-0.421361586736651	0.114920488240157	5.09367489251663	0.09665057264539	0.00608634672140982	0.0467405277480143	0.0164073424742197	0.0467405277480143
YPR059C_mRNA	0.000246193870453333	0.000900958221897686	0.409951955239045	0.111819705024417	4.1322129471927	0.0743988224347259	0.0216807379832799	0.0100149701669789	0.0283338477437105	0.0283338477437105
YBR048W_mRNA	0.000246717436518311	0.000901741395957139	-0.301353170510367	0.0822101690921729	8.36988088788043	0.0494487733351845	0.000248061406059005	0.0267859862025957	0.0181364614872819	0.0267859862025957
YPR155C_mRNA	0.000246653613134235	0.000901741395957139	0.237476891359804	0.0647833330111127	5.82166167668451	0.019929310326916	0.00329480854548441	0.00194508853909243	0.0134927123986305	0.0134927123986305
YNL313C_mRNA	0.000247403564423062	0.000903682235942794	-0.323966583646166	0.0883963237586639	5.70718050893577	0.0571597568202718	0.00351335550686995	0.0277422847093162	0.013561026546924	0.0277422847093162
YMR258C_mRNA	0.000247864356611795	0.000904798083722003	-0.227988926304505	0.0622163003125864	6.39833202841914	0.0159279537559079	0.00174487014740102	0.000469665871791443	0.0137386019509428	0.0137386019509428
YNL012W_mRNA	0.000249389408902149	0.000909795050885359	-0.412955065635825	0.112740350062286	4.32092623648401	0.0929272793825665	0.0146924387487434	0.0361491073799241	0.0253637985788041	0.0361491073799241
YDL004W_mRNA	0.000250153247965847	0.000912010527314785	0.230240105010056	0.0628710076543334	6.12579305357724	0.0271880450631225	0.00230677606824759	0.0116774133693717	0.0135042783456374	0.0135042783456374
YHR192W_mRNA	0.000251876682933708	0.000917719546448896	0.230747510384034	0.0630398396001765	6.05652496035878	0.0224029219635419	0.00243451986045318	0.00635592122950451	0.0134615656468108	0.0134615656468108
YKL208W_mRNA	0.000258369409976363	0.000940787614076431	0.290156916905452	0.0794119779309506	5.00161365425332	0.0459943220727355	0.00746857019735572	0.0177564787582674	0.0171968033509373	0.0177564787582674
YDR200C_mRNA	0.000258803487522521	0.000941779586699692	0.266180587029708	0.0728585750180544	6.11527924792769	0.0387118166033974	0.00244806306118717	0.0187854247534586	0.013496241589817	0.0187854247534586
YDR381C-A_mRNA	0.000262123052498933	0.000952669309955573	0.446923786587759	0.122441019447641	3.80319690411934	0.104180729447373	0.0251539083016746	0.0293994815296708	0.0348133046718359	0.0348133046718359
YNL155W_mRNA	0.000261996887464785	0.000952669309955573	0.227728087416148	0.0623871796986977	6.37169511454477	0.0266252054540084	0.00185921289810791	0.0118506267174105	0.0137094278649225	0.0137094278649225
YPL044C_mRNA	0.00026402153747417	0.000958970995838227	-1.4836509437873	0.406673485630733	2.08671665462253	1.20442310874977	0.358104626324463	0.303428669335737	0.125804850639963	0.303428669335737
YJL163C_mRNA	0.000264372901897339	0.000959648926139498	0.348848141128006	0.0956293537494413	6.20466084446383	0.0665932404661243	0.00221790312911166	0.0343619900650315	0.0135732331591869	0.0343619900650315
YML020W_mRNA	0.000267315535123961	0.000969726218949065	0.235113903004093	0.0645018301713419	5.8986105881455	0.0297834056136668	0.00315980674614462	0.0129571143011218	0.0134821376356659	0.0134821376356659
YDL081C_mRNA	0.000267745549152339	0.000970681748202569	-0.380085961243957	0.104285712140455	7.42205236519441	0.0791259932073946	0.000651653761914278	0.0428503852646533	0.0156019703770277	0.0428503852646533
YOL036W_mRNA	0.000268993399799067	0.000974599220913784	0.226414412103271	0.0621426254354122	6.72079650012892	0.0251700024042411	0.0012537349064638	0.0110674145243459	0.0141930886775599	0.0141930886775599
YDL144C_mRNA	0.000269314240705627	0.000975155230796135	0.35205904162586	0.0966356986063648	6.41466232118007	0.067915729125995	0.00184996331408242	0.0355038696664783	0.0137580570620227	0.0355038696664783
YGR175C_mRNA	0.000269628690163202	0.000975687421671314	-0.28495755596137	0.0782236468122261	7.73098051912806	0.0444975876234486	0.000419562360410712	0.0240561933220049	0.0164126168970747	0.0240561933220049
YPL144W_mRNA	0.000270914841535977	0.000979733002351708	0.383635126425723	0.105347024381842	4.35732449546282	0.0806794260995197	0.0134308580644037	0.0309611241200301	0.0248438738228974	0.0309611241200301
YOR177C_mRNA	0.00027166389521259	0.000981832415327885	0.460192920134825	0.126394626155994	3.72081289827593	0.0833383560685855	0.0271574706864809	0.00162576117494163	0.0367449353979732	0.0367449353979732
YBR282W_mRNA	0.000273606980966165	0.00098824195357029	-0.314567503389357	0.0864413392447711	4.71360097759216	0.0372005448761103	0.0096346906744467	0.0019508319246391	0.0202537298472717	0.0202537298472717
YGL053W_mRNA	0.000273779478109531	0.00098825231689351	0.262243134700085	0.072066118480227	5.52823821996575	0.0377282180684299	0.00490940111343198	0.0158647006177925	0.0140081140374271	0.0158647006177925
YBR011C_mRNA	0.000275419350183947	0.000993556120230139	0.306554418840124	0.0842787772056554	8.86262034645056	0.0515777023286224	0.000133185154950794	0.0282784639941712	0.0194870392524072	0.0282784639941712
YLR419W_mRNA	0.000278267006822209	0.00100272793551214	-0.350449760043883	0.0964168788515184	5.77809911890968	0.0674565433864993	0.00327488367159139	0.0339099744382821	0.0135060190712925	0.0339099744382821
YOR209C_mRNA	0.000278306054192093	0.00100272793551214	-0.257815498639667	0.0709317452605983	7.39736086501551	0.0365085883036858	0.000663386062571509	0.0194618638802862	0.0155380162239056	0.0194618638802862
YHR019C_mRNA	0.000278569696969327	0.00100305751207868	-0.247830038144495	0.0681890655528631	8.46224784069912	0.0219038237449398	0.000209929020793955	0.00570995990401242	0.0183890656230967	0.0183890656230967
YOL013C_mRNA	0.000278970317518274	0.00100387959843204	0.226833374655017	0.062418313574454	6.66413725059337	0.0185742249434106	0.00146511188984913	0.0037348777331242	0.0141190715880663	0.0141190715880663
YNL007C_mRNA	0.000279922805124573	0.00100668534731837	-0.376328053291407	0.103580196458365	7.4977219021928	0.0778204808189465	0.000536012632718263	0.0423794157606958	0.0157987755686957	0.0423794157606958
YER187W_mRNA	0.000280562110454443	0.001008362033009	0.508030586343527	0.139852533641228	3.89280893646818	0.141844616795397	0.0228639202760186	0.0553710043874648	0.0328628668031749	0.0553710043874648
YGR118W_mRNA	0.000281147248272786	0.00100984208904886	-0.266901841524875	0.0734845957553703	8.38723598317789	0.0391563718389314	0.000219939852879976	0.0213800034004408	0.0181838839370902	0.0213800034004408
YIL026C_mRNA	0.000286575011945395	0.001028703647316	0.368510911520265	0.101598130910389	5.74454641418439	0.0747495506059412	0.00383611257122591	0.0374526082467121	0.0135255154466332	0.0374526082467121
YMR198W_mRNA	0.000286783492357939	0.00102881811975206	0.242316951070241	0.0668100281509664	5.58888717832521	0.0251450450803584	0.00404003153980368	0.00612465825315814	0.013814287906328	0.013814287906328
YKL211C_mRNA	0.000288924812393436	0.00103586212738718	0.225511749569544	0.0622095754277011	6.89778913563078	0.025760357922891	0.0010298546832627	0.0120403718930015	0.0144502704163166	0.0144502704163166
YKL146W_mRNA	0.000290923798592775	0.00104238748499478	0.225406325147785	0.0622110791938066	6.80132445837374	0.0244828742317661	0.00117926234802551	0.0105358139241157	0.0143016111498068	0.0143016111498068
YJR141W_mRNA	0.000291440953086072	0.00104359864331866	-0.288995963673372	0.0797716288852168	5.31511588668454	0.0460287588985364	0.00523057746697379	0.0202234736330292	0.0149357982771474	0.0202234736330292
YGL036W_mRNA	0.000292355238454489	0.00104622949584512	0.299178203825899	0.0826007031778779	6.94335404016412	0.0493407637229892	0.00105584209048345	0.0262356625714361	0.0145275325051723	0.0262356625714361
YGR152C_mRNA	0.00029457702771923	0.00105288697146763	0.229942234947659	0.0635195538750051	6.03758309009655	0.0222342908426384	0.00268372448893976	0.00603203529596584	0.0134552104089789	0.0134552104089789
YLR286C_mRNA	0.000294508390722863	0.00105288697146763	-0.256538607902999	0.0708653915555548	9.03221710894811	0.0278832726573434	0.000136162121488291	0.0109353279128629	0.0199514527598001	0.0199514527598001
YBR234C_mRNA	0.000298193028370209	0.00106515792966575	0.230491238927696	0.0637268064248545	7.41975990650125	0.0236669323411342	0.000648396384588766	0.00953011363164808	0.0155960270438547	0.0155960270438547
YIL130W_mRNA	0.000298931236405078	0.00106648706876668	0.334044606941042	0.0923738595633478	5.68403756911286	0.0616124849213874	0.00363369792422626	0.0304980217982902	0.0135922155053045	0.0304980217982902
YLR037C_mRNA	0.000298909785495883	0.00106648706876668	0.665193662872607	0.183946062652494	3.54159025992364	0.244317003904226	0.0322763047916282	0.103068311069793	0.0414568968617785	0.103068311069793
YDL174C_mRNA	0.000299632059845299	0.00106833315829787	0.271484531492557	0.0750866210677267	7.30329497339258	0.0407028960338374	0.000685227876755356	0.0218667747767181	0.015296048354689	0.0218667747767181
YDR178W_mRNA	0.000300386206961488	0.0010703669980169	0.252053346290493	0.0697249423908701	6.18552769646586	0.0350914228415939	0.00216074367482816	0.0172855266908125	0.0135557995064728	0.0172855266908125
YDR127W_mRNA	0.000302024803556562	0.00107554798625949	-0.232858809258125	0.0644403292341346	7.61661784913236	0.0235385757354923	0.000499856396775599	0.00922769616293417	0.0161103677304391	0.0161103677304391
YNL223W_mRNA	0.00030920661031108	0.00110045064854756	0.230728575549497	0.063958695908909	5.88421490642281	0.0229739575363727	0.00287865054573797	0.0065261109360614	0.0134842085837352	0.0134842085837352
YLR068W_mRNA	0.000310825461747915	0.00110553671559423	-0.747442913602799	0.207271440159042	4.14015393133662	0.309368322072931	0.0181609963673054	0.153684803255108	0.0281989852668695	0.153684803255108
YLR336C_mRNA	0.000313642164250301	0.00111487446548033	-0.45277721960777	0.12564009492521	5.26324251259204	0.11360087438271	0.00575137051194992	0.0573903632993132	0.0152285594657097	0.0573903632993132
YDL111C_mRNA	0.000314541066757194	0.00111738796032159	-0.284405595540775	0.0789353318212517	5.90555800459117	0.0448313480829702	0.00301515337486279	0.0219079930640616	0.0134809476252468	0.0219079930640616
YPL123C_mRNA	0.000316080248489921	0.00112217155862418	0.362580307402697	0.100667770157461	5.64159533467065	0.0728907942919706	0.00399416663248851	0.0365418331614129	0.0136719132638795	0.0365418331614129
YPL069C_mRNA	0.000319803311369976	0.00113469798540894	-0.320722278740401	0.0891215326560015	4.62568778983207	0.0480289471790111	0.0104425394608215	0.0116276810651374	0.0213280508709975	0.0213280508709975
YIR019C_mRNA	0.000320084432844163	0.00113500420313457	0.441564212716009	0.122708590690532	5.34178544254922	0.108208674442961	0.005326139833768	0.0549034530832585	0.0147963330108124	0.0549034530832585
YDR382W_mRNA	0.000322204966804698	0.00114182855024585	-0.344645821331895	0.0958211776967383	7.89228726944284	0.0659532041317854	0.000389897276964665	0.036336895103795	0.0168427477141995	0.036336895103795
YLR254C_mRNA	0.000322436705733527	0.00114195516571643	0.251990299561779	0.0700639958710874	5.35798610286307	0.0330403420351726	0.00492072818968238	0.0123370351127925	0.0147151258800126	0.0147151258800126
YDR503C_mRNA	0.000322684870217409	0.00114213976542322	0.277784049448214	0.0772400528513024	5.05534695491144	0.025292472974833	0.00714042889627747	-0.00208820160262723	0.0167236741616105	0.0167236741616105
YBL004W_mRNA	0.000323101660764171	0.00114292062878692	-0.381874116667036	0.106193039531188	6.99020483788362	0.080988081068918	0.000889502582225164	0.0442183439972644	0.0146116749742695	0.0442183439972644
YDR222W_mRNA	0.000323987095872626	0.00114466271713397	0.332297854808202	0.0924249886914433	4.60697529526086	0.0613373770119256	0.0109055391195799	0.0232639750188738	0.0215628892177364	0.0232639750188738
YKR100C_mRNA	0.000323849646190899	0.00114466271713397	0.223181119277677	0.062073463280876	6.3752633172368	0.0189148715877121	0.00169932144857318	0.00433523753767936	0.0137131379261559	0.0137131379261559
YDL075W_mRNA	0.000324395920617969	0.00114541250516381	-0.296730052280742	0.0825397329684668	8.19077953068078	0.0489141411161635	0.000285609627906837	0.0269656204461164	0.0176484464242531	0.0269656204461164
YJL146W_mRNA	0.000326762785733468	0.0011530708598929	0.237550971749141	0.0661130343892031	5.70330244778044	0.0217271816292619	0.00391801586464342	0.00323811754414828	0.0135657173999484	0.0135657173999484
YDL009C_mRNA	0.000330395935205672	0.00116518566495656	0.534879827713829	0.148982365954642	3.60210942928236	0.1591564973897	0.0327877688462318	0.0559952126155393	0.0397828430721467	0.0559952126155393
YDR062W_mRNA	0.000331183808132051	0.00116655191425473	-0.262021616408466	0.0729946244479667	7.36387260570255	0.038200090731067	0.000696993439312877	0.0206158673538859	0.0154514909915413	0.0206158673538859
YGL155W_mRNA	0.00033111451985887	0.00116655191425473	-0.232750840503913	0.0648393146618107	5.77265451552177	0.0205250281255506	0.00330801763404593	0.00320509714182173	0.0135085292692073	0.0135085292692073
YDL117W_mRNA	0.000332184395942923	0.00116936935997793	0.224224050195104	0.0624785750551325	6.35030977149577	0.027510262351908	0.00192570358173616	0.0131848847421947	0.0136885857819431	0.0136885857819431
YOL016C_mRNA	0.00033285911407018	0.00117103695565994	-0.540776630876167	0.150706114038164	7.76793948219307	0.162776539685481	0.000430481186512832	0.090418850047423	0.0165107923351942	0.090418850047423
YPR046W_mRNA	0.000338674648757208	0.00119077761234731	0.334032033930024	0.0932069703296951	4.48580215850695	0.0475412232399675	0.0116290057826757	0.00742876206259565	0.023121151489487	0.023121151489487
YKL121W_mRNA	0.000341324631536787	0.00119937111178125	0.239964368608975	0.0669967516197824	5.81480846545465	0.0321127478368916	0.00343624751532009	0.0145180113950912	0.013494157287838	0.0145180113950912
YKL027W_mRNA	0.000349743294305012	0.0012282124367818	-0.226272831496784	0.0632866870339116	5.97072554519945	0.025188822450554	0.00256204910639914	0.00979757658388817	0.013458769916514	0.013458769916514
YLR193C_mRNA	0.000350114200518708	0.00122877429651927	0.276708260527158	0.0773990729297517	5.03341277059194	0.0291566086000549	0.00704977341277434	0.00231303253186574	0.0169126925487657	0.0169126925487657
YBL030C_mRNA	0.000350917524759086	0.00123085219701772	0.234601274916136	0.0656321834171328	7.89492588225705	0.0250071649338477	0.000380516207663069	0.0106878010236663	0.0168498177927376	0.0168498177927376
YPR060C_mRNA	0.00035290506955579	0.00123707878172806	-0.293342143821116	0.0820995112396798	5.44703117179584	0.0481104612753837	0.00427590591313014	0.0226854130700471	0.0143135123276425	0.0226854130700471
YOL003C_mRNA	0.000356436584346197	0.00124870687937519	0.246766647071748	0.0691145672067777	5.46976515016836	0.0249841796855028	0.00488484786534351	0.00448569376711455	0.0142224457353773	0.0142224457353773
YGL112C_mRNA	0.000358901404357912	0.00125658628713293	-0.222756446515099	0.0624213388671805	6.23682179749129	0.0207265170319438	0.00198374485469359	0.00604597068980787	0.0136019493291919	0.0136019493291919
YML038C_mRNA	0.000359665502698743	0.00125850523647019	0.221522315493656	0.0620852041238356	6.4597925356266	0.020028608847671	0.00160131499347123	0.00583729841141319	0.0138169752909221	0.0138169752909221
YGR036C_mRNA	0.000362281171862958	0.00126689682309339	-0.258097719186739	0.0723745818048563	5.21484882252396	0.0249172240743954	0.00542353306205054	0.00224079768925975	0.0155287873036608	0.0155287873036608
YER147C_mRNA	0.000366486507275908	0.00128083406802006	0.228264246518755	0.0640631984918337	5.95520673495046	0.0267457258242283	0.00295034788776272	0.0108187679985462	0.0134660257162536	0.0134660257162536
YPR066W_mRNA	0.000367522312582958	0.00128368404862609	0.331581253740569	0.0930788436791588	5.24360625577673	0.0616633396803353	0.00577405226442812	0.028880632298169	0.0153471231942106	0.028880632298169
YJR151C_mRNA	0.000370669006801849	0.00129389912140658	0.290565860975734	0.0816166070944275	5.60110405309338	0.0473830152840148	0.0038797234878141	0.0227653587266105	0.0137785598959725	0.0227653587266105
YKL044W_mRNA	0.000374417077550755	0.00130619993641359	-1.01804258980903	0.286168882205923	1.97519230603849	0.485827430184311	0.189589042851017	0.0348229995850104	0.137981473720934	0.137981473720934
YLR074C_mRNA	0.000376195582309616	0.00131161906794484	-0.456216954577395	0.128286201142514	6.06710926752278	0.116943147011723	0.00232319801784547	0.0635061995964651	0.0134662713275921	0.0635061995964651
YGL225W_mRNA	0.000377690031544436	0.00131604194005854	-0.226040434424078	0.0635802097024816	7.38835754650664	0.0212622127590837	0.000655042676578749	0.00752753442397498	0.0155147295866674	0.0155147295866674
YER005W_mRNA	0.000379855025490319	0.0013227946075951	-0.22249448307071	0.062609281424827	6.0996122833	0.0185390055955037	0.00219454399506996	0.00352473485814044	0.0134851444870628	0.0134851444870628
YNL146W_mRNA	0.000381381488867342	0.00132731693795767	1.11344687426725	0.313413657443512	1.63826223413593	0.660097968247271	0.209733751999213	0.143295802032717	0.183178730689263	0.183178730689263
YNL140C_mRNA	0.000381798732438737	0.00132797577026154	0.284676195081878	0.0801373059050579	5.03390748855132	0.0419652100176123	0.00877958501461438	0.013028701133886	0.0169083661762689	0.0169083661762689
YDR364C_mRNA	0.000385189188750257	0.00133896910122852	-0.256038382880719	0.0721229055138131	5.27609283306116	0.0343213082760701	0.00565354292366186	0.0123891006555065	0.0151533110753558	0.0151533110753558
YMR080C_mRNA	0.000387627568195524	0.00134664174854331	-0.256711968108016	0.0723465079354191	6.93702733998007	0.0371139401376496	0.00103022274960176	0.0199058460921969	0.0145165350061409	0.0199058460921969
YDR335W_mRNA	0.000390234458051419	0.00135489031740618	0.227357200004674	0.0641056524516436	7.33768886631335	0.0291266084963942	0.000672159688252345	0.0157659790167513	0.0153840128602123	0.0157659790167513
YGL238W_mRNA	0.000391353542641787	0.00135796649162064	-0.223693692666169	0.0630861118661521	6.84586539102426	0.0282018328757514	0.00119840893415168	0.0147210211074029	0.0143677310087317	0.0147210211074029
YMR124W_mRNA	0.000392174551674683	0.00136000532027185	0.221678826223705	0.0625276185058209	7.0320953059097	0.0248903675511868	0.000947873372878683	0.01167994843313	0.0146909389311592	0.0146909389311592
YPR076W_mRNA	0.000394545637357143	0.0013674139698053	0.426865071764121	0.120457263474839	4.21903553219573	0.102760832540278	0.0196531452223744	0.0383866640730129	0.0269078999600193	0.0383866640730129
YER048C_mRNA	0.000396046617767548	0.00137179999709497	0.221988703172758	0.0626608061374655	7.09967848543845	0.0193856741836678	0.00087867544508981	0.00581197994131914	0.0148268310580983	0.0148268310580983
YIR026C_mRNA	0.000401304266064486	0.00138918517771343	-0.317137098897116	0.089606378584965	6.42690728526594	0.0567963153761195	0.00164445805872427	0.030472754273724	0.0137733447018673	0.030472754273724
YOR369C_mRNA	0.000402881785954097	0.00139381786518324	-0.363523020885707	0.102742684301023	9.2898526792567	0.0746490173859159	9.75142083660448e-05	0.0421267225011523	0.020652867507868	0.0421267225011523
YCR105W_mRNA	0.000407987055810076	0.0014106424849552	0.328698819215518	0.0929877183541328	4.52749358373424	0.0592541103335968	0.0120078400482548	0.0206093028081202	0.0225790230105753	0.0225790230105753
YDR463W_mRNA	0.000417277864248499	0.00144191034229641	0.220305784975148	0.0624288796806916	6.21425107991874	0.0257452563997568	0.00200753196603362	0.0117096316355583	0.0135819281067115	0.0135819281067115
YMR205C_mRNA	0.000419642260770669	0.00144922099066385	-0.251635008111096	0.0713369928344598	8.78984214294424	0.0358841890560971	0.000169956648768773	0.0201859095378863	0.019287420490477	0.0201859095378863
YBR020W_mRNA	0.00042209195882387	0.00145595485619175	0.291779487567313	0.0827538666997683	4.85163857970314	0.0439070293921023	0.00870496033117836	0.0140139227703473	0.0186878494838738	0.0186878494838738
YOL119C_mRNA	0.000421977024531001	0.00145595485619175	0.342151055112754	0.0970381566352666	5.98912191602049	0.066372532885109	0.00258917054669729	0.0350764448259849	0.0134532271719546	0.0350764448259849
YDR132C_mRNA	0.000424132545197025	0.0014621279339159	0.275047156756482	0.0780365535931518	5.37749850242312	0.0429084773849548	0.00494383872928241	0.019414976057505	0.0146207463840507	0.019414976057505
YMR110C_mRNA	0.000424837642453321	0.00146369255170494	0.219406776208084	0.0622580032486752	6.88790655436224	0.0271098879966264	0.00107012729158115	0.0142220860059402	0.014434108582467	0.014434108582467
YBR255C-A_mRNA	0.000425277838706238	0.0014643431963963	0.349937036289248	0.0993044883291375	4.3689786069537	0.0694627718756816	0.0147647520792159	0.0246722379684709	0.0246807735300313	0.0246807735300313
YBL069W_mRNA	0.000426723565781056	0.00146845333386913	-0.225104458296439	0.0638960364554351	5.84946671470297	0.02274308741571	0.00284245152011875	0.00704742295530385	0.0134883623787384	0.0134883623787384
YOL141W_mRNA	0.000429958619163669	0.001478712464727	-0.826450458626187	0.234721860428454	2.90361974890012	0.387824342732095	0.0771826581152529	0.143194748936725	0.0657611808745768	0.143194748936725
YML058W_mRNA	0.000432017890138174	0.00148491812858112	-0.290856983361834	0.0826366186551814	5.45541463727083	0.0480536360450701	0.00463673930205036	0.0226785036689972	0.0142794101315991	0.0226785036689972
YML052W_mRNA	0.000434875891479385	0.00149386022627293	0.21869786302591	0.0621660810544936	6.86910622247013	0.0226586157011683	0.00105453704140696	0.00955719255495915	0.0144039494932885	0.0144039494932885
YOR134W_mRNA	0.000437668717157687	0.00150256802955845	0.318591916428713	0.0906052816142109	5.237922895651	0.0577149994675163	0.00569945286143225	0.0271378153641296	0.0153822605998652	0.0271378153641296
YNL095C_mRNA	0.000439010403295432	0.00150628657809139	-0.241373346891651	0.0686607369869129	5.42685924926183	0.0206308001966332	0.00445908239233653	0.000999319935577001	0.0143981048220076	0.0143981048220076
YKL133C_mRNA	0.000439924631227797	0.00150764758913715	0.298024712503099	0.0847890322895755	5.26461242040658	0.0505245997906647	0.00592452416289193	0.0228321958235188	0.0152204502249201	0.0228321958235188
YMR023C_mRNA	0.000439825771332314	0.00150764758913715	0.248700233724449	0.070754850834764	5.30990988091231	0.0265624126376909	0.00506111591476704	0.00572666726716015	0.0149638797518318	0.0149638797518318
YDL015C_mRNA	0.000449690336246816	0.00154020922926158	-0.218557314431198	0.0622836884852985	6.84004909922386	0.0270708043393724	0.00115818031293369	0.0141984529960003	0.0143588510924011	0.0143588510924011
YCL050C_mRNA	0.00045072621208167	0.00154285012431716	-0.224253008167603	0.0639179746300939	7.4901737384483	0.0165254398293994	0.00056293992057715	0.0027744851331454	0.0157790900026762	0.0157790900026762
YDL159W_mRNA	0.000451562156152434	0.00154480394700181	0.228572654939959	0.0651583413718168	5.7149615536099	0.0250469555068692	0.00343021395653328	0.00847853591902613	0.0135522238447716	0.0135522238447716
YOL023W_mRNA	0.000461318693910451	0.00157725511192622	0.235410547448619	0.0672166372034591	5.55877844905851	0.0232163401830207	0.00416528118528629	0.00487561876793344	0.0139070240824795	0.0139070240824795
YDL171C_mRNA	0.000462045110110402	0.00157881220616024	-0.284867348023076	0.0813477457495612	7.79382662723431	0.0463450096824516	0.000426460224909249	0.0260433627292317	0.0165796947803293	0.0260433627292317
YMR181C_mRNA	0.000462788097675411	0.00158042406627019	0.234577861413076	0.0669950895993447	5.5905468728246	0.021015842430505	0.004143997481028	0.00265104139018949	0.0138093706406689	0.0138093706406689
YKL153W_mRNA	0.000463805791471993	0.00158297161166715	-0.421995347745029	0.120541398732732	9.70594533832588	0.101734207156441	8.87965364092656e-05	0.0580321186973644	0.0217660520318087	0.0580321186973644
YKL125W_mRNA	0.00046761901665126	0.00159505175117696	-0.440822737249357	0.125997933007875	5.28113936839893	0.11108837157003	0.00520303426188449	0.0582988822271437	0.0151242579177927	0.0582988822271437
YHR179W_mRNA	0.000470956899344785	0.00160549730578275	-0.245630628614914	0.0702453383982521	8.9024575488136	0.0214658505486353	0.000141386302072359	0.00561933765324904	0.0195962439646675	0.0195962439646675
YCL024W_mRNA	0.000473502102504839	0.00161322997028842	0.455977102119347	0.130453783835312	5.29858061833867	0.118978606318523	0.00647488667472332	0.0615978721930778	0.0150259769609255	0.0615978721930778
YLR410W_mRNA	0.000476119328982742	0.00162119883731938	-0.21888513823483	0.0626488030714169	7.07930108578669	0.0240589595204991	0.000914674148248937	0.0111740099836914	0.0147848159568758	0.0147848159568758
YPR098C_mRNA	0.000476406234100451	0.00162122822422268	0.295273546847231	0.0845164090880318	5.39232086978711	0.0499170120372377	0.00552883137030855	0.0230432622502336	0.0145515004721222	0.0230432622502336
YDL017W_mRNA	0.000480621842023345	0.00163461929458728	0.235564326131246	0.0674712250230372	5.52494225499845	0.0218804862966174	0.00419000622495562	0.0033989285940864	0.0140194585994817	0.0140194585994817
YML115C_mRNA	0.000484285501594757	0.00164611863027483	0.217839064306634	0.062430574090181	7.02877151528317	0.0223479267584601	0.000905795458415368	0.00948016665765186	0.0146845108665029	0.0146845108665029
YBR103W_mRNA	0.000493194844273708	0.00167542458468724	0.219008453639067	0.0628535341390349	6.19988283984825	0.0188182075766709	0.00223338530434209	0.00422477916626946	0.0135688817107252	0.0135688817107252
YHR209W_mRNA	0.000495111435619029	0.00168095525869258	-0.37511751133873	0.107687567735823	5.78679179338361	0.0808175249975907	0.00328541325971487	0.0431010357197147	0.0135024622542399	0.0431010357197147
YMR223W_mRNA	0.000498201233927937	0.00169046033131285	-0.332327790416332	0.0954492695893247	5.18233166274151	0.0634639048519733	0.00612455878226802	0.0303176934782743	0.0157461333153943	0.0303176934782743
YER088C_mRNA	0.000500308190554757	0.00169662137262632	0.289985133073663	0.0833149037779207	8.1266077728798	0.0483388272226904	0.000313562933457512	0.0274519298326392	0.0174743229020984	0.0274519298326392
YNL219C_mRNA	0.000502139921212242	0.00170184245548721	0.216711170835903	0.062280263964601	6.6372561895952	0.0174816461460625	0.001434561967021	0.00387756417088371	0.0140807631509805	0.0140807631509805
YIL047C-A_mRNA	0.000503909709002193	0.0017068476538644	-0.481227548322426	0.138336669527999	4.34358012147879	0.133199581645279	0.0162778370758697	0.0602702994685252	0.0250383148152719	0.0602702994685252
YDR379W_mRNA	0.000505988091033263	0.00171289170154549	0.216510250438309	0.0622591312813094	6.69582059275593	0.0258327562502752	0.00134312734285427	0.012941486198195	0.014161670368759	0.014161670368759
YOR370C_mRNA	0.000509748197401479	0.00172461846577295	-0.21981932823385	0.0632467877649286	7.29266977363887	0.0163057725189685	0.000731283922308279	0.0029333189008205	0.0152693407280194	0.0152693407280194
YBR008C_mRNA	0.000515542759000571	0.00174321074517546	0.226977226460263	0.0653633080459518	5.75754329969724	0.025492147923727	0.00357268312322431	0.00902071498602786	0.0135167650316156	0.0135167650316156
YPL146C_mRNA	0.000519415535057751	0.00175528706916848	-0.493236090220817	0.142120902920799	6.32844273057233	0.140282334761238	0.0019924167734764	0.0788009874146167	0.0136699334221313	0.0788009874146167
YJR046W_mRNA	0.00052424200588404	0.00177057039204662	-0.231992344827756	0.0668940989185472	6.15843843869865	0.0310581159041125	0.00221882816360479	0.0156804537168927	0.0135315321329439	0.0156804537168927
YMR301C_mRNA	0.000530336721276767	0.00179011688189945	0.215886807351634	0.0623059546465171	6.47034862436749	0.023460548499726	0.00169646260778258	0.010123521188072	0.0138316653298728	0.0138316653298728
YJR051W_mRNA	0.000531419820236379	0.00179273414747953	0.215151240794054	0.0621035016254009	6.62636610045611	0.0170378860522622	0.00136257027530829	0.00366657723348084	0.0140648093812364	0.0140648093812364
YHR165C_mRNA	0.00053341871280327	0.00179843600740269	-0.216156103810852	0.0624117503084801	6.97846964762523	0.0238245378646613	0.000990754285819014	0.0111859759364073	0.0145901520204532	0.0145901520204532
YNL250W_mRNA	0.000540135796387605	0.00182002958343215	0.266623901715197	0.0770584915682152	5.87507762641235	0.0411254561825592	0.0030226372446039	0.0207294072464709	0.0134853390443817	0.0207294072464709
YPR142C_mRNA	0.000545889916154033	0.00183835528989214	-0.353991717288115	0.102393634095255	5.28358822984461	0.0725580064410269	0.00653281457742807	0.0354050106355038	0.015110260013858	0.0354050106355038
YHL004W_mRNA	0.00054810957667209	0.00184476394782877	-0.21515454845314	0.0622540761302678	6.31993420186951	0.0190863261882434	0.00183882035460789	0.00538467778420305	0.0136634596247248	0.0136634596247248
YOR221C_mRNA	0.00055126429709627	0.0018532405048372	-0.222461988354366	0.0643972835395085	5.81496993131397	0.0206848322558291	0.00309391948554538	0.00492859042782068	0.013494121023526	0.013494121023526
YPL142C_mRNA	0.000551220788660678	0.0018532405048372	-0.33212932609942	0.0961426928451911	6.53957538708443	0.0639247287148269	0.00164470530624429	0.0353289642438547	0.0139335330049013	0.0353289642438547
YOL148C_mRNA	0.00055577973641115	0.00186734298981047	0.217550334728827	0.0630156176143836	6.10454586419223	0.0208873228062407	0.00239535643737806	0.0064615899577014	0.0134885158159108	0.0134885158159108
YCL057C-A_mRNA	0.000557169261338009	0.00187093263202031	0.462735319500938	0.134062049772777	5.0714510365154	0.124197557483609	0.00649746153635391	0.0653930712207606	0.016588578585972	0.0653930712207606
YPL229W_mRNA	0.000559254094046572	0.00187685158520468	0.294083812369566	0.0852258160109741	4.75634019586883	0.0359866970303412	0.00930224052937705	0.00454485237518335	0.0197515183295686	0.0197515183295686
YKR046C_mRNA	0.000560777641331141	0.0018808811389725	0.215085655736944	0.0623453309901875	6.91711604619283	0.0235196356164282	0.00106527003568343	0.0109166711808351	0.0144824911494207	0.0144824911494207
YLR433C_mRNA	0.000564136742868992	0.00189105907016959	-0.219555291420928	0.0636706742282709	5.89236668504138	0.0242179297637184	0.00273272719280462	0.00944233298519977	0.0134830918339258	0.0134830918339258
YFR012W_mRNA	0.000569422239557041	0.00190767910733716	0.940795208752155	0.273028548636069	2.14818544785155	0.427760051653112	0.178579244479096	0.0268506323460919	0.119599109002178	0.119599109002178
YOR303W_mRNA	0.000578841768100376	0.00193812192008781	-0.214873927503024	0.0624390379744823	7.01606630566867	0.0199526430613	0.000934373694317614	0.00725179966548244	0.0146601601583977	0.0146601601583977
YBR192W_mRNA	0.000580705696289163	0.00194324605777178	-0.227321380637904	0.0660727772458405	5.63414079538785	0.0285722041576972	0.00377312055962974	0.0120756667250107	0.0136893270122841	0.0136893270122841
YEL038W_mRNA	0.000581729857145426	0.00194555576792724	0.2131721057956	0.0619687667427059	6.67017918619246	0.0262642895895289	0.0012330803374126	0.0139237023115596	0.014127431869035	0.014127431869035
YLL027W_mRNA	0.000594344741766367	0.00198660497161839	0.244969989505304	0.0713328476658416	6.49164159821774	0.0349993461183687	0.00154855716888733	0.0188049434555853	0.0138621186209911	0.0188049434555853
YBR213W_mRNA	0.000596611588241675	0.00199303848227981	0.301997843387314	0.0879652300858567	4.68722561243782	0.038108575117544	0.0103809545093085	0.00439174814217754	0.0205705723069223	0.0205705723069223
YJR149W_mRNA	0.000597216473641247	0.00199391585984751	0.302024388554822	0.0879800030248563	4.65600827015319	0.038466478451641	0.0100100972776412	0.00514149212571299	0.0209518264513738	0.0209518264513738
YMR038C_mRNA	0.000599181778332562	0.00199933163835367	-0.213191571681801	0.0621190366684692	6.94053262136702	0.019480491378283	0.00091248147899974	0.00697357464454454	0.0145226173874747	0.0145226173874747
YML032C_mRNA	0.000602743037347896	0.00201006350062326	0.213483694445503	0.0622333028495077	6.51925106846707	0.0225668059373653	0.00158904586557619	0.00956816398328644	0.013902890068658	0.013902890068658
YKL175W_mRNA	0.000605454944703848	0.00201795223560905	0.216469607612985	0.0631261524955939	7.02204724725168	0.0273727591532473	0.000924027414891431	0.0150156171006965	0.0146715796171936	0.0150156171006965
YGR178C_mRNA	0.00061088250578285	0.00203340406760177	0.222683774032544	0.0649842209528781	7.74895613691956	0.0173739561550929	0.000431458918275956	0.00401547604293014	0.016460336973134	0.016460336973134
YNL022C_mRNA	0.000610882680837586	0.00203340406760177	-0.300981138294166	0.087833185523771	5.6219407563674	0.052958667818239	0.0037643202776199	0.0270943536393928	0.0137202571396394	0.0270943536393928
YNL308C_mRNA	0.000611138091721712	0.00203340406760177	-0.388945399780915	0.113506930713588	6.97342568921428	0.0884405467976014	0.00100931093399776	0.0505259823460792	0.0145809929029187	0.0505259823460792
YNL240C_mRNA	0.000615268004437627	0.00204597682297581	-0.242281302762725	0.0707433420415858	5.94601176558908	0.0343373108995686	0.00290844335133684	0.0171100384215144	0.0134698865195547	0.0171100384215144
YKL113C_mRNA	0.000616544373265973	0.00204905163642188	0.217442980647221	0.0635012795876454	6.03557846533867	0.0177860733586538	0.00267494562387033	0.00287257587961642	0.0134547044132029	0.0134547044132029
YHR187W_mRNA	0.000619166694367874	0.00205659359258109	-0.23653892087661	0.0691012681014906	5.3813291874337	0.0277971509840452	0.00449729099615866	0.00929946760404091	0.0146026500167777	0.0146026500167777
YPR132W_mRNA	0.000630599851704388	0.00209337591796568	-0.276760544952493	0.080969124100942	8.57188897187781	0.0449014362799556	0.00019536207179661	0.0260286341588984	0.0186894635170733	0.0260286341588984
YGR265W_mRNA	0.00063906555730452	0.00212027103465611	-0.850778064497902	0.249168512124754	2.97952486045314	0.42480335443021	0.0701158875973126	0.178223902140542	0.0621011871564384	0.178223902140542
YBR133C_mRNA	0.000641419920138943	0.00212566123704749	-0.214308426426299	0.0627832183571444	6.15200761711364	0.0166527741092642	0.00224098798293361	0.00247895523775902	0.0135259420461899	0.0135259420461899
YJR063W_mRNA	0.000641219367287405	0.00212566123704749	-0.53521161143244	0.156790235564731	4.60255154680721	0.168164256152087	0.0113266566642822	0.0870060552094936	0.021618681491082	0.0870060552094936
YHR085W_mRNA	0.000642058493938221	0.00212656781448782	-0.63881601900437	0.187160684683579	4.83245336874241	0.239598296697002	0.00879872596929005	0.131317761595614	0.0188952890168051	0.131317761595614
YIL014W_mRNA	0.000645172212061966	0.0021356666519733	0.211940616778332	0.0621184813008561	6.47020164920694	0.0144208584325858	0.00160336407645662	0.0010136056612054	0.0138314588000426	0.0138314588000426
YKL067W_mRNA	0.000645750183150033	0.00213636602330045	0.28421401602166	0.083307326975059	6.92538911032865	0.0474504418910325	0.00109756055569917	0.0266628823552184	0.0144965316615907	0.0266628823552184
YIL103W_mRNA	0.000651807357793419	0.00215518142253374	-0.358305822668676	0.105103167849596	5.59382164874517	0.0754764066790829	0.00388080952569796	0.0403058940423831	0.0137997270527533	0.0403058940423831
YDR236C_mRNA	0.000652412172657682	0.00215595763919663	0.227617723359677	0.0667729017134305	5.62403509928651	0.0280165111136326	0.0041197545311305	0.0110951279513495	0.0137147270817953	0.0137147270817953
YGR279C_mRNA	0.000653589386276445	0.00215862344923275	-0.226878064549235	0.0665655233277073	8.09040404961051	0.0281762707805844	0.000347588036229672	0.0151345146076516	0.0173762875473365	0.0173762875473365
YPL266W_mRNA	0.000655309714901394	0.00216307897961219	-0.310089078917682	0.0909986020622417	6.3629186737606	0.0565561799855914	0.00187995785912569	0.0312430244500032	0.0137005795659586	0.0312430244500032
YMR085W_mRNA	0.000661173483610741	0.00218119859315752	0.422628877517091	0.12411305270846	5.33850075801445	0.10513916427945	0.00576416257351086	0.0558520368369406	0.0148131180749678	0.0558520368369406
YGR001C_mRNA	0.000666827704993023	0.00219860679642861	-0.230201908304231	0.0676494023826067	5.66383246433257	0.0312168270893449	0.00350441584503282	0.0148013507258625	0.0136262334854738	0.0148013507258625
YGL021W_mRNA	0.000667933713771937	0.00220100781472585	0.260728524502233	0.0766304523729044	5.88557383532734	0.0400508081923666	0.00293473100401092	0.020554173919493	0.0134840308708015	0.020554173919493
YKR072C_mRNA	0.000676158578742748	0.00222685126046085	-0.212217833191731	0.0624341207007845	7.0101218010067	0.0181144719717561	0.000943190635871731	0.0055976268411259	0.0146488870748488	0.0146488870748488
YCR044C_mRNA	0.000678731051113546	0.00223406051061442	0.2116414158622	0.0622835725675251	6.46034026769165	0.0164137539722956	0.00169924351223216	0.00308918177003985	0.0138177301348645	0.0138177301348645
YLR352W_mRNA	0.000680029653805736	0.00223707101246314	0.218513896296751	0.0643159606818808	5.93137423560583	0.0174024941376783	0.00307129408845618	0.00193185738054565	0.0134748771052768	0.0134748771052768
YNL066W_mRNA	0.000681109253576871	0.00223935807637633	-0.225764818176185	0.0664586404610501	7.54867357256623	0.0300811374968431	0.000574049540372488	0.017092954027352	0.0159319615531575	0.017092954027352
YLR052W_mRNA	0.000682130550039289	0.00224145097830169	-0.2187574651804	0.0644036516628207	5.81377732775331	0.0206449927638578	0.00309692984880202	0.00534989709185878	0.0134943915412218	0.0134943915412218
YPL150W_mRNA	0.000684345767868548	0.0022474624823011	0.213911731616651	0.0629934929000857	6.08091351399914	0.0179053686252865	0.00239919444039541	0.00371134939434467	0.0134735261506172	0.0134735261506172
YDR312W_mRNA	0.000698138425012022	0.0022914673037296	-0.30352510510061	0.0895272644747798	5.16663851974152	0.0544904865618817	0.00622352300328656	0.0258370013340621	0.015855824312985	0.0258370013340621
YBL037W_mRNA	0.000706873631966361	0.002318832083241	-0.212989224273446	0.0628862017707942	6.0335749008361	0.0245579755239914	0.00236446535165943	0.0109863913793016	0.0134542321409687	0.0134542321409687
YGR237C_mRNA	0.000708522479964267	0.00232293301534711	0.210681431072181	0.0622165568096675	6.80137252925633	0.0254846796394275	0.00118191959098867	0.0134411899087916	0.0143016801740137	0.0143016801740137
YIL104C_mRNA	0.000713054642751064	0.00233647713648352	-0.374716455679578	0.110715132739452	4.95990314783227	0.0832059175472716	0.00714867321137922	0.041882689258679	0.0175870717046279	0.041882689258679
YHR005C_mRNA	0.000715499981467722	0.00234185555732076	-0.2105584608167	0.0622296771111134	6.17896823940884	0.0222172500919281	0.00194028251500229	0.00919680960592129	0.0135498483384114	0.0135498483384114
YOR142W_mRNA	0.000715208871647757	0.00234185555732076	0.212900787550083	0.0629198640996041	7.22438048968307	0.0243609558356523	0.000732103075262882	0.0124184223659516	0.0151035341179877	0.0151035341179877
YKL084W_mRNA	0.000719149134420967	0.00235247774123333	0.398166368463981	0.117725025192264	4.6330009896007	0.0940173330045506	0.0105791098297667	0.0448576163963104	0.0212368049237975	0.0448576163963104
YLR263W_mRNA	0.000721649306622848	0.00235933157148413	0.344990658445373	0.102031436244596	4.81812080287357	0.0706038267105235	0.00898771553811257	0.0326539403904277	0.0190525369097265	0.0326539403904277
YLR091W_mRNA	0.000723937132612469	0.00236548386685376	0.242116870348407	0.0716248042636683	5.27918361016664	0.0213909266693609	0.00538496612841384	0.000785147043813586	0.0151354842148214	0.0151354842148214
YGR056W_mRNA	0.000730523944893427	0.00238543045855221	0.211381760189288	0.0625786122938555	6.28360290160404	0.0205018448528586	0.00202512815251088	0.00717477746391716	0.0136392027139878	0.0136392027139878
YOR244W_mRNA	0.000730860516394731	0.00238543045855221	0.223435017677276	0.0661494052024607	5.60625474180088	0.0281023061986665	0.00373915630448943	0.0121066840156691	0.0137638189300679	0.0137638189300679
YER069W_mRNA	0.00073127568405664	0.002385449123916	0.436876750466466	0.129346213382679	5.98446677999419	0.113356665580871	0.00294433590439998	0.0639774357613503	0.0134542725271724	0.0639774357613503
YIL153W_mRNA	0.000731933784791201	0.00238625978186544	0.356590714684572	0.105583639469096	7.00873457701156	0.0755273617943502	0.000962776191947918	0.0436288435022121	0.0146462673810955	0.0436288435022121
YBL046W_mRNA	0.00073509166610262	0.00239521479122699	0.242262321473901	0.0717570842713455	6.48601625548494	0.0348741707759129	0.00166088733780189	0.018935429234698	0.0138539765505773	0.018935429234698
YNR063W_mRNA	0.000736917149879672	0.00239982074633816	-0.446146645116025	0.132173483090703	3.62918695559049	0.113857309843219	0.0308173418814311	0.0343021103939368	0.0390619766478818	0.0390619766478818
YMR212C_mRNA	0.00074733958129855	0.00243240245846109	-0.20907297476535	0.0620100889965487	6.48915992732497	0.0216143961365212	0.00152248579243486	0.00914679327462849	0.0138585187570047	0.0138585187570047
YMR142C_mRNA	0.000753647151122205	0.00245019436519976	-0.307566556860951	0.0912855326319389	8.84966465374384	0.0563359641199614	0.000141140548949281	0.0331910533226378	0.0194515131922999	0.0331910533226378
YOR352W_mRNA	0.000753258575922668	0.00245019436519976	0.230827819816554	0.0685066407074101	5.48046319135742	0.0270006461256373	0.00459151756353078	0.0091144654564338	0.0141811217205259	0.0141811217205259
YNL111C_mRNA	0.000766267959275455	0.00248983665964239	-0.349948521117377	0.104005846686073	4.39683341290997	0.0730413315895082	0.0130729621291394	0.0301959024504081	0.0242974216668201	0.0301959024504081
YDL146W_mRNA	0.00077417848778352	0.0025141381660127	-0.2127308943545	0.0632776356306182	5.97494241642434	0.0206740942459255	0.00255907622289384	0.00666190092263622	0.0134571604611113	0.0134571604611113
YPR026W_mRNA	0.000784592052729538	0.00254653665693721	0.337618891769923	0.100536449540505	6.27982509827924	0.0681313609831725	0.00199863047927211	0.0384316802655695	0.0136365013582213	0.0384316802655695
YNL115C_mRNA	0.00080014119443875	0.00259555823986646	0.274047508683035	0.0817382271667571	6.58169865312939	0.0449701242507947	0.0014240150820087	0.0253005360394489	0.0139976895049527	0.0253005360394489
YPR204W_mRNA	0.000802107571270612	0.00260048898732476	0.342291386643859	0.102113543799819	8.65549018133425	0.0701716946542887	0.000731797408425469	0.040976905901005	0.0189187704989227	0.040976905901005
YGL031C_mRNA	0.000802657694484681	0.00260082521027128	-0.336431891410393	0.100371202589206	8.18257063796676	0.0677940570364857	0.000295743564939207	0.0400017696718743	0.0176261483860608	0.0400017696718743
YDR344C_mRNA	0.000807319922285113	0.00261447796955701	0.63238704080143	0.188756876856085	2.89123016691398	0.195939093435366	0.0761342301924052	0.0195395500958902	0.0663824040494469	0.0663824040494469
YJL062W_mRNA	0.000810156331209404	0.00262220599201444	0.208125586418975	0.0621400005132239	6.63503148659083	0.0249275649541289	0.00136799687989992	0.0129640342217405	0.0140775217752339	0.0140775217752339
YOR097C_mRNA	0.000815178835913883	0.00263699716714841	0.276774406825053	0.0826787362733416	5.0708665760166	0.0459479734181212	0.00655431310898756	0.0207887806180395	0.0165934265295736	0.0207887806180395
YDR272W_mRNA	0.000819794521779636	0.00265045665032639	0.211008391989418	0.063062436047961	6.17099465185765	0.0255637511693032	0.00236481735839723	0.0123036184687247	0.0135426660028154	0.0135426660028154
YCR006C_mRNA	0.000823554729494341	0.00265966178161532	0.753936714177199	0.225408694300335	2.70767298085237	0.341266048402895	0.109854021013498	0.0933822968512293	0.0764376336507787	0.0933822968512293
YHR146W_mRNA	0.000823436268771823	0.00265966178161532	0.353278938434972	0.105620528632609	7.39516752354495	0.0749295342140231	0.000671396889668702	0.0439513873848585	0.0155323416161356	0.0439513873848585
YPL168W_mRNA	0.000825749683316745	0.00266527293906003	0.220571353097788	0.0659600168285912	5.67259949419119	0.0256652026705383	0.00379225097625301	0.00980568851149827	0.0136106443038591	0.0136106443038591
YDL204W_mRNA	0.000832741741538032	0.00268635292702136	-0.427794655415492	0.128017989444372	5.56006020280132	0.109986332240366	0.00412946508129943	0.0614249574042181	0.0139029380106679	0.0614249574042181
YMR130W_mRNA	0.00083473144059543	0.0026912813353121	-0.262678610919809	0.0786224316843149	5.37217395499586	0.0414775646213672	0.0050765051773162	0.0196494418785028	0.0146461340185279	0.0196494418785028
YBL083C_mRNA	0.000860280498432975	0.00277212067691953	0.512467217422601	0.153772429394756	4.67681821091583	0.158310957205433	0.0182618711502895	0.0763219690175709	0.0206969508602084	0.0763219690175709
YOR377W_mRNA	0.000867726287220653	0.00279456791008708	0.207755215401627	0.0623845458062831	6.23509957383702	0.0245099283739297	0.00196687304718294	0.0119616989172914	0.013600453174642	0.013600453174642
YLR377C_mRNA	0.000868711174868947	0.00279619409104226	0.322378279685675	0.0968126366209261	4.41193785760247	0.0458856333840661	0.0133974404802151	0.00607209379897157	0.0240933059577669	0.0240933059577669
YHR182C-A_mRNA	0.000881724133698133	0.0028365128674353	-0.643421058833868	0.193464878175769	4.74776713402858	0.250131169647149	0.0159710461018278	0.133743590248433	0.0198510917512126	0.133743590248433
YGL047W_mRNA	0.00088466951629496	0.00284441755073644	0.388877036531474	0.116960868684063	5.5559068601434	0.0913981804768345	0.00410295350641178	0.0506164257069104	0.0139162236009892	0.0506164257069104
YDR471W_mRNA	0.000885574079947641	0.00284575542734416	-0.347296792872986	0.104463911119753	7.78554903896481	0.0729047958693231	0.000441849463903762	0.043208985441839	0.0165576506394547	0.043208985441839
YML074C_mRNA	0.000888205289674753	0.00285263727543832	-0.224762749776656	0.0676235453887233	8.34369579402936	0.0304382521509585	0.000226825029218928	0.0179517897933327	0.0180649505345439	0.0180649505345439
YPR008W_mRNA	0.000890963248723604	0.00285991839507643	0.213742232957516	0.0643245786463841	7.12999256722772	0.0276300965339074	0.00085415564453399	0.0156964500276054	0.0148909975375246	0.0156964500276054
YGR258C_mRNA	0.000892842506473107	0.00286437249048035	0.269112839698977	0.0810023952651212	6.53700128824216	0.0438083074753238	0.00157900631143296	0.0246665458433148	0.013929631688592	0.0246665458433148
YIL136W_mRNA	0.000895940596775327	0.00287272972857075	0.328424245304298	0.0988837715881965	7.23559520108717	0.0652678636994108	0.000765124384114933	0.0383468767499115	0.0151300694882264	0.0383468767499115
YPL127C_mRNA	0.000900769815582494	0.00288662538260925	0.206028147621331	0.0620601211850512	6.75174705191041	0.0180827686723749	0.00117271835528275	0.00607379161875405	0.0142331162107302	0.0142331162107302
YOR175C_mRNA	0.000903029779204472	0.00289227679694627	-0.207106506553323	0.0623980963396849	6.97346416919308	0.0168607051511602	0.000993027139004644	0.00481684122103229	0.0145810625682617	0.0145810625682617
YHR161C_mRNA	0.000905136985081177	0.00289743300828733	0.368765805800691	0.111125420113728	7.15942620218764	0.0823659321237781	0.00090404268009489	0.048491393301715	0.0149552040741173	0.048491393301715
YDL151C_mRNA	0.000907412551958983	0.00290312220083088	-0.547171032739467	0.164921646682737	3.62513959033817	0.169905003672096	0.0696279494476884	0.0268713718955075	0.0391686487304932	0.0391686487304932
YBR156C_mRNA	0.0009103214802828	0.00290923365009742	0.251932909817358	0.0759550277712516	5.05212172348139	0.0346828026997857	0.00632555816373851	0.012700247286306	0.0167511068111879	0.0167511068111879
YLR381W_mRNA	0.000910101860304766	0.00290923365009742	0.225361094780421	0.0679425340978456	5.50721999352958	0.0269921051249155	0.00438280937646488	0.0100265538171931	0.0140819423820827	0.0140819423820827
YKL032C_mRNA	0.000912704188613139	0.0029152492340242	0.279612769616043	0.0843187722779572	7.53453029295204	0.0473915935868859	0.000561853144240066	0.027876768289608	0.0158949388426816	0.027876768289608
YHL025W_mRNA	0.000915373424785039	0.00292217291660144	0.352459612172313	0.106312304833875	7.18215243559021	0.0753226838506474	0.000804354360093015	0.0444048702762699	0.0150060624851548	0.0444048702762699
YLR440C_mRNA	0.000916794485618514	0.00292510661183651	-0.213182695683164	0.0643106545639294	5.85984195127754	0.0232033469420719	0.00305633208034367	0.00881957914652187	0.0134871090814206	0.0134871090814206
YNL108C_mRNA	0.000923237930931402	0.00294405264674677	-0.308305087875834	0.0930611289377918	5.1336847934438	0.0576792691409585	0.00845287433458602	0.0261886205421193	0.0160965405999275	0.0261886205421193
YBR160W_mRNA	0.000923837043038134	0.00294435153869812	0.208376469316274	0.0629013673378019	6.0977283373085	0.0189172107866569	0.00234243911735111	0.00552007159271959	0.0134838889345092	0.0134838889345092
YOL090W_mRNA	0.000928407766486148	0.00295730106481591	0.206501858260379	0.0623614804615441	6.29881247028016	0.0207777371910023	0.00190644363886204	0.00817169836150045	0.0136493733425601	0.0136493733425601
YFR009W_mRNA	0.000931196746174185	0.00296456406732831	-0.211466114988836	0.063876827669258	7.47222905878209	0.0222591600902949	0.000588658594104892	0.0104838935630763	0.0157323378582475	0.0157323378582475
YNL237W_mRNA	0.000939025075501078	0.00298785368097721	0.225711791079614	0.0682282703364172	5.70657738026686	0.0309645783615351	0.0034638277681841	0.0151565597242128	0.0135617425792676	0.0151565597242128
YLR259C_mRNA	0.000940851550748416	0.00299203118704163	-0.225105759820905	0.0680562743376999	8.43118547274568	0.0221306297932825	0.000222565314116005	0.00901093714881623	0.0183040605927971	0.0183040605927971
YDR172W_mRNA	0.000946157935183376	0.00300616451187986	-0.215741648643016	0.0652563039274405	7.80526944797165	0.0258529790475838	0.000423353963983326	0.0139778495986545	0.0166101868450986	0.0166101868450986
YLR333C_mRNA	0.000946327791758953	0.00300616451187986	-0.294656658326728	0.0891274221000593	6.91477477968091	0.0528091491944277	0.000992038922719534	0.030782750558089	0.0144785447013389	0.030782750558089
YMR316C-A_mRNA	0.000953868301901212	0.00302846688113159	-0.729109857434885	0.220688839629111	2.5186132087562	0.29146265575099	0.106141396645225	0.0542539675997738	0.08867285910215	0.08867285910215
YOL053W_mRNA	0.000956339839141422	0.00303466007779844	0.233553451283305	0.0707080856262988	5.99460859653373	0.0332112218206526	0.00248640855543653	0.0175121249363075	0.0134522941271631	0.0175121249363075
YJL046W_mRNA	0.000975949497096607	0.00309519965709572	-0.277847349283248	0.0842633296851811	5.07228162725417	0.047094259124959	0.00663898981504975	0.0217622451034843	0.0165816962195767	0.0217622451034843
YPL220W_mRNA	0.000985222901523399	0.00312291002408886	-0.246757208052144	0.0748949050698076	9.04578248924293	0.0371782866670682	0.000321120854413409	0.0221158663672486	0.0199885301054209	0.0221158663672486
YDL191W_mRNA	0.000991773347916983	0.00314196385261791	-0.26715328189874	0.0811313219708217	8.18421061953137	0.0436061215188084	0.000327913639576876	0.0260012519793557	0.0176306025665154	0.0260012519793557
YDR224C_mRNA	0.000993222208299843	0.00314484379649722	-0.22835067550008	0.0693560707424157	7.96920631540806	0.0318633959159787	0.000354716000469255	0.0188863421948386	0.017049265454147	0.0188863421948386
YAL028W_mRNA	0.00101407193561508	0.00320737410254802	0.235221679734976	0.0715700611640503	5.93284312667247	0.0338776186100549	0.0028766437963597	0.0176124508237439	0.0134744342977352	0.0176124508237439
YMR226C_mRNA	0.00101355557328336	0.00320737410254802	0.2079774503861	0.0632777949884813	7.32447437006257	0.0207534981348332	0.000666300806620962	0.00921112723238521	0.0153500165477961	0.0153500165477961
YHR010W_mRNA	0.00101640679208735	0.00321301463412964	-0.294086232668789	0.0894982080688427	8.4722267618405	0.0529668591228788	0.000202057327350324	0.0318376596627851	0.018416384585486	0.0318376596627851
YGL083W_mRNA	0.00101986879797291	0.00322078268815365	-0.209433637768795	0.0637547737642518	5.89541666178565	0.0243506711165729	0.00277604673044092	0.0107818298575812	0.0134826379804828	0.0134826379804828
YPL066W_mRNA	0.00101996980083136	0.00322078268815365	-0.208660174638461	0.0635198593949226	5.99591358819368	0.0241211084791521	0.00268697120478681	0.0107173397428324	0.0134521189454161	0.0134521189454161
YBR039W_mRNA	0.00102222504566465	0.00322615553415072	0.204789741593387	0.0623534440941357	6.94713885459616	0.0190740986695057	0.00101765489284735	0.00743635417822705	0.0145341530687547	0.0145341530687547
YHR203C_mRNA	0.00103626022047127	0.00326868004573126	-0.318035841499459	0.096947590053716	9.11662652824678	0.062061463871839	0.000154214526012564	0.037441126342881	0.0201819401526666	0.037441126342881
YMR115W_mRNA	0.0010430763171147	0.00328839968804665	0.208794635157781	0.0636832548340803	5.93776427096281	0.0251717040305507	0.00274936765657246	0.0117645438988259	0.0134728601284772	0.0134728601284772
YOR109W_mRNA	0.00105755302574015	0.00333223576417636	-0.250201611596162	0.0764032575349808	6.69012139848486	0.0384867346967224	0.0013329399743106	0.0220168910735158	0.0141542477665088	0.0220168910735158
YIL095W_mRNA	0.00108897563224354	0.00342939028835182	0.208235704448843	0.0637494728367931	5.94065931448269	0.026527704301901	0.00278411526515285	0.0132492511705107	0.0134718658827232	0.0134718658827232
YPL115C_mRNA	0.00109647366118338	0.00345113752028868	-0.203928157946043	0.0624679211052311	6.30614191740799	0.0256418429228986	0.00195500797878797	0.0136364826948131	0.0136539566900495	0.0136539566900495
YDR268W_mRNA	0.00109994086300807	0.00346018113816685	-0.264927622282283	0.0811757129610146	4.89254473642762	0.0385056741275227	0.00810035147999581	0.0131024007857374	0.0182576340189203	0.0182576340189203
YLR189C_mRNA	0.00110098678620078	0.00346160227544831	0.235383041013515	0.0721289947257861	6.63220667722961	0.0341977232850412	0.00144495412479563	0.0193654133958143	0.0140733925179282	0.0193654133958143
YPL270W_mRNA	0.00110517038321208	0.00347288168964056	0.202587275743823	0.0620997635554116	6.79513420491169	0.0215097915585262	0.00113275765172017	0.0101872749343282	0.014292764882832	0.014292764882832
YBR162C_mRNA	0.00111000501588221	0.00348518889905329	0.227165163611997	0.0696601309683782	8.77558942134824	0.0269757149528816	0.000161819420885448	0.0139967290118119	0.0192483159652409	0.0192483159652409
YGR017W_mRNA	0.00111028331559267	0.00348518889905329	-0.202451610959155	0.0620830805295542	6.65545841230987	0.0210000968553867	0.00131034433963955	0.0094792866397156	0.0141068912125169	0.0141068912125169
YGR071C_mRNA	0.00111543518878924	0.00349947518033718	-0.214105572917274	0.0656832873675267	5.67228549021065	0.0273738985401828	0.00364599670680807	0.0125856956278923	0.0136111802508123	0.0136111802508123
YOL135C_mRNA	0.00111768328923476	0.00350464092738521	0.254265275493844	0.0780171471441009	5.03853884319048	0.0342632859903655	0.00747869594273316	0.0107603018120983	0.016868005051284	0.016868005051284
YMR259C_mRNA	0.0011271660525085	0.00353186554786912	-0.366546983189466	0.112551754401519	5.86271705144398	0.0831219345998237	0.00305616630172102	0.0476154233737188	0.0134867752890635	0.0476154233737188
YPR017C_mRNA	0.00112757808428365	0.00353186554786912	0.27311632355401	0.0838656492142157	4.79177441354921	0.0416746475618402	0.00878727319194785	0.0145519845695499	0.0193465152805396	0.0193465152805396
YDL233W_mRNA	0.00113129264973961	0.0035396944024613	0.212813996441925	0.0653673964107489	5.70649587169664	0.0222241081871068	0.0035297463291859	0.00734185613369038	0.013561839724894	0.013561839724894
YFL053W_mRNA	0.0011310298103237	0.0035396944024613	-0.42627365023586	0.130930457807189	4.28677591512089	0.112455523154081	0.0149876037087246	0.0535835354176758	0.025866470002506	0.0535835354176758
YDL207W_mRNA	0.00113315340961661	0.00354361340012149	0.202906740887311	0.0623332448358599	6.56166660021842	0.0159821598694415	0.00157457929165266	0.00378597899774597	0.0139671543554163	0.0139671543554163
YBL078C_mRNA	0.00115166885688881	0.00359958302587673	0.372293461208134	0.114531135983317	4.82346376708634	0.085932201811504	0.00904124099784661	0.0434282834406698	0.0189936928503329	0.0434282834406698
YDR171W_mRNA	0.00115477878148647	0.00360736792543709	-0.292352283181498	0.0899595175859349	7.88580051115288	0.0530047639310807	0.000375155569792065	0.0319957036473845	0.016825371087739	0.0319957036473845
YGL241W_mRNA	0.00116127978235534	0.00362573205359176	-0.212391025718217	0.0653868245154185	5.75422511714513	0.0130570777351377	0.0035829032145881	-0.00248173358569379	0.0135188440662524	0.0135188440662524
YNL085W_mRNA	0.00116542152822939	0.00363671442070937	-0.291143068940239	0.0896594376682013	6.75769666429966	0.0526153848729689	0.0011781658553426	0.0309770931965697	0.0142410516921399	0.0309770931965697
YGL002W_mRNA	0.00116796427053044	0.00364269798721111	0.213425925942183	0.0657384862804739	5.6596016789953	0.0253741392260104	0.00365196319522959	0.0105201500142735	0.0136342311185627	0.0136342311185627
YMR246W_mRNA	0.00116973987794596	0.00364433397268084	-0.275666746042996	0.0849209324494161	8.466003408163	0.0471877497672078	0.000223511200780561	0.0286227478715326	0.0183993465296475	0.0286227478715326
YOR021C_mRNA	0.00116937007647364	0.00364433397268084	-0.226096203548165	0.069648473495515	6.48841826602571	0.0317419283473253	0.00153790868219935	0.0178657307588225	0.013857445317899	0.0178657307588225
YLR109W_mRNA	0.00117069182467318	0.00364535038511276	0.334805437639954	0.103146349224939	9.69649447250053	0.069611480557692	6.72113140314833e-05	0.042489466119701	0.0217411414158593	0.042489466119701
YGR010W_mRNA	0.00117700381460144	0.0036630471281346	0.206659525213437	0.0636973987283767	5.85695370176065	0.0265114987765909	0.00274198587237054	0.0134608601421359	0.0134874485466767	0.0134874485466767
YGL219C_mRNA	0.00117917107249631	0.00366783271135265	0.217847527481124	0.0671566541020011	6.55504861207684	0.0294927391712268	0.0014886244967169	0.0165514402639864	0.0139570641989131	0.0165514402639864
YIR036W-A_mRNA	0.00118025299254637	0.00366923902592057	0.3874135140963	0.119438999980909	3.83799780177099	0.0600534417956723	0.0230248431534002	-0.00156450720216398	0.0340378557123583	0.0340378557123583
YBR226C_mRNA	0.00119093104246008	0.00370046093513196	0.543220156531704	0.167606573207603	3.22667448507212	0.183566833550898	0.0490162827268613	0.0633515708027213	0.0517566913468584	0.0633515708027213
YIL050W_mRNA	0.00119734559694914	0.00371840908732714	0.204216820139308	0.0630393836771909	6.1065023266409	0.0202648648701901	0.00240597044375897	0.00739081059492744	0.0134898851338414	0.0134898851338414
YHR131C_mRNA	0.001203144459322	0.00373442707512517	-0.201027233126346	0.0620812038224598	6.28936175436841	0.0172545466295101	0.00177311230411917	0.00516763095366046	0.013643191168064	0.013643191168064
YBL049W_mRNA	0.00121204689316455	0.003760056016814	0.448077149058985	0.138465083297829	3.46325946220353	0.0801756356540302	0.0329309697843734	-0.00439225487186331	0.0437593473863254	0.0437593473863254
YGR148C_mRNA	0.00121522817317979	0.00376791875303111	-0.354164450689337	0.109469435847502	7.81417332718019	0.0781872697383636	0.000430868822281752	0.0475033607167994	0.0166339280766623	0.0475033607167994
YJR155W_mRNA	0.00121766746743527	0.00377347375812652	0.390938738595197	0.120857466104123	5.18349127830703	0.0952865271781153	0.00582750531874847	0.0525986031336883	0.0157381557386158	0.0525986031336883
YDL183C_mRNA	0.00122325180231655	0.00378675079718184	0.381068232820099	0.117853641650161	4.50894745333094	0.0905775279913325	0.0119073752841002	0.043650548116718	0.0228195942558329	0.043650548116718
YPL265W_mRNA	0.00122317085742829	0.00378675079718184	-0.443856442917933	0.13727145918556	7.56944117760644	0.122884504271152	0.000582810945299496	0.0747910030824314	0.0159863968488032	0.0747910030824314
YER169W_mRNA	0.00123283198371546	0.00381438084818175	-0.239508283525722	0.0741242472991725	5.97622198413113	0.0358095665079472	0.00277040695120278	0.0192072091994727	0.0134567127552695	0.0192072091994727
YNL265C_mRNA	0.00124660149812872	0.00385289142074159	0.210259362536766	0.0651361642704006	5.70631411791499	0.0187463685092611	0.00340882291059995	0.00404542919664623	0.0135620566728425	0.0135620566728425
YOR283W_mRNA	0.0012463929839101	0.00385289142074159	-0.223625616617005	0.069275863864587	5.84331476772647	0.0312523868815795	0.00322335336470482	0.0159732278920343	0.0134891693944932	0.0159732278920343
YIL088C_mRNA	0.00125216803858422	0.00386804400466156	0.200914063087075	0.0622656762907649	7.0415872133495	0.0205009630829126	0.000798630157929364	0.00963341293200349	0.0147094276178559	0.0147094276178559
YER122C_mRNA	0.00126009192039413	0.00389045867949983	-0.204427908464985	0.0633901300346496	7.34046018980883	0.0156337973378322	0.000682086807221129	0.00412819040920807	0.015391147536018	0.015391147536018
YGR257C_mRNA	0.00126636771697484	0.00390776394019884	-0.20028928289492	0.0621342113967933	6.34745411406162	0.0158303200600889	0.00175664923795045	0.00374275172855585	0.0136859916656551	0.0136859916656551
YPL116W_mRNA	0.0012780951745771	0.00394186473641408	0.201404246079507	0.0625313301961885	6.20995614844593	0.0209592234779656	0.00206262642625324	0.00880406434618004	0.0135780425981658	0.0135780425981658
YFR046C_mRNA	0.00127920188873275	0.00394319058399843	0.219807225291877	0.0682502836270611	5.48332094972412	0.0182615852220362	0.00446215889765073	0.00129947775724126	0.0141702459630464	0.0141702459630464
YMR233W_mRNA	0.00128474881268026	0.00395819491415928	-0.252718010508164	0.0784993369639716	4.96357675763935	0.0333727699616756	0.00709666971283801	0.0104123287217561	0.0175519139022946	0.0175519139022946
YGL098W_mRNA	0.00128586398698316	0.00395953678021349	0.215160791345614	0.0668384683157961	5.55260917754814	0.0171103747935194	0.00394265778619734	0.00116298202615307	0.0139268656010094	0.0139268656010094
YOL146W_mRNA	0.00128856613815447	0.00396366754006755	0.29193378479934	0.0907045212115482	4.75238929517964	0.0534420472166119	0.00953783189363965	0.0233714087792252	0.0197973320722676	0.0233714087792252
YPL106C_mRNA	0.00128804718955098	0.00396366754006755	-0.227312872456594	0.0706241152015934	8.98540831841003	0.0206300253195666	0.000127640754468252	0.00721277437807667	0.0198234218375635	0.0198234218375635
YDR152W_mRNA	0.00129109432094164	0.00396934855609814	-0.26485758982221	0.0823062592691433	6.58724350539622	0.0439973406119313	0.00148740447850398	0.0256098767810138	0.0140061192413174	0.0256098767810138
YNL104C_mRNA	0.00129186448447475	0.00396962156463603	0.379746673855116	0.118015080160197	8.06225913535603	0.0904515638232188	0.000340555925913337	0.0553696806549573	0.01730018060603	0.0553696806549573
YML064C_mRNA	0.00129515949235755	0.00397764849893257	0.229144046168873	0.0712279989980823	5.33916178000544	0.0306103625837972	0.00548397993025619	0.0123108388682	0.0148097314348271	0.0148097314348271
YLR172C_mRNA	0.00129630121211646	0.00397905735605402	-0.228173398391015	0.0709318532557195	6.83499628762942	0.0326671170723674	0.00120889980509702	0.0189164114200667	0.0143511966956397	0.0189164114200667
YGL103W_mRNA	0.00129924533034839	0.00398599436261702	-0.276745428655073	0.0860487658229789	8.92722798086309	0.0480665316471175	0.00020789478458149	0.02940966561405	0.019664116439298	0.02940966561405
YDR209C_mRNA	0.00130364297525212	0.00399738103885201	-0.232621438884704	0.0723510613299075	5.94283834398111	0.0339728530364497	0.00274139960586049	0.0181973046963957	0.0134710826721098	0.0181973046963957
YBR089C-A_mRNA	0.00132106444561368	0.00404866988960826	0.352568703649379	0.109787832884659	5.28355891614086	0.0781471590096374	0.00511068299987502	0.0431027899981642	0.0151104271872005	0.0431027899981642
YOR093C_mRNA	0.00133588993091598	0.00409195306914642	-0.203340952450222	0.0633825005384934	5.95410231255777	0.0185194255857927	0.00260284361389157	0.00542581438706823	0.0134665218841569	0.0134665218841569
YCL059C_mRNA	0.00134277863758047	0.00411089245535672	-0.273453160662079	0.0852761896274885	6.80574911733191	0.0470893414185195	0.00116268022677732	0.0279254338427562	0.0143079856124319	0.0279254338427562
YML109W_mRNA	0.00134366357898218	0.00411144118232677	0.217173869920574	0.0677295330676919	5.52444141849476	0.0281310238800103	0.00432796861968668	0.0123368456013877	0.0140211899785836	0.0140211899785836
YOR044W_mRNA	0.0013705384823219	0.00419147359475453	0.303238337513908	0.0947387456466011	4.44967834528832	0.045121722835167	0.0123077484487225	0.00976452906375699	0.023593971258043	0.023593971258043
YGR171C_mRNA	0.00137663877936693	0.00420792105382566	-0.229626620982901	0.0717694245812992	5.23620150195206	0.020626666243812	0.00521042445094469	0.00182432222056097	0.0153929767679785	0.0153929767679785
YCL001W_mRNA	0.00141545110187577	0.00432428847379562	0.201417834548825	0.0631110743276725	6.11235850520525	0.0157943429366914	0.00243794210623525	0.00289338416183761	0.0134940887049368	0.0134940887049368
YJL211C_mRNA	0.00141645359661253	0.00432508315192064	0.49275151343331	0.154405743581617	5.04883220159061	0.153754646694588	0.00697560295708257	0.0883889316468851	0.0167792149711517	0.0883889316468851
YML024W_mRNA	0.00141741321239293	0.00432574613693097	-0.247608800933995	0.0775940087150029	8.27698051440605	0.0388271309169242	0.000235095450741282	0.0238482253031145	0.0178829869537654	0.0238482253031145
YER142C_mRNA	0.00142902590678824	0.00435890310625564	0.286037909552093	0.0897029570801879	5.67042614627182	0.0518587660869205	0.0039822275957957	0.0282042544399245	0.0136143875149425	0.0282042544399245
YBL082C_mRNA	0.00145123609684548	0.00442433359509249	0.258245626991321	0.0811006221736202	6.59312054201352	0.0423395084526444	0.0015230819780892	0.024786161689704	0.0140150338768413	0.024786161689704
YAL001C_mRNA	0.00146517686695775	0.00446216436324925	0.229061935937309	0.0719982355101401	6.19822443301088	0.0333444835539675	0.00210786820623235	0.018627115460062	0.0135673698326709	0.018627115460062
YMR048W_mRNA	0.00146465334237045	0.00446216436324925	0.305494389015837	0.0960191890561093	5.11296948808823	0.0593073085488158	0.00596821707404681	0.0309105215939246	0.0162549509322812	0.0309105215939246
YOR192C_mRNA	0.00147118976681658	0.00447813562250438	-0.475939425856259	0.14965202697949	3.8094196767722	0.144015612157698	0.0260897254136969	0.0634931913025833	0.0346729261137066	0.0634931913025833
YKL063C_mRNA	0.00147282032045404	0.00448075779998184	0.210085579281155	0.0660649328800686	5.68198926429576	0.025575165816732	0.00386293946543002	0.0109287523033833	0.0135953619603619	0.0135953619603619
YOR046C_mRNA	0.00149469768366625	0.00454494191285989	-0.198509933124308	0.0625088152145702	7.05345994207076	0.0173889213011767	0.000896579454794468	0.00647549521103279	0.0147328284633227	0.0147328284633227
YPL250C_mRNA	0.00149658505236092	0.00454830699794194	0.443643203692355	0.139714965853414	4.8755212634381	0.125360825533415	0.00768910416172127	0.0703919825719615	0.018434634255849	0.0703919825719615
YLR022C_mRNA	0.00150112129392166	0.00455971462898207	-0.301924128768757	0.0951101901869656	5.29570911082272	0.0580803881110356	0.00538516085403321	0.0307986322555699	0.0150419326976275	0.0307986322555699
YPR019W_mRNA	0.00151368388762895	0.00459547802466194	0.196796192203548	0.0620407510011289	6.66538195328954	0.0139688492160827	0.00127541696042474	0.00262585255228792	0.0141208021787116	0.0141208021787116
YGR048W_mRNA	0.00151639696938042	0.00460131705396371	0.19731268957287	0.0622137792759023	6.41966310258587	0.0201360151824078	0.00171798597452129	0.00873280244477856	0.0137642313526415	0.0137642313526415
YMR119W-A_mRNA	0.00152717751367858	0.00463161696756451	0.315303519476141	0.0994814967682444	4.50084278599843	0.0634582037822785	0.012629415802232	0.0269568569947689	0.0229250361217693	0.0269568569947689
YBR168W_mRNA	0.00152895118416268	0.00463377933508907	0.253081123920861	0.0798581918046505	5.17531265221667	0.0408887163896968	0.00607090049457231	0.0194384226986611	0.0157947967869603	0.0194384226986611
YER060W-A_mRNA	0.00152948123264268	0.00463377933508907	-0.316087023721451	0.0997424865029549	4.59182964446714	0.0637842392421801	0.0121397872513606	0.027654467203808	0.0217543212732053	0.027654467203808
YDL091C_mRNA	0.00153045016980832	0.0046343049320703	0.208092656109389	0.0656682591704824	5.7498773461482	0.0254862404237483	0.00372755453518968	0.0112069734826377	0.0135217265147369	0.0135217265147369
YDR499W_mRNA	0.00155682765949137	0.00471172880218013	0.211814976286865	0.0669479250217937	5.57541238860233	0.0179590070075399	0.00407314073599591	0.00234991414939528	0.0138549579228989	0.0138549579228989
YGR066C_mRNA	0.00155864776712917	0.00471478810555272	0.351766406653418	0.111194038887055	4.0697778656029	0.0791565879536211	0.0183715598242741	0.0310848973117892	0.0294267564532103	0.0310848973117892
YMR247C_mRNA	0.00156443151909229	0.00472982772715709	-0.245556048575397	0.0776472057646634	6.13524113090921	0.0385880034332806	0.00226513467098419	0.0218512195812557	0.0135118462761549	0.0218512195812557
YPL176C_mRNA	0.00156595782861069	0.00473198667504455	0.196677413798695	0.0621968914050559	6.55977965546884	0.0246424425712772	0.00150953655240579	0.0138410790315217	0.0139642766494035	0.0139642766494035
YLR345W_mRNA	0.00156772419877681	0.00473284416436205	0.223392745029111	0.0706526317774852	6.72488090930794	0.0319438506162215	0.00130250268090547	0.0186646748274342	0.014198250368945	0.0186646748274342
YOR307C_mRNA	0.00156786632976635	0.00473284416436205	-0.208791788756538	0.0660353250957012	5.61603819576583	0.0172525486318028	0.00370631735804671	0.00232312444684061	0.0137363392839331	0.0137363392839331
YGR053C_mRNA	0.00157237851709429	0.00474400685685725	0.292201448489654	0.0924400665028209	4.52088391943704	0.0505272698831845	0.011516024419799	0.0182255685980553	0.0226646391603848	0.0226646391603848
YJL173C_mRNA	0.00158874921959316	0.00479091767771725	0.223498093213887	0.0707728334363414	5.28814936636699	0.031800130852625	0.0049508138496782	0.0148489270152078	0.0150843619607543	0.0150843619607543
YLR096W_mRNA	0.00162847467092034	0.00490817042565024	-0.231900788109768	0.0736015912567362	6.74017603460279	0.0345649852862034	0.00126646063439802	0.0204023163076966	0.0142179054399872	0.0204023163076966
YDL210W_mRNA	0.00163274937093988	0.00491613151953477	0.336584847356525	0.106852604087886	4.13263755193334	0.0426223987936366	0.017343302575768	-0.00404483514544746	0.0283266134256823	0.0283266134256823
YGR098C_mRNA	0.00163280372301747	0.00491613151953477	-0.321193640288301	0.101966808998647	5.41018627113183	0.0663270870626089	0.00524529167035527	0.0363436288791112	0.0144707841166456	0.0363436288791112
YNR075W_mRNA	0.0016481647587849	0.0049598181222525	-0.51744299021827	0.164411380922621	4.5344083804706	0.172315380960637	0.0125610168747913	0.095563391832741	0.0224896086418254	0.095563391832741
YER152C_mRNA	0.00166452443118463	0.00500646326075458	0.214231465929005	0.0681320505785678	7.05999718212049	0.0295687438449754	0.000931472473937978	0.0176364327902241	0.014745843519928	0.0176364327902241
YOR308C_mRNA	0.00166884476487066	0.00501686769872883	-0.380827519992229	0.121143832531217	4.66935608570484	0.0934643184608941	0.0104149919434105	0.0482883206979957	0.0207880175071215	0.0482883206979957
YDR322W_mRNA	0.00167494125429638	0.0050274125438077	-0.204327513445155	0.0650200524451778	5.74467663759065	0.0186125993414033	0.00338500942432681	0.00462856622698237	0.0135254194555679	0.0135254194555679
YMR147W_mRNA	0.00167385188382584	0.0050274125438077	0.363520238323491	0.115670533710682	4.07425092590733	0.0851899671561504	0.017932346334374	0.035586343141282	0.0293464971497535	0.035586343141282
YOL121C_mRNA	0.00167437197174349	0.0050274125438077	-0.288107729904616	0.0916772596655556	8.13315732331746	0.0535125715167443	0.000333880343466665	0.0332849994156762	0.01749207415222	0.0332849994156762
YLR067C_mRNA	0.00168539666978556	0.00505619000935669	-0.24521160057263	0.0780752486796548	5.50979926162001	0.0387917737186267	0.00412231231862128	0.0202606655069385	0.0140726916905938	0.0202606655069385
YLR340W_mRNA	0.00168933858397517	0.00506540740619626	-0.247398159103174	0.078788614527175	10.0149679257509	0.0394967706760544	4.45427183974272e-05	0.0247860403980497	0.0225679486189099	0.0247860403980497
YMR155W_mRNA	0.00170190545593587	0.00510046357319051	0.202004272658508	0.0643766008991997	5.8067829723881	0.0198783054579889	0.00308127828148886	0.00655812723141564	0.0134961086918505	0.0134961086918505
YJL132W_mRNA	0.00170916611574347	0.00511958960941976	0.213016328459264	0.0679130377037012	5.49166883326953	0.0215703366549857	0.00430985620152404	0.00583665987445642	0.0141388665590533	0.0141388665590533
YDR377W_mRNA	0.00172326866275704	0.00515652965034541	0.285702150402582	0.0911564975530536	4.58130386476441	0.0443884672215017	0.0113499988630208	0.0128874392329712	0.0218880293215387	0.0218880293215387
YKL191W_mRNA	0.00172319198001312	0.00515652965034541	-0.323325491883593	0.10316021977569	6.64232900659115	0.0676074151787005	0.00128660638145339	0.0412815173952208	0.0140881173701967	0.0412815173952208
YDR291W_mRNA	0.00174101337492459	0.00520695273219234	-0.199463737907455	0.0637022784017982	5.97427697427246	0.0224091482773534	0.00277452035941122	0.00986791486917773	0.0134574007349096	0.0134574007349096
YDL228C_mRNA	0.00175069714930906	0.00523179589595167	-0.400901026062464	0.128101498893053	8.61216118890552	0.104123079722398	0.000301295338999643	0.0653386807355873	0.0187999060167676	0.0653386807355873
YER028C_mRNA	0.00175111603108578	0.00523179589595167	-0.33786916764497	0.107963103286646	6.07652021487288	0.0739573380914849	0.002337128997579	0.0442869976875534	0.0134710871487864	0.0442869976875534
YDL142C_mRNA	0.00176564385375051	0.00527249671550511	0.214462142692996	0.0685826940633256	5.45038483663975	0.025375596683058	0.00451454692894975	0.0095324464747636	0.0142997967709851	0.0142997967709851
YNL151C_mRNA	0.00176667842923992	0.00527288346759824	-0.276367431065159	0.0883842092542042	6.18045250936615	0.0495316573841144	0.00210157465640365	0.0291454991255602	0.0135511922198304	0.0291454991255602
YLR194C_mRNA	0.00177369569646103	0.00529111680879773	-0.430492825684265	0.137725915584668	7.76096733342823	0.120235216665737	0.000471663072198615	0.0754020482223412	0.0164922541266389	0.0754020482223412
YJR112W-A_mRNA	0.00177702209413699	0.00529832687842484	0.496247241760921	0.158790468991053	3.94923869881758	0.159803495346373	0.0234487222516042	0.0774089299179895	0.0317098670857077	0.0774089299179895
YLL019C_mRNA	0.00179232640984255	0.00534122438043104	0.266768461591097	0.0854302362197652	6.56244240547704	0.046224524199357	0.00156292011452244	0.0276303809277371	0.0139683376141652	0.0276303809277371
YIR017W-A_mRNA	0.00180178941303185	0.00536667950936788	1.62300240893457	0.520010315543503	3.3517329386666	1.71196987072282	0.61109426502858	0.470548648058036	0.0473226299717356	0.470548648058036
YKL046C_mRNA	0.00181239344747946	0.00539550548033485	0.208861065690343	0.0669562086116575	7.50853579209888	0.0283698183905001	0.000563836996888161	0.017368698489703	0.0158269985781572	0.017368698489703
YDL149W_mRNA	0.00182098999645534	0.00541832876371236	0.215953101609745	0.0692607175247437	5.6769329190172	0.0303451733289231	0.00351479861072791	0.0156733893574414	0.0136034139696006	0.0156733893574414
YNL023C_mRNA	0.00183420827034458	0.00545487360032032	-0.295616813149176	0.0948754333364111	6.19106411636857	0.0569088453672746	0.00204734704557182	0.0339580443575153	0.0135608406874488	0.0339580443575153
YBR201W_mRNA	0.00184262302428832	0.00547710292831825	0.226854735824683	0.0728384521549224	5.18962409629407	0.0330187161369849	0.00552550419599031	0.0151479570461831	0.0156962562533094	0.0156962562533094
YJR145C_mRNA	0.00184732497059905	0.00548827908144318	-0.327326494930071	0.105123274550762	9.72908749001316	0.0698280731240147	7.39007201650718e-05	0.0441297106889347	0.0218269628310818	0.0441297106889347
YNL163C_mRNA	0.00185544188496877	0.00550958431285833	-0.207127190504921	0.066548051035454	6.52413800802991	0.0279740470397615	0.00149110869082643	0.0162234636956431	0.0139102201857086	0.0162234636956431
YDL122W_mRNA	0.00186098616860664	0.00551810158262842	-0.195330094471402	0.062775518478594	7.14266412069734	0.0214356520534458	0.000844653555541589	0.0112210176999484	0.0149184093254836	0.0149184093254836
YDR212W_mRNA	0.00186115166664347	0.00551810158262842	-0.197938995225766	0.0636145082268375	7.40905374473628	0.014573736498628	0.000618936869636559	0.00380153914146894	0.0155682857581329	0.0155682857581329
YGR150C_mRNA	0.00185961104787876	0.00551810158262842	-0.198890157639017	0.0639151747622274	5.90296248356783	0.0211678945045278	0.00285918855371761	0.00851861418522696	0.0134814097058267	0.0134814097058267
YDR347W_mRNA	0.0018798429891327	0.00556785218845303	-0.193707918990284	0.0623138164586226	6.25071964613943	0.0158306713573524	0.00191828472093727	0.00432236091064129	0.0136137621656183	0.0136137621656183
YNL207W_mRNA	0.00187946513260972	0.00556785218845303	-0.253935285503787	0.0816867709663266	5.87028733304908	0.0421070210497497	0.00280525462751895	0.0238856595761014	0.0134859012285429	0.0238856595761014
YIL040W_mRNA	0.00189049705710514	0.005596562934296	0.27339837392869	0.0879966881816064	5.34548421781967	0.0488412028533024	0.00476899727838263	0.0262046712453408	0.0147775618894746	0.0262046712453408
YHR119W_mRNA	0.00189432521868985	0.00560504759984106	-0.196358029831512	0.0632124575078923	6.02999225076116	0.0242559320699792	0.0025297867897215	0.0124425758911668	0.0134534723470269	0.0134534723470269
YNL281W_mRNA	0.0018974303885762	0.00561138550448983	-0.246447400852488	0.0793498238508594	5.98578387741059	0.0397028920051255	0.00263016224911892	0.0225554159315307	0.0134539527920037	0.0225554159315307
YDR176W_mRNA	0.00190570001646753	0.00563298239266353	0.192775115798624	0.0620944226452204	6.73397061673089	0.0208273607041968	0.00121300012724337	0.0104842448354896	0.0142098691673297	0.0142098691673297
YHR144C_mRNA	0.00191868832704256	0.00566849806965007	-0.365412558573478	0.117778587699932	5.04971768354494	0.0873950608137292	0.00708679349669548	0.0484003893856671	0.0167716359810224	0.0484003893856671
YDL084W_mRNA	0.0019256345350401	0.00568613623980923	-0.207694908190979	0.0669666378810196	8.19325118702257	0.0166488546409179	0.000282960773801145	0.00523019065905111	0.0176551615825493	0.0176551615825493
YGL026C_mRNA	0.00192996554442588	0.00569315405662035	0.206047509461169	0.0664497229677472	8.067492346774	0.0219423005679067	0.000347938168589909	0.0110315049669812	0.0173143245613715	0.0173143245613715
YKL061W_mRNA	0.0019295930552519	0.00569315405662035	0.428435679993889	0.138166714764895	3.45252487919354	0.0867069159768449	0.0322728061094207	0.00818256618239123	0.0440873581662744	0.0440873581662744
YDR001C_mRNA	0.00194361557820184	0.00573051840010318	-0.245144162610674	0.0791115422448863	7.45267258888116	0.0393910842909841	0.000634432929064432	0.0244001115363933	0.0156814632613191	0.0244001115363933
YNL042W_mRNA	0.00195378074894628	0.00575757543923168	0.197571229995574	0.0637908985163587	5.98158272793905	0.0224450395102743	0.00282207542371582	0.0100734980738741	0.0134550395103817	0.0134550395103817
YER098W_mRNA	0.00196649388597397	0.0057921098987282	0.291413762944982	0.0941488060887463	6.07124176815393	0.0557381196972968	0.00265822591814227	0.0327977648336031	0.0134683155691903	0.0327977648336031
YNL305C_mRNA	0.00197612050613723	0.00581752302615236	0.353953201119144	0.114407344201358	6.68740619778873	0.082274515808907	0.00136926809316278	0.0509868935356691	0.01415067199684	0.0509868935356691
YER015W_mRNA	0.00198485927107706	0.00584029803701764	-0.323741736238817	0.104686480392446	5.23816023834359	0.0688635574027558	0.00553229657685645	0.0383047401309751	0.0153807857662383	0.0383047401309751
YBR242W_mRNA	0.00200452663283437	0.00589466612065327	-0.246603649665336	0.0798183510154769	5.56515271905693	0.0400018475338352	0.00393721148327921	0.0215466651520403	0.0138868263688261	0.0215466651520403
YOL006C_mRNA	0.00200536015295825	0.00589466612065327	0.349198988842485	0.11302996388635	6.37227903878025	0.0802135338972558	0.00190448588081198	0.0491986050637866	0.0137100306173613	0.0491986050637866
YIL093C_mRNA	0.00200702362056213	0.00589658074301309	-0.222147155419703	0.0719111104651527	5.67016089383219	0.0324656714607214	0.00367259515360728	0.0170122360797183	0.0136148497818164	0.0170122360797183
YDR442W_mRNA	0.00202563078447316	0.00594824846287331	0.441955804428872	0.143192350069784	3.55991767917009	0.0853431271932095	0.0410756316524852	-0.00544369053643828	0.0409405648215454	0.0409405648215454
YDL046W_mRNA	0.00203498892923652	0.0059697107259476	0.202327186838805	0.0655825226792089	6.83432710601425	0.0269736619913786	0.00116621425108096	0.0160380548727948	0.014350187143182	0.0160380548727948
YNR046W_mRNA	0.00203441780153932	0.0059697107259476	-0.347671849622742	0.112691627543205	5.36136854875196	0.0796446282338152	0.00520687940088311	0.0455907322724623	0.0146984992610581	0.0455907322724623
YIL087C_mRNA	0.00204282334950954	0.00598967731969933	0.30568002078054	0.0991201296466871	5.33151441080635	0.0615966604055616	0.00530987853345426	0.03398932187125	0.014849182355645	0.03398932187125
YHR045W_mRNA	0.00204685083388542	0.00599846728280506	0.192352307075557	0.0623842187974146	6.32105325092859	0.0137810600625877	0.00190287807187028	0.00229128341310533	0.0136642849479845	0.0136642849479845
YLR314C_mRNA	0.00205386598334974	0.00601599960733816	0.19796003682742	0.0642241417292897	7.55214369378408	0.0223840841781633	0.000557910164488095	0.0122284154033402	0.0159410513589675	0.0159410513589675
YMR035W_mRNA	0.00205896655533349	0.00602790912129293	0.314421756168949	0.10203223823725	5.00679563413423	0.0652291007221889	0.00683126031404659	0.0348110502447654	0.0171497017961084	0.0348110502447654
YOR065W_mRNA	0.00206072465235124	0.00603002602943161	-0.278596338685145	0.0904140746485878	6.08161787228442	0.051216476920697	0.00233602141192613	0.0303627981663155	0.0134739280334993	0.0303627981663155
YPL056C_mRNA	0.00206296453234275	0.00603354988224341	-0.582407725193367	0.189031140397777	2.76853500851299	0.145664050781007	0.0700116497551939	-0.0108569548798041	0.0729194384051418	0.0729194384051418
YNL003C_mRNA	0.00207639672130626	0.00606978790683906	0.192500942391242	0.0625189442390391	6.142988937689	0.0171247132512754	0.00211620901514529	0.00564409437650217	0.013518264539911	0.013518264539911
YCL056C_mRNA	0.00209636030971162	0.00612507280059171	0.364499374396168	0.118488984267112	4.58730244242529	0.0878439321152863	0.01040869951079	0.0457498580598174	0.02181176485392	0.0457498580598174
YML069W_mRNA	0.00209994037280132	0.00613245744959424	0.196270814475995	0.063812938829477	7.4562506027031	0.0141207144676135	0.000597599499731307	0.00352538525412016	0.015690765148487	0.015690765148487
YOR293W_mRNA	0.0021015736788076	0.00613415243122898	-0.371660478736892	0.120845961454331	7.44635763758624	0.0913557229473172	0.000588453617325295	0.0578265319819616	0.0156650526868712	0.0578265319819616
YPL072W_mRNA	0.00210315625005673	0.00613569770296971	-0.219240918349781	0.0712917167803525	5.287074367088	0.020186909645673	0.00523959005469177	0.00265593305742777	0.0150904454712682	0.0150904454712682
YDR143C_mRNA	0.00211614110668212	0.00616810104617561	-0.281897316207564	0.091720786732979	6.41000639490604	0.052598382653296	0.00170414996766862	0.0319466609079979	0.0137523975902397	0.0319466609079979
YIL052C_mRNA	0.0021163807056823	0.00616810104617561	-0.304757263072188	0.099159805978553	7.8895536820487	0.0614758210930962	0.000404175223163209	0.0389264932636539	0.0168354242530761	0.0389264932636539
YLR004C_mRNA	0.00212829706304245	0.00619972934464267	0.267530230084253	0.0870946193573997	4.72142537967594	0.0267206918425097	0.0101811677280347	-0.00200111904218386	0.0201607231560067	0.0201607231560067
YFR007W_mRNA	0.00213661945857526	0.00622086205180382	-0.233743720175682	0.076124279046028	5.09529935586095	0.0301308143273862	0.00678528981080627	0.00988740361951681	0.0163943336303039	0.0163943336303039
YGR179C_mRNA	0.00214821924314156	0.00625151114412724	0.212667709533497	0.0692968650230597	5.47173331874483	0.0201941273662333	0.00499345154327093	0.00372095501248653	0.0142147704648257	0.0142147704648257
YBL086C_mRNA	0.00215368401893313	0.00626428511947301	0.190620872582529	0.062128364811762	6.70820189964385	0.0139174278901884	0.00126234790483329	0.00326737710204724	0.0141773869519003	0.0141773869519003
YER111C_mRNA	0.00217745191860473	0.00633025692504548	0.392338155328916	0.128010237859531	5.65824266180964	0.102224512555426	0.00423057633993716	0.0613159076474776	0.0136368673379129	0.0613159076474776
YPL079W_mRNA	0.00218740843806109	0.00635603070331367	-0.371447516154952	0.121248128587242	8.73888337400165	0.0916770076961071	0.000168412638261449	0.0586360221053723	0.0191475978772016	0.0586360221053723
YLR416C_mRNA	0.00221115213612163	0.00642182071039113	0.798624647900834	0.260962842615635	2.19114013241346	0.337449170738336	0.156944211340558	0.0223795206691653	0.115462209563573	0.115462209563573
YKR094C_mRNA	0.00221685105235072	0.00643460878371212	-0.270951645937664	0.0885599122469944	8.16264654849051	0.0488572819298838	0.000346862047260943	0.0310245701815204	0.0175720567987128	0.0310245701815204
YMR154C_mRNA	0.00221776423578681	0.00643460878371212	-0.233382065139816	0.0762834584224833	5.06235531183525	0.0311899470522792	0.00661216835528997	0.0112435782496019	0.016664495760289	0.016664495760289
YLR090W_mRNA	0.00221902969606371	0.00643507566414495	-0.190592555415127	0.0623007229230587	6.23160336879258	0.0138466099019809	0.0019281232270522	0.00252880961659358	0.0135973970798907	0.0135973970798907
YGR154C_mRNA	0.00222206739749506	0.00644067893423196	-0.308101781810499	0.100725526500773	4.7297107962805	0.0631908137596839	0.00914955070079931	0.0314329760546323	0.0200627462584241	0.0314329760546323
YNL076W_mRNA	0.00223345816673676	0.00647047602158547	0.189769192983527	0.062070985930432	6.48951420867618	0.0185633956858766	0.00155219725997996	0.00804791337328238	0.0138590319175236	0.0138590319175236
YKL050C_mRNA	0.00229461047287111	0.00664433430166356	-0.283565147770853	0.0929969464715287	4.53103035234384	0.0377460461145149	0.0120604589491933	0.00540767816484246	0.0225332692629202	0.0225332692629202
YCR084C_mRNA	0.00230838935858488	0.0066809122717911	-0.286044841543	0.0938655558922121	7.46328698829815	0.0547125460092576	0.000640805058892954	0.034602165272923	0.0157090657776137	0.034602165272923
YLR005W_mRNA	0.00232132102159775	0.00671500311411544	0.191277598764762	0.0628023149765469	6.19360663451214	0.018370383107022	0.00221336435138717	0.00701572618064688	0.0135631587142665	0.0135631587142665
YHL012W_mRNA	0.0023238001614756	0.00671883858102078	-0.556276498899842	0.182661923325377	4.01749087992507	0.207082356930461	0.0208696080531301	0.112591904878573	0.0303881419286058	0.112591904878573
YOR324C_mRNA	0.00232564733096064	0.00672084392369875	0.197028676525963	0.0647024657934099	5.84645167659345	0.0202465653615386	0.00325688615420221	0.00734434834071124	0.0134887501647873	0.0134887501647873
YIL014C-A_mRNA	0.00233257421273515	0.00673751976370598	1.038793024414	0.341230633631	1.45534100708442	0.632802300794705	0.251629068109594	0.118061697721535	0.21412431320326	0.21412431320326
YKL212W_mRNA	0.00234688048982673	0.00677548351522822	-0.19342965874779	0.0635776695550078	7.39396575275423	0.0230932007638398	0.000639247419376323	0.013413458289513	0.0155292328448068	0.0155292328448068
YGR151C_mRNA	0.00235235666721617	0.0067879296400205	0.528637368596355	0.173795910263182	3.48746797034799	0.187287393444104	0.0498539117652933	0.0709661619315382	0.0430308434422012	0.0709661619315382
YLR344W_mRNA	0.00235786978278488	0.00680046997747757	-0.300816681907379	0.0989200316754764	7.69553936371637	0.0606621582525993	0.000491759378603659	0.0386489312881054	0.0163186962495186	0.0386489312881054
YJL059W_mRNA	0.00239176903405237	0.0068948275073672	0.218146200863443	0.0718364062624535	5.25212517571697	0.0263734821152914	0.00534672815762677	0.00931406983699874	0.0152951489011903	0.0152951489011903
YDR339C_mRNA	0.00241219662566884	0.00695027573746127	-0.312027730712035	0.102838817896191	5.59031014496603	0.065446085136348	0.00388595371355685	0.0384173361515869	0.0138100707800766	0.0384173361515869
YAL014C_mRNA	0.00244491063093652	0.00704105256343854	0.24369779460019	0.0804262602385039	6.67268695338867	0.0399855951456848	0.00136136582950648	0.0245121675142998	0.0141308714176786	0.0245121675142998
YDR146C_mRNA	0.00244629796562265	0.00704156716784465	-0.200036794208081	0.0660207903480829	5.97588576407605	0.0269432388404381	0.0026465069600689	0.0147884720726732	0.0134568285752377	0.0147884720726732
YAR019C_mRNA	0.0024559107592208	0.00706574621393599	0.199742214340477	0.0659493529015469	5.66326101916758	0.0211066231601743	0.00376997322247728	0.0074451366806704	0.0136272953700538	0.0136272953700538
YMR192W_mRNA	0.0024574834765742	0.00706678121151101	-0.199864943002219	0.0659940890873103	5.96284444356454	0.0269117526836731	0.00232397603081976	0.0150969031470356	0.0134623405190159	0.0150969031470356
YLL003W_mRNA	0.00246137103738658	0.00707446850706176	0.19506024660361	0.0644177693397224	5.82966528935021	0.0218683220590434	0.0031073512280162	0.00945199389094144	0.0134912447988065	0.0134912447988065
YDR403W_mRNA	0.00246671660391616	0.00708346903866334	0.376106533786582	0.12423439105749	3.73302162485671	0.0623229194212646	0.0252868380192837	0.00107168285865496	0.0364498976664173	0.0364498976664173
YPR057W_mRNA	0.00246693420519188	0.00708346903866334	0.193814864964804	0.0640209132742139	5.85099537260807	0.0234086466727915	0.00290653865586784	0.0114415250988873	0.0134881706899898	0.0134881706899898
YHL028W_mRNA	0.00248662065879883	0.00713647879712412	0.281251227442182	0.0929766942979447	5.78281765240734	0.0533673526650034	0.00314876825924443	0.0314298944710494	0.013504022274672	0.0314298944710494
YHR063C_mRNA	0.00249136989815532	0.00714658839323136	0.188498941951417	0.0623263166049264	6.5532478652182	0.01527997854616	0.00158395854605228	0.00463548957717528	0.0139543204200978	0.0139543204200978
YCL058C_mRNA	0.00250471684595684	0.00717993367974357	-0.547527138112869	0.181134175837142	3.87175018051512	0.202432059241834	0.0309913710432422	0.10024698758156	0.0333077358839657	0.10024698758156
YER075C_mRNA	0.00250545917798123	0.00717993367974357	-0.370215256268483	0.122479088735164	5.15933328515552	0.0925533643886627	0.00608228550157206	0.0539222232080126	0.0159079795338073	0.0539222232080126
YML081W_mRNA	0.0025167380836465	0.00720870996820281	-0.187687366468077	0.062120947283285	6.61913274412255	0.0233409494280799	0.00138194700850833	0.0135614852267994	0.0140541013569824	0.0140541013569824
YHR147C_mRNA	0.00253558683610392	0.007259129684099	-0.197677080159044	0.0654763247371346	5.62961751533629	0.0208964607558029	0.00344816027693693	0.00777626824136471	0.0137004361273939	0.0137004361273939
YIL005W_mRNA	0.00256326283304144	0.00733360826976699	0.271520365069864	0.0900334652283183	6.53877897280861	0.0499220417871829	0.0016969214293876	0.0307271780146876	0.0139323254479157	0.0307271780146876
YNL215W_mRNA	0.00256411947228207	0.00733360826976699	0.187510239351669	0.0621786282845487	6.69583237742542	0.0167727086290577	0.00130304166335382	0.00662197762157365	0.0141616855980385	0.0141616855980385
YGR097W_mRNA	0.00259393378156832	0.00741523955417912	0.261214075750351	0.0867197713077433	7.58559735094284	0.0462712681785207	0.000496429883616811	0.0295848450590524	0.0160288035155124	0.0295848450590524
YER084W_mRNA	0.00259860352822833	0.00742494563779219	0.640827756272312	0.212785286002196	2.57222385856412	0.254888578890756	0.0961199723284112	0.0596434441376828	0.0849903394277349	0.0849903394277349
YLR459W_mRNA	0.00262277049344885	0.00749032396805539	0.191020889513591	0.0634872861487852	6.02594266788586	0.0138305839963538	0.00266979510244943	0.00172326482776857	0.0134527469077015	0.0134527469077015
YML101C-A_mRNA	0.00262853633306604	0.00750311253132914	0.882660674165966	0.293424249540978	2.41554908220173	0.529189047674858	0.134623268691584	0.209767892183159	0.0962700862483012	0.209767892183159
YPR169W_mRNA	0.00263038216021354	0.0075047044394731	-0.187232222666496	0.0622463109963622	6.83828176106399	0.0196989957995837	0.00114224547418635	0.00994784853832875	0.014356167456437	0.014356167456437
YFL020C_mRNA	0.00264796766615017	0.00755117945325054	0.848228597996711	0.282187972099485	2.121427356581	0.320135401716094	0.196261895021361	-0.0588287515996795	0.122258311369117	0.122258311369117
YFR029W_mRNA	0.00265314028571988	0.00755989886764082	0.213756572930396	0.0711263987177928	5.82954692955529	0.0310713004786191	0.0031221769976248	0.0171136813806249	0.0134912649709019	0.0171136813806249
YMR167W_mRNA	0.00265362052597417	0.00755989886764082	-0.207642338292659	0.0690931841646699	5.45608151225414	0.0273722689729731	0.00481874872015473	0.0121900135647041	0.0142767236718972	0.0142767236718972
YNL199C_mRNA	0.00266507485662396	0.00758882019290869	-0.186254228344432	0.0620033025409814	6.38992993525833	0.0157418054564334	0.00164859747914669	0.00530601191669493	0.0137290406248072	0.0137290406248072
YIL049W_mRNA	0.00268566392212165	0.00764371177834915	-0.216310970889823	0.0720652651418392	5.23953486174143	0.028642877129003	0.0054013530089725	0.0119187478785885	0.0153722567508818	0.0153722567508818
YJL029C_mRNA	0.00269936720912006	0.00767896160172534	-0.189484293218646	0.0631604123643651	6.05006806342175	0.0164244164836626	0.00249786118043422	0.00484135723018434	0.0134590895797123	0.0134590895797123
YDR057W_mRNA	0.002704261219806	0.00768847406159339	0.188506651317563	0.0628460955439633	6.12195399514954	0.01264320686447	0.00229723306985469	0.0010962721160886	0.0135012938306292	0.0135012938306292
YLR171W_mRNA	0.00270535046794824	0.00768847406159339	0.346671961751679	0.115581440822476	4.40763325282472	0.0819222457443064	0.0155490158978677	0.03788726195253	0.0241512104468719	0.03788726195253
YDR306C_mRNA	0.00270918365476353	0.00769561383357012	0.190536682686021	0.0635346219672439	6.04959437229953	0.0192511762689882	0.00268767255284113	0.00756595132136242	0.0134589202012412	0.0134589202012412
YGR191W_mRNA	0.00271863306078964	0.0077186921111893	-0.187592799181294	0.0625751202906943	6.98939310318758	0.0183276644062007	0.00105240612026818	0.00852978908504017	0.0146101765973113	0.0146101765973113
YNL298W_mRNA	0.00274016454133078	0.00777603439736637	0.192014036957234	0.0641013340525048	6.28453835220478	0.0251720332722574	0.00208582043563158	0.0143501036736117	0.0136398614127222	0.0143501036736117
YNL201C_mRNA	0.00275188663446863	0.007805497338079	-0.198706447092027	0.0663643547003047	5.78662622753452	0.0269715835101244	0.00343888577125517	0.0141780245278962	0.0135025250996623	0.0141780245278962
YLR153C_mRNA	0.00276340774354164	0.00783436180723775	0.200936949102197	0.0671378882898796	8.23708441468855	0.0255361886314988	0.00025563447891819	0.0155686654792594	0.0177743496971792	0.0177743496971792
YIL160C_mRNA	0.00276745829958298	0.00784202920883776	-0.265482078083766	0.0887172270606575	4.60609133944532	0.0452693916722153	0.00990895602376756	0.0184566111154131	0.0215740294855615	0.0215740294855615
YGR115C_mRNA	0.00280180411504992	0.00793549381345691	-0.709912545066181	0.237533376109629	3.13382868609625	0.345036076897835	0.12071304214916	0.104975376914993	0.0553799434069323	0.104975376914993
YBR150C_mRNA	0.00281462836520306	0.00796794210674101	0.186911299211752	0.0625688553569835	6.28128878409842	0.0171940956646227	0.00202189092006834	0.00641868764259167	0.0136375557226642	0.0136375557226642
YNR026C_mRNA	0.00282167585457073	0.00798401336995097	-0.191224037186651	0.0640289381981194	5.83191551653821	0.019317012008417	0.002907950442332	0.00734123888155428	0.0134908692647823	0.0134908692647823
YPR150W_mRNA	0.00283490285669312	0.00801754565198743	1.28305325577975	0.429819910328449	2.11268567461247	1.1287087550863	0.31341820708801	0.425562414171014	0.123141052923673	0.425562414171014
YLL018C_mRNA	0.00284382989855423	0.00803889033914456	-0.200964081585211	0.0673442073623914	8.2850962524933	0.0171454470425917	0.000235865930274813	0.00659523816181993	0.0179051031308003	0.0179051031308003
YBR117C_mRNA	0.00287125755619516	0.00811248618932734	-0.295633421818293	0.0991660749077573	4.6883480031731	0.0600196975660121	0.00959539304406415	0.0297402486063796	0.0205569877406499	0.0297402486063796
YMR024W_mRNA	0.0028813820098747	0.00813714570505575	-0.187350269200042	0.0628667472244111	6.06873216100619	0.0142408305591032	0.00234185092589711	0.00288757513904829	0.0134670607004149	0.0134670607004149
YBR023C_mRNA	0.00289593056927076	0.00817031065209272	0.196974758209976	0.0661305563512447	7.14392573740269	0.0266732165702481	0.000829219281301761	0.0166637826519988	0.0149211575521477	0.0166637826519988
YPL159C_mRNA	0.00289572337772314	0.00817031065209272	0.195956115849922	0.065788082132455	5.64898987992374	0.0209008196205036	0.00365658028801448	0.00776606949424286	0.0136557067146521	0.0136557067146521
YMR040W_mRNA	0.00291088686841225	0.00820853189514511	0.442830688343132	0.148750897230263	3.423241568846	0.123499982783974	0.0435093136126406	0.0327838055020591	0.0449980040945921	0.0449980040945921
YJL034W_mRNA	0.00292300347100301	0.00823871225063549	-0.197548228223653	0.0663866695758468	8.05806725448268	0.0196721346908247	0.000339906088306872	0.00958729465920401	0.0172888535011838	0.0172888535011838
YMR090W_mRNA	0.00293443485294445	0.00826693300447503	0.242709746382859	0.0815961629918995	5.68429678669347	0.0405650918397974	0.00366670726163579	0.0229650279983667	0.0135918219914069	0.0229650279983667
YHR140W_mRNA	0.00296629722136665	0.0083526571346941	-0.474851187735178	0.159817491294181	3.19631457055996	0.0979264549626174	0.0492576024121661	-0.00876030080750724	0.0529089196820963	0.0529089196820963
YOR250C_mRNA	0.00300562050822982	0.00845929714055409	0.191780012901926	0.0646341453546311	5.81074254350839	0.0161870497063519	0.00321518251568151	0.00361963549864889	0.0134951084672128	0.0134951084672128
YDR459C_mRNA	0.00302521103876771	0.00851032327950782	0.196196593192043	0.066167186423609	5.60966392011757	0.0207539954224735	0.00375822002504836	0.00748017416184068	0.0137541662118182	0.0137541662118182
YDL011C_mRNA	0.00304682452892003	0.00856698827484947	0.490678567125907	0.165603407967683	3.14284308868659	0.125712670713037	0.0546829721850021	0.0112190446541855	0.0550149827370409	0.0550149827370409
YHR109W_mRNA	0.00306228992297368	0.0086063198703544	-0.286933720442377	0.0968907495169662	4.38606138935086	0.0367151493252553	0.0131066718707088	0.00270785671294916	0.0244445974971291	0.0244445974971291
YCR089W_mRNA	0.00306590339334643	0.00861232071824315	0.348674276754059	0.117753520279858	6.09803152579147	0.0841856620816403	0.00257844041573476	0.0528851257374611	0.0134840897792454	0.0528851257374611
YEL001C_mRNA	0.00312550738167306	0.00877552096656734	0.18488471142675	0.0625642660902837	7.08446827355631	0.0141330198023859	0.000861764734924488	0.00451436890495973	0.0147953848307388	0.0147953848307388
YPR148C_mRNA	0.00313065598628483	0.00878574266671262	0.18624007598185	0.0630337481360544	7.24853072271738	0.0139223322865722	0.000731998515230419	0.0042746815341755	0.0151610151010878	0.0151610151010878
YNL052W_mRNA	0.00314770722027123	0.00882934148545989	0.301428485244286	0.102077673325368	6.18621047063208	0.0631298803194539	0.00211509499162001	0.0395643105744623	0.0135564205164722	0.0395643105744623
YJL073W_mRNA	0.00316518952424579	0.0088741069144639	0.20821094928442	0.0705507492214962	5.77592966510565	0.0301428038458457	0.00342079567675836	0.0164888371860994	0.0135069921181951	0.0164888371860994
YKR051W_mRNA	0.00317299366754934	0.00889170808424361	0.185562158655601	0.0628925831393594	6.10619491976639	0.0172826214297905	0.00233223926330748	0.00634676520434615	0.0134896687924575	0.0134896687924575
YDR182W_mRNA	0.00318614209154375	0.00892426145448745	0.182850708720845	0.062000440836513	6.65737098032776	0.0166866141963034	0.00126662664224454	0.00705920808816184	0.0141095920134432	0.0141095920134432
YDR052C_mRNA	0.00321253822116581	0.00899387202138973	0.309919401449273	0.105177455029392	6.52484127656975	0.0669125850786965	0.00169231206484057	0.0425568761209984	0.0139112772790379	0.0425568761209984
YBR090C_mRNA	0.00325492417664481	0.00910815958363721	0.362593807558932	0.123223201757041	4.26479309942174	0.091746579626046	0.0158852296517021	0.0448506001533231	0.0261978623031559	0.0448506001533231
YDL209C_mRNA	0.00326243059096995	0.00912040336995726	0.256771222808966	0.0872818095976296	5.19323162789692	0.0460226829001941	0.00645112710936225	0.0240213300371852	0.0156718296609458	0.0240213300371852
YGL030W_mRNA	0.00326141197774841	0.00912040336995726	-0.240967157431605	0.0819069909236923	8.15090598176523	0.040530064861627	0.000287958770882088	0.0265470618778132	0.0175402020244722	0.0265470618778132
YKL170W_mRNA	0.00327463879838237	0.00915014179346556	-0.248869134904372	0.0846290077672258	4.9038882479714	0.0411472542043546	0.0105069355377109	0.0158834521646547	0.0181413402849497	0.0181413402849497
YJL013C_mRNA	0.00328110760331929	0.00916382209824457	0.209310224447392	0.0711916335895873	5.6748991292098	0.0306043338032998	0.00360018012691251	0.0166728146457037	0.013606768981723	0.0166728146457037
YML054C_mRNA	0.00328697246210074	0.00917580333694247	0.233206106441351	0.0793341517496994	4.9583421637844	0.0358567211670912	0.00757357435080526	0.0153057445906397	0.0176020561845721	0.0176020561845721
YMR281W_mRNA	0.00329723191853531	0.00919563099922773	0.185457357551405	0.0631112896369156	5.98659720126357	0.021133391900164	0.00247837468222695	0.0103375647908203	0.0134537648363116	0.0134537648363116
YPL016W_mRNA	0.0032961549522719	0.00919563099922773	0.288587550951013	0.0982031943293171	5.88561185590447	0.0582125114225723	0.00311904019146831	0.0354564293144582	0.0134840258551065	0.0354564293144582
YMR135C_mRNA	0.00329973951071591	0.00919822123896215	0.185301790955088	0.0630634075563374	7.24143822902843	0.0181860701758622	0.000763970665125015	0.00891060345725217	0.0151440028253418	0.0151440028253418
YOL101C_mRNA	0.00331203701221903	0.00922808590778962	-0.371146733111815	0.126361263253747	5.63870216143893	0.0963440697105952	0.00364557649786308	0.0602230989064681	0.0136785413515047	0.0602230989064681
YKL002W_mRNA	0.00333648406067474	0.00929175723589437	0.182318544293014	0.0621207373012794	6.71475259378243	0.0201042255325594	0.00125042602015432	0.0107926580238383	0.0141855179912639	0.0141855179912639
YNL241C_mRNA	0.00335201914615883	0.00933056070020132	0.226184817068591	0.0771050108292339	8.12962878105882	0.0358379011205386	0.000324005084083535	0.0234567256958215	0.0174825101506163	0.0234567256958215
YML060W_mRNA	0.0033698720214617	0.00937194634416055	-0.253671921150993	0.0865238439358424	4.69623434533465	0.0327521831417578	0.00948371443554311	0.00722235505050156	0.0204617878421929	0.0204617878421929
YPR084W_mRNA	0.00337010428956683	0.00937194634416055	-0.194845122824561	0.0664593543237478	5.58769868588565	0.014115472669008	0.00384956164936967	0.00042712424213373	0.0138178214591481	0.0138178214591481
YNL216W_mRNA	0.00338578910369415	0.00941107219376056	-0.286918340775945	0.0979126062654634	6.35353883792502	0.0577435820782295	0.00188778726149967	0.036459726601283	0.0136915742775889	0.036459726601283
YPR141C_mRNA	0.0033994708566969	0.00944459571345547	0.227563806911189	0.0776907420295192	5.17732428678767	0.0363432548734066	0.00557958855814725	0.0185638170302419	0.0157807840071681	0.0185638170302419
YGR251W_mRNA	0.00344611271868505	0.00956961520450862	-0.29357590195759	0.100372635454161	4.55781598267724	0.0605952355953087	0.0109407707770822	0.0293578930149735	0.022188212752679	0.0293578930149735
YGL184C_mRNA	0.00344828939008104	0.00957109765917681	0.647051003290152	0.221239474274978	4.41184494994634	0.29438177881156	0.0161950845184008	0.179592535391473	0.0240945534971773	0.179592535391473
YOR285W_mRNA	0.00345336098963618	0.00958061005981924	0.244548788708017	0.0836291241767822	6.6652706231011	0.0420580628817645	0.00124296686635841	0.0267323547759442	0.0141206475613441	0.0267323547759442
YCL032W_mRNA	0.00345944742133245	0.00959292749961107	0.18280772132825	0.0625270565061078	6.23437961713049	0.0151266797764312	0.00203870531471352	0.00462026216654084	0.0135998258665585	0.0135998258665585
YLR343W_mRNA	0.00346149426467817	0.0095940369105685	-0.224986024679133	0.0769584559444184	5.51944531816526	0.035609377727948	0.00466070785510464	0.0190297079102913	0.0140385704267701	0.0190297079102913
YKL083W_mRNA	0.00347508363684284	0.00962712185841482	-0.494218532469463	0.16912239156129	5.15475078507864	0.171916086512004	0.0109399084289966	0.103469624880644	0.0159410485126874	0.103469624880644
YBR101C_mRNA	0.00348378252183516	0.00964663354192569	-0.231555232888294	0.0792597007305092	6.36991200290639	0.0377512608310427	0.00169300675639424	0.0234353938831653	0.0137075979792202	0.0234353938831653
YJL172W_mRNA	0.00349686312179829	0.00967825394185123	0.21693816713779	0.074286073421997	6.67974828847164	0.0331520155262721	0.00132535845941877	0.0207483243584145	0.0141404555308577	0.0207483243584145
YLL022C_mRNA	0.0035016964534244	0.00968702922015697	0.204622532234286	0.0700791633769521	6.25485630177669	0.0295001676406829	0.00199994309290117	0.017644413465553	0.0136171755686223	0.017644413465553
YHR178W_mRNA	0.00351363958067917	0.009715455243017	-0.208160372171623	0.0713167249580915	5.30914067578546	0.025620183162471	0.00537624805842952	0.00969373660346705	0.0149680529765628	0.0149680529765628
YGR207C_mRNA	0.00351912654532109	0.00972601103085421	0.183098711938265	0.06274093908575	6.25341409185034	0.0236360251830711	0.00193958811383774	0.0138061136356094	0.01361599143366	0.0138061136356094
YGL087C_mRNA	0.00355092512654031	0.00980924124572017	0.270878281411729	0.092908972798419	4.98770556817063	0.0517930998695933	0.00744204892351601	0.0270862599823134	0.0173247459424773	0.0270862599823134
YKL180W_mRNA	0.00355292176942917	0.00981010532165607	-0.246896038622669	0.0846883604606882	8.72046995283494	0.0430312830540904	0.000165981397085843	0.028522492192992	0.0190970704384779	0.028522492192992
YKL054C_mRNA	0.00358101199185822	0.00988298240860538	-0.393609805650636	0.135126922726784	7.71395991572529	0.1094823126781	0.000477565506974717	0.0725595754754663	0.016367483881307	0.0725595754754663
YDR110W_mRNA	0.0035896626657803	0.00990216604679736	-0.208253318619947	0.0715122220071558	5.26154533101662	0.0245591017472156	0.00521735645045492	0.0087046969312128	0.015238635135148	0.015238635135148
YER041W_mRNA	0.00360405251561056	0.00993618860207435	0.196530328670737	0.0675156343557201	5.50495269644835	0.0271979520045696	0.0041433248316631	0.0139618608625393	0.0140901186981581	0.0140901186981581
YGL153W_mRNA	0.00360540726137748	0.00993618860207435	0.200009385587873	0.0687135946602609	5.58254848590212	0.0166358623951192	0.005052979203173	0.00134151498495798	0.0138332531613656	0.0138332531613656
YDR098C_mRNA	0.00363004895005911	0.00999936888087204	0.181029421546107	0.0622385160110731	6.60848301253899	0.0201021572725161	0.00145633229089033	0.010718364368143	0.0140381992101521	0.0140381992101521
YER093C-A_mRNA	0.00363390811477786	0.0100052687508014	0.317312568777305	0.109105576920287	4.09029105953204	0.0693056787770415	0.0185548977645664	0.0269333962668204	0.0290612098958683	0.0290612098958683
YMR134W_mRNA	0.0036371013081647	0.0100093302887896	0.214578710070354	0.0737882689878996	5.18878176316287	0.0243530083724006	0.00607685172263791	0.00686022215766061	0.0157019828382846	0.0157019828382846
YJR049C_mRNA	0.00364853993100149	0.0100360687620466	0.194737312975826	0.0669879301590558	6.75640231889244	0.0268655946887917	0.00135535889816438	0.0165941722498138	0.0142393187101647	0.0165941722498138
YGL124C_mRNA	0.00366020077658495	0.0100633929798886	0.189761242333067	0.0652986292978263	5.7532385920831	0.0159192508527123	0.00353616180321745	0.00323179865560612	0.0135194821494823	0.0135194821494823
YDR116C_mRNA	0.00366269353233525	0.0100654964714081	-0.183237845897317	0.0630584897732308	5.96900724074326	0.0177132933527607	0.00244600716523875	0.00693934766440804	0.0134594853646839	0.0134594853646839
YLR283W_mRNA	0.00366817097307441	0.0100757963645127	0.327711462621767	0.112795017844653	4.90491709532671	0.0761367539844682	0.0092282765909035	0.0416625876113987	0.0181308585830856	0.0416625876113987
YJR144W_mRNA	0.00368105781754822	0.0101064292389425	0.180294836901666	0.0620791402886577	6.53175870933456	0.0191169528101734	0.00149357664744411	0.00970137901677064	0.0139217019884713	0.0139217019884713
YOR330C_mRNA	0.00368952958234879	0.0101249172617824	0.193212431056638	0.06654341872244	6.68234682899427	0.0264862441516255	0.00136854539709445	0.0163435609039854	0.0141439435361731	0.0163435609039854
YER065C_mRNA	0.00371828261253127	0.0101990181264629	0.241347900267241	0.0831912076318876	6.53707602801961	0.0413705832919818	0.00144895903819071	0.0262341490708166	0.0139297448961383	0.0262341490708166
YKL187C_mRNA	0.00373625672223518	0.0102434972535257	0.219183109668167	0.0755905144098165	5.67823462017435	0.0341429860603139	0.0038839780040083	0.0189717254709544	0.0136013018949889	0.0189717254709544
YLR010C_mRNA	0.00378263015102926	0.0103657588240341	0.381802893799644	0.131849753298772	3.60118280718977	0.081471487812039	0.0297296155554563	0.0159117071820762	0.0398078142243313	0.0398078142243313
YKR068C_mRNA	0.00379411930327054	0.0103923549886479	0.185762290809908	0.0641712431887107	5.82974747894698	0.0234526368248887	0.00298056299316845	0.0122879396943709	0.0134912308163701	0.0134912308163701
YMR062C_mRNA	0.00380247094531811	0.0104103363380749	0.295198700220227	0.102000174385904	6.40004193882044	0.0620796721755415	0.00178290022322217	0.0398332420757975	0.0137405861820881	0.0398332420757975
YKR078W_mRNA	0.00381391607597975	0.0104367661149169	0.192316452035279	0.0664728900129381	5.60272220491678	0.0255597623671504	0.00390067204677248	0.0129174682827637	0.0137739083799162	0.0137739083799162
YKL203C_mRNA	0.00385311840237076	0.0105390928695831	0.179457477570253	0.062097240489243	6.7659309723919	0.0220534645853483	0.00117210658700263	0.0132551808241911	0.0142521625185129	0.0142521625185129
YJL076W_mRNA	0.00386141546421975	0.0105568308280358	-0.247177310911379	0.0855501915743366	7.07361849399121	0.0436160845138827	0.000964765587871989	0.0283105755257508	0.0147732596324165	0.0283105755257508
YOR160W_mRNA	0.00386725695269435	0.0105678419354584	-0.182988811692014	0.0633444216317986	5.98849551905267	0.0181058384461112	0.00259670886968756	0.0072352879784443	0.0134533541377807	0.0134533541377807
YDR246W_mRNA	0.00387378147012443	0.0105807083192428	0.219323099039339	0.075936035611426	5.94477131152452	0.0343548167556096	0.00265016711642943	0.0204149589010896	0.0134703620584366	0.0204149589010896
YDL180W_mRNA	0.00388191902536248	0.010597966373834	0.180065001502123	0.0623579915996026	6.25480350164818	0.0191244347474477	0.00193694413417665	0.00928969173352896	0.0136171323311678	0.0136171323311678
YFR005C_mRNA	0.00388548108884038	0.0106027226339972	-0.194070456280331	0.067214912200499	5.53690907118048	0.0195507983455992	0.00409270004533933	0.00609362903898666	0.0139786776431438	0.0139786776431438
YKL136W_mRNA	0.00389520135672161	0.0106242711162266	0.320085412559328	0.110889482491223	4.68529859123632	0.0732280943769792	0.0116832592647123	0.0375026500439725	0.0205939160107633	0.0375026500439725
YHR151C_mRNA	0.00394689440195408	0.0107602277893236	0.195766747805057	0.0679185510842851	5.48144759531748	0.0161718971072591	0.00427435067103422	0.00210279064498094	0.0141773676545204	0.0141773676545204
YBR057C_mRNA	0.00396827406391063	0.0108134540207406	0.179863920551903	0.0624381647485464	6.31342575795593	0.0143714338309055	0.00193527818585485	0.00421953522831492	0.0136588194828116	0.0136588194828116
YKL004W_mRNA	0.00397034191923992	0.0108140308655876	-0.179006254852557	0.0621439763732031	6.77953567226975	0.0151612483167387	0.00117664985884268	0.00591233354442342	0.0142708453390502	0.0142708453390502
YBR180W_mRNA	0.0039992081541636	0.0108860387601827	-0.423436257205719	0.147117190696341	3.37270204039701	0.0895805444355168	0.0399481048401263	0.00480297450753088	0.046625766353408	0.046625766353408
YER038C_mRNA	0.00400051647537782	0.0108860387601827	-0.301919840770252	0.104901718722902	4.19206858511529	0.0471476823810275	0.0166779573915773	0.0077929622307423	0.0273395249724978	0.0273395249724978
YDR208W_mRNA	0.00405394600760438	0.0110262789170416	0.178714904950276	0.0621847787987972	6.49934560588293	0.0159477286693865	0.00159441791831268	0.00636700072706252	0.0138733689387087	0.0138733689387087
YDL185W_mRNA	0.00406897361410768	0.0110619879961696	-0.198664163317071	0.0691543515696718	8.66367173846684	0.0186549396449669	0.000188079134018682	0.00852294197516815	0.0189412182300684	0.0189412182300684
YJR140C_mRNA	0.00407547437958307	0.0110744933467589	-0.184780675733535	0.0643328501429777	5.88413147844432	0.0218129628534872	0.00307064303233678	0.0105449891322447	0.0134842193977385	0.0134842193977385
YIL106W_mRNA	0.00409281736355661	0.0111164354126251	0.178556681230579	0.0621949787366743	6.37883297495899	0.0165812669762272	0.00175594859734543	0.00690041218801839	0.013716912922876	0.013716912922876
YNL336W_mRNA	0.00409575388393316	0.0111192274593638	0.197169639200996	0.0686836806641347	6.00031650257297	0.0279787035937789	0.00509664244910085	0.0137731495091905	0.0134516579661928	0.0137731495091905
YHR150W_mRNA	0.00411258640600237	0.0111597244533627	0.203580061006907	0.0709487902421979	5.28149684121713	0.0207663802346438	0.00501271285103323	0.00539559704620625	0.0151222104962924	0.0151222104962924
YDR214W_mRNA	0.00411662989554445	0.0111654961692002	-0.188542979798985	0.0657154014251788	6.71050070628567	0.0256020402704251	0.00129479876838169	0.0159792571695079	0.0141802401833811	0.0159792571695079
YML073C_mRNA	0.00411953876777627	0.0111681865337667	-0.240248455912917	0.0837435224402152	8.45807402877671	0.0415736016742049	0.0002202886987999	0.0278316215039794	0.0183776406129116	0.0278316215039794
YMR275C_mRNA	0.00413400464459234	0.0112021911904163	0.196020846444788	0.06835350480429	6.73774496668342	0.0276893319752941	0.0012136843472125	0.0174751221289079	0.0142147470288902	0.0174751221289079
YAL030W_mRNA	0.00414581262579322	0.0112289652988709	0.334878434894977	0.116810644371269	5.37649433962311	0.0808452637588655	0.0053042135989322	0.0492746929547925	0.0146255133830474	0.0492746929547925
YGL168W_mRNA	0.00415295370138582	0.0112430800484544	0.322734527717912	0.112596060807228	4.72946194164776	0.075106078963086	0.0093038679648954	0.0414076236723243	0.0200656812850115	0.0414076236723243
YBR016W_mRNA	0.00416144736273768	0.01126084177209	0.259556691252534	0.0905749300712136	6.2760484577186	0.0485928339673696	0.0020669695562931	0.0307483022733278	0.0136337369586166	0.0307483022733278
YGR107W_mRNA	0.00416688206589375	0.0112703133314285	1.00173029849791	0.349614323934041	1.6849305997924	0.437992773201773	0.312852111553148	-0.13027802338802	0.17606859044628	0.17606859044628
YCR053W_mRNA	0.00417132606178247	0.011271867178082	-0.188842010248071	0.0659155966208646	7.96461734829991	0.0112636213149953	0.000342542380363189	0.00153667907583674	0.017036921131175	0.017036921131175
YJR050W_mRNA	0.00417016245910604	0.011271867178082	0.214140922172787	0.0747439161213906	5.15973275485426	0.0268248798042008	0.00644150231234651	0.0091976304638654	0.0159051096762994	0.0159051096762994
YOR098C_mRNA	0.00419081948461402	0.0113192926830604	-0.253980839011373	0.0886981262532246	6.63096402511869	0.0465731394657554	0.001378624653336	0.0300908057499959	0.0140715713817849	0.0300908057499959
YPR115W_mRNA	0.00420214318546419	0.0113446182569575	0.24440235796657	0.085378511180821	7.00316719266714	0.0431427666613252	0.000970680509518855	0.0281872801762955	0.0146357956485698	0.0281872801762955
YBR029C_mRNA	0.00420824274290493	0.011352343513745	-0.178117972884373	0.0622329910251801	6.41103997981947	0.0213105387464068	0.00173813428549065	0.0120300108672484	0.0137536464022699	0.0137536464022699
YDL042C_mRNA	0.00420890181766037	0.011352343513745	-0.295406388020342	0.103214412366731	5.39252613230578	0.0630426514576426	0.0049319108531004	0.0376809488277381	0.0145505561592063	0.0376809488277381
YGR034W_mRNA	0.0042117973207905	0.0113548964326356	-0.267409078730315	0.0934393235397252	8.27660691478132	0.0516640842552683	0.000263532061602333	0.0346600966726435	0.0178819689929151	0.0346600966726435
YOR367W_mRNA	0.00421591181017843	0.0113607318252079	0.265148892635738	0.0926595795570916	5.18721136933273	0.0508013607567242	0.00581054503405199	0.028532645700736	0.0157126825935837	0.028532645700736
YER009W_mRNA	0.00422164347785224	0.011370917661566	-0.193776760544926	0.067727893621247	6.65773681312992	0.0271382343915944	0.0013754829222101	0.0169727873752737	0.0141101075739415	0.0169727873752737
YBR062C_mRNA	0.00423071804495353	0.0113900939602122	0.201506157706484	0.0704461967548175	5.3620602740726	0.0240022444100926	0.00515555366828413	0.00895978488720637	0.0146951128805897	0.0146951128805897
YPL269W_mRNA	0.00425619971845155	0.0114534039536715	0.209341218120289	0.0732340834629727	5.23183585304339	0.0290453915399399	0.00603261539066228	0.012566376800963	0.0154203085319843	0.0154203085319843
YER043C_mRNA	0.00426694523521573	0.0114717226305339	-0.305243502840865	0.106813588326044	8.75641672251022	0.0674404248378026	0.00017182640114755	0.0454647442031948	0.019195709108988	0.0454647442031948
YLR061W_mRNA	0.00426527378875763	0.0114717226305339	-0.380386049979777	0.133102362351438	8.07729263755141	0.104725570962316	0.000386703350792351	0.0704782521033415	0.0173408210269143	0.0704782521033415
YLR386W_mRNA	0.00432153250272407	0.0116131219376709	-0.182464776867296	0.0639400499472649	5.81783613704263	0.0186599452970637	0.00285982434532773	0.00762057567374571	0.0134934956037072	0.0134934956037072
YOR368W_mRNA	0.00433450256080456	0.0116426057718983	0.217345173400825	0.0761884041176312	5.09591610742658	0.0237308034216311	0.0068292884916809	0.00509973677417102	0.016389403196285	0.016389403196285
YHR097C_mRNA	0.00436971838178695	0.0117317876922999	-0.22011232921826	0.0772280492782805	7.12094335479329	0.0351860906155965	0.000798880340124591	0.0230578060411895	0.0148716345679894	0.0230578060411895
YLR272C_mRNA	0.00438480378210439	0.0117640005757565	-0.18906952153507	0.0663619740811097	5.59333747028546	0.0198695159909646	0.00381449845445216	0.00726075897200985	0.0138011479613154	0.0138011479613154
YMR270C_mRNA	0.00438575510651273	0.0117640005757565	0.183877449788175	0.0645411596221581	5.88056868472441	0.0146174964374984	0.00317757340394185	0.00282376805320568	0.0134846717375497	0.0134846717375497
YNR022C_mRNA	0.00441676203348363	0.0118417191012773	-0.230030553188856	0.0808045358970648	4.93997865942056	0.0360157370430689	0.00833714586871447	0.0151328422773248	0.0177803462174457	0.0177803462174457
YMR310C_mRNA	0.0044589142821151	0.0119492339501392	-0.421443419460788	0.148201048239302	5.18994531298463	0.129361137492265	0.00622002770939324	0.0816341750875189	0.0156940747797256	0.0816341750875189
YGL183C_mRNA	0.00453792926529183	0.0121553912182024	1.02886686915317	0.362516300957899	1.77842057327704	0.77291199810235	0.20991393196677	0.315758341874021	0.162695584583167	0.315758341874021
YLR062C_mRNA	0.00455733782420118	0.0122017693767445	-0.352120188313031	0.124127445921847	6.50883764383885	0.0905854257740636	0.00261853584988111	0.0590119554744431	0.0138873723150829	0.0590119554744431
YKL033W-A_mRNA	0.00459414525763681	0.0122946670973781	0.176483375294079	0.0622693379044383	6.61092824127877	0.0180191441526083	0.00146801837467358	0.00893924128735225	0.0140418633975549	0.0140418633975549
YJR093C_mRNA	0.00460357778034814	0.01231425351162	0.177798075889203	0.0627477208048207	6.17601513990356	0.0145277565620163	0.00220192544232488	0.00433148350557757	0.013547180422474	0.013547180422474
YHR184W_mRNA	0.00461482616579314	0.0123386770270357	0.503238946631229	0.177649798911042	3.08131625665181	0.185355133906768	0.057157441074413	0.0690803631381214	0.0575648720448532	0.0690803631381214
YGL009C_mRNA	0.00462904823856643	0.0123697172148876	-0.187190729860332	0.0661036852439835	8.00052902532376	0.0170326804101527	0.00034518872594484	0.00789257761474921	0.0171336000853977	0.0171336000853977
YKL086W_mRNA	0.00463068198518191	0.0123697172148876	0.38224465085222	0.134989521226679	4.13607585861024	0.1069923639678	0.0170094135345515	0.0558792698294808	0.0282681290800378	0.0558792698294808
YDR128W_mRNA	0.00463680910350959	0.0123804078079958	0.215114046859034	0.0759787723765581	6.57959416370265	0.0338914365551878	0.0015110439389776	0.0215800514684177	0.0139944862490661	0.0215800514684177
YLR025W_mRNA	0.00464632686654616	0.0124001375742089	0.175861063522163	0.0621289217621207	6.83318742378877	0.0174265960116222	0.00109154165251374	0.00874349302761115	0.0143484700247811	0.0143484700247811
YJR017C_mRNA	0.00466431114416162	0.0124424343982993	0.259534407027317	0.0917294402754169	6.6330764833904	0.0493755123777063	0.00131485512499139	0.0323423057279737	0.0140746655659759	0.0323423057279737
YDR298C_mRNA	0.00468425851968764	0.0124899268355607	0.17631448913889	0.062346419070135	6.37313916342701	0.0147402266460789	0.00183738226956431	0.00507377511400374	0.0137109216139113	0.0137109216139113
YLR075W_mRNA	0.00469821748029789	0.0125214158463932	-0.236480283844722	0.0836497757621661	9.88773384248442	0.0410359771835012	5.92978700509448e-05	0.0279298420701917	0.0222409451215756	0.0279298420701917
YOR295W_mRNA	0.00474412446901847	0.0126379831534072	-0.295324245066945	0.104579791901553	4.16101832881453	0.0567551158587241	0.0158987528817513	0.0199913256170643	0.0278489786149375	0.0278489786149375
YGR286C_mRNA	0.00482249534068519	0.0128408856740548	-0.307021206124132	0.108924625275416	6.42750719821256	0.0694309485038331	0.00168350811395102	0.0457747878516084	0.013774108122191	0.0457747878516084
YOL132W_mRNA	0.00482517009239571	0.0128421384003186	0.359430223771175	0.127526288999629	3.6526366245391	0.0786442123098732	0.0266005335085498	0.0207496694634009	0.0384512840355177	0.0384512840355177
YJL068C_mRNA	0.00484160155202743	0.0128799865945716	0.212750703041073	0.0755134585868548	6.37616321057046	0.0333586175021205	0.00183040961663533	0.0209787200943592	0.0137140836502534	0.0209787200943592
YER136W_mRNA	0.00489390886374676	0.0130131962757593	0.180709809847177	0.064219605437179	7.55603683507428	0.0239358660143564	0.000545378795277113	0.0157698961129611	0.0159512520947507	0.0159512520947507
YJL174W_mRNA	0.00491211098102784	0.0130556380362537	0.209959410869234	0.0746458232259655	7.41768589854078	0.0325575837769881	0.000620383813767619	0.0216676118865608	0.0155906510356447	0.0216676118865608
YBR002C_mRNA	0.00491799929362412	0.0130653278087798	-0.192419730408618	0.0684193999434105	5.77506905752358	0.0273499607176412	0.00312483920035092	0.0156000179541145	0.0135073879996561	0.0156000179541145
YOR256C_mRNA	0.00492370022417962	0.0130745111695855	0.174936420172269	0.0622110369076141	6.57829748366333	0.0140024177120401	0.0014883407615879	0.00477060647197255	0.0139925116908942	0.0139925116908942
YKL035W_mRNA	0.00493179865100197	0.0130900496313155	-0.20413113966515	0.0726069378792703	8.29464267026517	0.0307931376468939	0.00026794192773756	0.0208191277850793	0.0179311251101983	0.0208191277850793
YDR004W_mRNA	0.00494061373433252	0.0131074752350734	0.182537463469345	0.0649396037014096	5.75362307820455	0.0138823616298963	0.00334937615262118	0.00200460400231842	0.0135192323629633	0.0135192323629633
YBR052C_mRNA	0.00495230316446634	0.0131325071625766	0.201581244483198	0.0717340343346911	7.17079782505895	0.0300468804465129	0.00080463951835569	0.0197784472093669	0.0149805125043222	0.0197784472093669
YEL067C_mRNA	0.00497245095891784	0.0131739423768328	0.406050626290463	0.144563065058101	3.97122455990241	0.121988220804474	0.0189735404106251	0.0646203787053462	0.0312756007023351	0.0646203787053462
YLR439W_mRNA	0.00497058320635793	0.0131739423768328	-0.180570619389226	0.0642843932807034	5.78774209419664	0.0232860379209995	0.00302782780322025	0.0126055703731053	0.0135021050746523	0.0135021050746523
YNL029C_mRNA	0.00498981633017037	0.0132139408816239	-0.184672285003001	0.065773733785775	5.65165940345649	0.0231839764584973	0.00365462643689862	0.0114413903834258	0.0136501097875894	0.0136501097875894
YJR015W_mRNA	0.00499743317468179	0.0132280988985444	-0.17488552046936	0.0622989355258352	6.94952842516372	0.0148719259802994	0.000986280446588312	0.00620937016949283	0.0145383490240204	0.0145383490240204
YOR264W_mRNA	0.0050172255311367	0.0132744577404189	-0.175083132818438	0.0623976362054197	6.23191886671274	0.0155018644852518	0.00197618616215946	0.00587463910131914	0.0135976738539361	0.0135976738539361
YKR023W_mRNA	0.00504120226833658	0.0133276826927938	0.176385376535899	0.0628961847289442	6.10421534188264	0.0168001226334215	0.0023354339430119	0.00677561143402231	0.013488286270818	0.013488286270818
YOR019W_mRNA	0.00504191772312349	0.0133276826927938	0.287869070652538	0.102651149313857	5.83427447978842	0.0614373920572634	0.00306830350065554	0.0390807303211678	0.0134904911232433	0.0390807303211678
YMR170C_mRNA	0.00506420521000111	0.013380525874588	0.204570044742758	0.0729845883204246	5.59523706897199	0.0310462413488747	0.00470850159141914	0.0165984989377883	0.0137955829878012	0.0165984989377883
YFR033C_mRNA	0.00509208766626934	0.0134480973452789	0.278925281212221	0.0995752822187767	6.40874368877775	0.057763367494561	0.00174556925993286	0.0379153780558633	0.0137508778697902	0.0379153780558633
YML053C_mRNA	0.00510916106719364	0.0134870740269461	0.184982111052854	0.0660634006892382	5.6540222552695	0.0213598804554059	0.00381222572858636	0.00929668007089984	0.013645265913921	0.013645265913921
YDL190C_mRNA	0.00511511437139778	0.0134966740614871	-0.174386447773151	0.0622876917187953	6.75241825950389	0.0179424971868798	0.00128501858979073	0.00925033320559824	0.014234007568832	0.014234007568832
YDR451C_mRNA	0.00514261872416048	0.0135631039777994	-0.19753413062533	0.0705992939160069	5.29775763570135	0.0230484906889115	0.00490650028754401	0.00863981609003112	0.0150305409182109	0.0150305409182109
YGL005C_mRNA	0.00518906504629562	0.0136782430084909	0.186470064208894	0.0667142386161328	5.56417787347787	0.0184999646900407	0.00391326309669202	0.00597353197233171	0.0138898954398292	0.0138898954398292
YHL034W-A_mRNA	0.00519097069889689	0.0136782430084909	0.313090821910047	0.112020677411182	6.31287025551217	0.0729884568297469	0.00342236985749449	0.046772158813146	0.0136584362249622	0.046772158813146
YKL117W_mRNA	0.00526315710692332	0.0138605866158358	0.202747557873583	0.0726571348197047	8.20457483151852	0.0306702404230998	0.000296200390722367	0.0208200365701126	0.0176859341805129	0.0208200365701126
YMR184W_mRNA	0.00526492931356758	0.0138605866158358	0.200577921440796	0.0718824258385936	5.28979755166206	0.0280620727538587	0.00559327357052729	0.012978517931604	0.0150750590072364	0.0150750590072364
YDR510W_mRNA	0.00531361278425372	0.0139824336409495	0.197508445747672	0.0708580978938513	5.33274596547272	0.0244393209970029	0.00524069124341012	0.00979869949861832	0.0148427889051283	0.0148427889051283
YER148W_mRNA	0.00535996816774012	0.0140980471987603	-0.172891175097952	0.0620891286372587	6.60565825838067	0.0123908905236211	0.00138628199464503	0.00334928401587735	0.0140339575850912	0.0140339575850912
YKL165C_mRNA	0.00538263722673994	0.0141512836114562	-0.178546439917527	0.0641515998822599	5.82908125371493	0.020869513658296	0.00297036631591992	0.0102815894016192	0.0134913447538944	0.0134913447538944
YHR035W_mRNA	0.00541355335520874	0.0142261442703862	-0.26996852416319	0.0970643035260342	4.40232461194608	0.0456300596469197	0.01346300323229	0.0146026309497381	0.0242229128436864	0.0242229128436864
YDR417C_mRNA	0.00541942332957621	0.0142351489261096	-0.260059800817618	0.0935135559591707	7.34113042097809	0.0506821578866946	0.000725734375819078	0.0342534062166967	0.015392873283534	0.0342534062166967
YOL134C_mRNA	0.00553109325276218	0.0145219239705239	0.318026630614141	0.114630749555555	4.32089851406369	0.0760276960509709	0.013574027352629	0.0389868076220445	0.025364200739738	0.0389868076220445
YNL263C_mRNA	0.00556838921895393	0.0146132592746061	0.172001372110519	0.0620457446970454	6.47027655212847	0.0122407066091649	0.00156713369304404	0.00309520281451802	0.0138315640469997	0.0138315640469997
YPR054W_mRNA	0.00559057058241651	0.0146648645714356	0.216961565103871	0.0783007114495294	4.97167243500713	0.020480119068022	0.00704903998588255	0.00144471023490644	0.0174749656681273	0.0174749656681273
YJL036W_mRNA	0.00561140337794846	0.0147128875247199	0.173629197312735	0.0626896101058676	6.24174238837316	0.0169376455445635	0.00211376150038962	0.00742025925179562	0.0136061873605132	0.0136061873605132
YBL092W_mRNA	0.0056259933461789	0.0147445061785147	-0.280671063174384	0.10136852369237	8.94596697446426	0.0593691552110472	0.000133624390866622	0.0409686859914155	0.0197154446234478	0.0409686859914155
YGR284C_mRNA	0.0056465744038946	0.0147917906821448	0.172049187944851	0.0621648371097364	6.65098912047587	0.0168884610430327	0.00135732275758919	0.00828005033923659	0.0141005451339311	0.0141005451339311
YGL126W_mRNA	0.00569786266417508	0.0149194372501052	0.415427074275728	0.150262252618083	7.1641662787268	0.13031522077529	0.000823641214756882	0.0894913370326849	0.0149657194480291	0.0894913370326849
YDR349C_mRNA	0.00574270428592618	0.0150300966620871	0.172930315601474	0.0626077795674466	7.0342920636703	0.0169735301210037	0.000983735749836266	0.00865793393580333	0.0146952004996277	0.0146952004996277
YLR170C_mRNA	0.00582305494967456	0.015233551026854	0.246831147152478	0.0895099832284761	5.26710156935025	0.0461584358854605	0.00559819663946127	0.026449951750787	0.0152057691697887	0.026449951750787
YLR223C_mRNA	0.00585247880752939	0.0153036541888089	-0.361999180530714	0.131352626067392	5.91488964724077	0.0993580213205625	0.00279354847420221	0.0662205010249981	0.0134790883871213	0.0662205010249981
YDR051C_mRNA	0.00586273867423002	0.0153220284378718	0.17242173611823	0.0625768195742276	6.1372991801661	0.0188127191202736	0.00214989971823607	0.00951251217176431	0.0135135336738656	0.0135135336738656
YPR044C_mRNA	0.00586476543365158	0.0153220284378718	-0.30310632753172	0.110010540670657	7.57872871519454	0.0696815766962317	0.000477874469446561	0.0479314017651543	0.0160107685119355	0.0479314017651543
YHR096C_mRNA	0.00586948600901446	0.0153274878926572	0.181521997928342	0.0658885657587547	5.7758384188838	0.0169951004737482	0.00385817856755946	0.00493650458805733	0.0135070338234235	0.0135070338234235
YPR027C_mRNA	0.00587287187106871	0.0153294585666874	0.186234601118094	0.0676037691932271	5.48285482365954	0.0214903507307769	0.00410906320643817	0.00900679067550396	0.0141720152300863	0.0141720152300863
YAL008W_mRNA	0.0058894366350241	0.0153532155861174	0.198204498038964	0.0719729623727245	5.53807475668372	0.0298150734455351	0.00419064175062936	0.0165297875001931	0.0139747651577352	0.0165297875001931
YBR076W_mRNA	0.00588987930569387	0.0153532155861174	0.337736786105592	0.122641687645002	3.78866755588951	0.0543999551132063	0.0250199045462814	0.000675436878172658	0.035144029647376	0.035144029647376
YDR502C_mRNA	0.00588887054217179	0.0153532155861174	-0.254450638624866	0.0923962735647308	7.29791782416142	0.0491371004420486	0.000691188015685423	0.0334570974589089	0.0152825016560649	0.0334570974589089
YPR194C_mRNA	0.00589470198220365	0.0153589149142748	-0.372507808471909	0.135281180052032	4.50879744653608	0.105326942624088	0.0118684184617949	0.0613355722432866	0.0228215442238809	0.0613355722432866
YER046W-A_mRNA	0.00589870821655869	0.015362482820595	1.07609237178186	0.390828865528441	2.0549823920452	0.87904949931482	0.155413008363095	0.455575800157898	0.129145896284716	0.455575800157898
YBL097W_mRNA	0.0059230726302268	0.0154190443001346	-0.333462735749264	0.121170615368616	4.87302162213976	0.0844666262764559	0.0087150231001122	0.0500142490151238	0.0184608710046824	0.0500142490151238
YMR052W_mRNA	0.00593900967022307	0.015453626770308	0.30505530595185	0.11088364517835	4.08157843416774	0.06166818903552	0.0199650466502558	0.0195198016908364	0.0292156844218974	0.0292156844218974
YDL234C_mRNA	0.00600209119186784	0.0156038301132628	-0.278321733130647	0.101293832522097	6.96742208289268	0.0589624411282807	0.00105719505644168	0.039984566971617	0.0145701631297148	0.039984566971617
YOL031C_mRNA	0.00600146807676027	0.0156038301132628	0.173333732450096	0.0630831819320588	6.08168013441035	0.0136283023433398	0.0024439876704563	0.00357359832452733	0.0134739637002366	0.0134739637002366
YLR120C_mRNA	0.00602389413124561	0.0156535268548782	-0.287402766978151	0.104644120840536	7.6469600873788	0.0629082236900108	0.000472730548385419	0.0433288375575698	0.0161903255490465	0.0433288375575698
YOL088C_mRNA	0.00602867034613648	0.0156589538281726	0.176059068664685	0.0641096495414211	5.83643793689704	0.0143749759586299	0.00295003128818048	0.00359550133632983	0.0134901573691148	0.0134901573691148
YKL055C_mRNA	0.00605948817087859	0.015724979101799	-0.417311143715447	0.152051131602424	3.40077279253872	0.132752598232315	0.0371915766154143	0.0552866098708958	0.0457127636686716	0.0552866098708958
YLR423C_mRNA	0.00605796111807475	0.015724979101799	0.239178308339946	0.0871441773464014	4.69569198918959	0.037630913899736	0.00990810984125747	0.0140660798569287	0.0204683207402667	0.0204683207402667
YOL093W_mRNA	0.00607558966338168	0.0157597441579972	-0.218351537238067	0.0795836391257995	5.76316276868464	0.0363592459854144	0.00319072835581676	0.0221434941102052	0.013513473144926	0.0221434941102052
YMR028W_mRNA	0.00608485762758594	0.0157767603641814	0.177935988901104	0.064865020938451	5.71227824212307	0.0140358769389837	0.00327471434616258	0.00271766347525892	0.0135551694192202	0.0135551694192202
YBR109C_mRNA	0.00609749902982035	0.0158025041582444	0.17096723228769	0.0623401092142952	6.713857343515	0.0183144911068704	0.00136075344487581	0.009910545736453	0.0141844034225252	0.0141844034225252
YCR065W_mRNA	0.0061141423138831	0.0158385918722467	0.24306467844407	0.088658083112066	5.62307013628324	0.0450997380593608	0.00397220310973821	0.0274688196946858	0.0137172635040016	0.0274688196946858
YDL115C_mRNA	0.00613714128803656	0.0158802488980377	0.212439699175027	0.0775224743940972	6.0299391100187	0.0344711739445718	0.00251809275163766	0.0215208433930961	0.0134534619042372	0.0215208433930961
YER163C_mRNA	0.00613840036360811	0.0158802488980377	0.230313136204053	0.0840468307872145	6.11268617914719	0.0405168846462379	0.00239855163944762	0.0258569274220511	0.0134943284110174	0.0258569274220511
YNL326C_mRNA	0.00613320074371097	0.0158802488980377	0.201225553065738	0.073424606694562	5.16247379992309	0.0166325506967813	0.00567921820802666	0.000572308050921171	0.0158854732649778	0.0158854732649778
YPL125W_mRNA	0.00617773442275543	0.015974913780281	-0.211167647113768	0.0771192739856627	6.24110139614146	0.0340947010849666	0.00200882050596707	0.0217807091743358	0.0136056385054469	0.0217807091743358
YHL001W_mRNA	0.00620411638537777	0.016036016886074	-0.279771028917691	0.102225833356967	7.40848856053861	0.0598862727197421	0.00101022620947715	0.0407902578126283	0.0155668219717279	0.0407902578126283
YPL164C_mRNA	0.00621838312737402	0.0160657650111224	0.19233391519454	0.0702965054561644	5.59827878074458	0.0283132577186507	0.00375548398033646	0.0160109107370578	0.0137867264750751	0.0160109107370578
YLR192C_mRNA	0.00624206408630862	0.0161197984782066	0.177126301323412	0.0647678583731711	7.70657532043024	0.0164137801745686	0.000431583689195038	0.00819068746341067	0.0163479182237936	0.0163479182237936
YPL083C_mRNA	0.00626614344163182	0.016174812446144	-0.316576682167752	0.115812854199068	4.71151652248534	0.0767993163895006	0.00925988342198403	0.0443905853689546	0.0202785849601549	0.0443905853689546
YHR172W_mRNA	0.00629004174832077	0.0162293105516903	-0.206655402938081	0.0756351817965324	5.08877206360021	0.0261452523764144	0.00643592015520872	0.00937500580137798	0.0164468027463693	0.0164468027463693
YAL011W_mRNA	0.00629656864598875	0.0162307887351275	0.176043892113867	0.0644395304431541	5.84983131927318	0.0128298243490638	0.00312149595702446	0.0017700438596585	0.0134883163779123	0.0134883163779123
YPL031C_mRNA	0.00629654653192369	0.0162307887351275	0.205120693231394	0.0750828409817191	6.54733475464087	0.0322662829147023	0.00140765192617402	0.0211420801133705	0.0139453188397939	0.0211420801133705
YPR119W_mRNA	0.00629897242192296	0.0162307887351275	-0.253029897489114	0.092623937103652	5.25879745119801	0.0491020909779972	0.0052318575618757	0.0290849173364494	0.0152550169888041	0.0290849173364494
YBR252W_mRNA	0.00632063143511726	0.0162722044812166	-0.332480576674182	0.121758011966675	5.69400733759314	0.0848249393489796	0.00327847459950828	0.0560215793127995	0.0135778203309302	0.0560215793127995
YOR276W_mRNA	0.00632040947409401	0.0162722044812166	-0.207426366359024	0.075961474791139	6.69840592568222	0.0330153964253696	0.00121447795302919	0.0218661046567502	0.0141649993612451	0.0218661046567502
YBR001C_mRNA	0.00637525954712554	0.0164055928098734	0.177215158874083	0.064965634368615	6.52216250825521	0.0241313822985596	0.00157637563634213	0.0153057589593242	0.0139072537197686	0.0153057589593242
YGL251C_mRNA	0.00639063848901262	0.016437907212798	-0.21565305699815	0.0790796993648811	5.1779425160046	0.0357484333108286	0.00568804258860274	0.0193263528179572	0.015776488135552	0.0193263528179572
YAR003W_mRNA	0.00644622975375822	0.0165735809997332	0.17512023447589	0.0642837631875135	5.85203586019556	0.014037625661936	0.003041566937792	0.00323671869345631	0.0134880419004013	0.0134880419004013
YGR088W_mRNA	0.00647619065439461	0.0166432672044566	-0.211810736220468	0.0777959870615171	5.78312502320006	0.0345586150449379	0.00319226280436772	0.0210165996071352	0.0135038977263561	0.0210165996071352
YBR191W_mRNA	0.00649548678620252	0.0166796783805786	-0.280281117745523	0.102981666945222	8.82042231888468	0.060541503237363	0.000141237176115703	0.0422796577311506	0.019371311073093	0.0422796577311506
YMR141C_mRNA	0.00649608483445466	0.0166796783805786	0.611645120618324	0.224734862033319	2.47866750774918	0.178387112685595	0.110488790140867	-0.0262482418566453	0.0915342427116727	0.0915342427116727
YHR081W_mRNA	0.00650200494957126	0.0166875245974459	-0.192922405228362	0.0708927210705808	5.74283112011278	0.0286879853467127	0.00345231644995236	0.0166507951532123	0.0135267962122645	0.0166507951532123
YNL080C_mRNA	0.00661932706504435	0.0169811534482379	0.220713441052408	0.0812817364271848	6.53412784787025	0.0376556033423604	0.00148358346430741	0.0249432992421659	0.0139252826267974	0.0249432992421659
YBR237W_mRNA	0.00662779995129106	0.0169954060370694	0.171140346337823	0.063035376957026	6.14739615340115	0.018412326831422	0.00237184423671346	0.00898735789848718	0.013521990755744	0.013521990755744
YJL083W_mRNA	0.00665478357006297	0.0170570915438569	0.199041661936272	0.073348506272072	5.52504772428242	0.0306500347731124	0.00433749371422476	0.017182519775152	0.0140190942481575	0.017182519775152
YBR253W_mRNA	0.00667855053276667	0.0171104817079589	0.217062080005378	0.0800240175319405	4.90664422290644	0.0329600408236713	0.00750208575653989	0.0143505446756047	0.0181132877712694	0.0181132877712694
YCL034W_mRNA	0.00670470865113785	0.0171699483962765	0.223223956348189	0.0823350436305992	7.16561946769379	0.0385962043794335	0.000775765236592817	0.0263404724020179	0.0149689529432305	0.0263404724020179
YHL039W_mRNA	0.00671070427634223	0.0171740976261039	-0.285567253781421	0.105341573750213	5.82703477359601	0.0631745377799102	0.00303108719353551	0.0413563014471504	0.0134917034589033	0.0413563014471504
YNL001W_mRNA	0.00671222456138664	0.0171740976261039	-0.274768494825906	0.101360878388715	5.68055623141177	0.0584890968259038	0.00341727802888974	0.0376788326420374	0.0135976025660499	0.0376788326420374
YLL001W_mRNA	0.00672685249437586	0.0172039695488296	0.168549054283468	0.0621935616749137	6.46349173700631	0.0154987453724624	0.00165006713492165	0.00683893613561616	0.0138220893203235	0.0138220893203235
YJL154C_mRNA	0.00675152924248577	0.0172595038906196	-0.168984984898126	0.0623823782246741	7.03117882197357	0.0103743594916058	0.000877080350019357	0.00207946907069549	0.0146891641018458	0.0146891641018458
YNR024W_mRNA	0.00677972347930715	0.0173239776273875	-0.305982271589796	0.113013898066233	4.73139883269319	0.072649367123467	0.00991796637755934	0.0411705982469405	0.0200428500632157	0.0411705982469405
YGR174C_mRNA	0.00681209236985107	0.0173990574952882	0.215834500881067	0.0797646006835404	5.30640930522401	0.0361754701550519	0.0052344094957323	0.0202151565930863	0.0149829219919779	0.0202151565930863
YBR105C_mRNA	0.00681908734793733	0.0174092913624377	0.167696498684232	0.0619823493301057	6.4263823578198	0.0152326532556604	0.00159456873290707	0.00669124099217174	0.0137726777810099	0.0137726777810099
YJR004C_mRNA	0.00685027897339462	0.0174812638190964	0.221220248975681	0.0818111216978658	5.79299597579631	0.0380376622467586	0.00333058812993154	0.0234416504039205	0.013500236079957	0.0234416504039205
YHL003C_mRNA	0.00686495335451281	0.0175110412624307	-0.168074575031302	0.0621732714632317	6.56886205469061	0.0133228472079138	0.00148393333008675	0.00471938502926303	0.0139781294076761	0.0139781294076761
YLR288C_mRNA	0.00688287154715359	0.0175490632970314	0.190624171319865	0.0705373091458957	5.62699294786914	0.0282652646487991	0.00413269508736976	0.0157693528388049	0.0137070742384175	0.0157693528388049
YPR014C_mRNA	0.00691011905260495	0.0176108283466651	0.587925439277571	0.217657853948206	2.51053771472837	0.167538886683672	0.100256689135887	-0.0195096883033028	0.0892430764054677	0.0892430764054677
YGL010W_mRNA	0.00691531822667551	0.0176163725354663	0.241701791137072	0.089489520289035	4.64237408387572	0.0412600494554499	0.0109131802702073	0.0166026567638122	0.0211203166960391	0.0211203166960391
YMR216C_mRNA	0.0069451645600446	0.0176846716463373	-0.167565031854742	0.0620734870889675	6.48818305121439	0.0182773377415278	0.00155536608219978	0.0100051986692999	0.0138571051153371	0.0138571051153371
YDR286C_mRNA	0.00700114683258045	0.0178116512867309	0.350251341819726	0.12987714282408	3.63752930666897	0.0947762153895257	0.0286289999057176	0.0378666587411974	0.0388432890068687	0.0388432890068687
YMR241W_mRNA	0.00699832137653071	0.0178116512867309	-0.167759246445197	0.0622039176914706	6.80957248383383	0.0209710002275889	0.00116378123001249	0.0132642433658727	0.0143135282746565	0.0143135282746565
YCR092C_mRNA	0.0070160568331233	0.017841792714874	-0.177180783331122	0.0657178965940986	5.66164879701	0.0230691126442739	0.00364504568659655	0.0121024235803169	0.013630322044414	0.013630322044414
YLR190W_mRNA	0.00702729203300654	0.0178625669215952	-0.236694848149987	0.0878095418443559	6.04081373835797	0.0437257786894841	0.00253717187044833	0.0283048906852144	0.0134560952703956	0.0283048906852144
YML068W_mRNA	0.00706420223700532	0.0179485574499751	-0.179228107336243	0.066533500954272	5.63643749430491	0.0167622626795034	0.00402298247388173	0.00475866626577701	0.0136838445230467	0.0136838445230467
YNR051C_mRNA	0.00709030242504533	0.0180070191492215	-0.282626917219079	0.104965370817168	7.27727763875815	0.0624336483540693	0.000704363652883027	0.0433665526302597	0.0152310855073231	0.0433665526302597
YHR029C_mRNA	0.00710080361581684	0.018025830878322	0.193557738251886	0.0718989706167352	5.64226607639114	0.0292898841860352	0.00367349332311271	0.0170043545798719	0.0136703999442759	0.0170043545798719
YPL189W_mRNA	0.00711606841884151	0.0180567136795168	-0.31117258996618	0.115618952610923	3.92746497037173	0.0546830594939503	0.0213228438806476	0.0096008967925104	0.03214812493074	0.03214812493074
YIL115W-A_mRNA	0.00713916165585755	0.0181074252533853	0.33016463010622	0.122724905354099	4.43487507769061	0.0852982177310914	0.0121873625384136	0.0480582470382766	0.0237882998442406	0.0480582470382766
YJL060W_mRNA	0.00714938868137646	0.0181211927584618	0.248736027166197	0.0924736449236649	6.54239725166547	0.0484236963431936	0.00150563364434748	0.0326998663775248	0.013937815051825	0.0326998663775248
YMR168C_mRNA	0.00715081053067346	0.0181211927584618	-0.196489713713624	0.0730516143941349	5.21213563905526	0.0202008246681341	0.00579972263898167	0.00481310162108708	0.0155464308233759	0.0155464308233759
YHR012W_mRNA	0.00718410230552392	0.0181976434921662	0.172002524637054	0.0639845688980843	6.27065063420905	0.0231736584748138	0.00206107394929326	0.0143150262790015	0.0136296807348391	0.0143150262790015
YLR292C_mRNA	0.00721613938674676	0.0182708509635752	-0.174213676826347	0.0648429579580705	5.71490422570057	0.0216658043714079	0.0032661509853928	0.0112756665001571	0.0135522858016156	0.0135522858016156
YDL066W_mRNA	0.00722446187744658	0.0182839769322345	0.168424723054374	0.0626972745050347	7.08582116780382	0.0187911784515139	0.000925631355522351	0.0111029491751161	0.0147981615659164	0.0147981615659164
YBL091C-A_mRNA	0.0073067940872812	0.0184843171309163	0.279325874786093	0.1041278338837	5.39139887986196	0.0612851801001005	0.00493387896828688	0.0384365441889591	0.0145557469933889	0.0384365441889591
YDL139C_mRNA	0.00733253196007152	0.0185413763886183	0.258874890254827	0.0965463992607881	4.97784301669504	0.0526701625993541	0.00736799475807609	0.029916834082818	0.0174168080805837	0.029916834082818
YLL002W_mRNA	0.00734149949459956	0.0185559982887362	0.202672660327639	0.0755975236128554	5.07823588275017	0.0230359489340985	0.00632733709152302	0.00661797755378749	0.0165326052140619	0.0165326052140619
YOL009C_mRNA	0.00737527371803336	0.0186332804341988	0.202143254843655	0.0754432872069955	5.10521146861331	0.0246609560232204	0.00645109156960842	0.00829653403276008	0.0163156667687804	0.0163156667687804
YJR110W_mRNA	0.00738605472547156	0.0186524294887721	0.190685617563741	0.0711800956657993	5.9444625601384	0.0286115970697488	0.00293672289030699	0.0173297011856624	0.0134704788188666	0.0173297011856624
YHR171W_mRNA	0.00742235761148112	0.0187359858944926	0.177006096066026	0.0661142628938452	5.6479458281573	0.0215333031743876	0.00382645110181646	0.0102931857151601	0.0136579319301695	0.0136579319301695
YGR133W_mRNA	0.00746882905939964	0.0188451269380954	0.239686458408517	0.0895962581594882	4.64189114025635	0.0243084982000214	0.0109836520633212	-0.00135300351884613	0.0211263058414055	0.0211263058414055
YGL200C_mRNA	0.00748390148667877	0.0188749827105587	0.183474051541936	0.0686010507312434	7.63997172368752	0.0265461828931313	0.00047876602653339	0.0183456506191891	0.0161718945142412	0.0183456506191891
YMR143W_mRNA	0.0074882473712331	0.0188777711747313	-0.202280756383346	0.0756383934524199	8.24514801866723	0.0322703563466404	0.000262090274723573	0.0226225759815287	0.0177962954323286	0.0226225759815287
YBR184W_mRNA	0.00749862997118334	0.0188957691228867	0.416364432898591	0.155717281566814	3.18335046498831	0.0775512823525655	0.0435810584793301	-0.0100216390967143	0.053410428634904	0.053410428634904
YML051W_mRNA	0.00750781778033655	0.0189107420614962	0.165193978620074	0.0617908421667171	6.38616454731331	0.0134930736179094	0.00154757248373596	0.00511242051478712	0.0137248602189526	0.0137248602189526
YGR031W_mRNA	0.00756137970688813	0.0190306479044821	0.220750744640245	0.0826455999768026	6.34576443076216	0.0384946730657552	0.00187512519229062	0.0254460555898121	0.0136844785561092	0.0254460555898121
YPL177C_mRNA	0.00756195501182217	0.0190306479044821	-0.168960990027405	0.0632569368042959	6.20794771757531	0.0225514605080315	0.0020601070118007	0.01394565320365	0.013576220541826	0.01394565320365
YOR141C_mRNA	0.00757688978977066	0.0190599999633868	0.166897619874826	0.0624999345880966	6.4186324032639	0.0220112536130962	0.00175355539268548	0.0138714119013799	0.0137629508325542	0.0138714119013799
YGL180W_mRNA	0.00759111091689155	0.0190875322407467	0.271462628289644	0.101681484494258	5.73314624066761	0.0582505862942145	0.00339050590293015	0.0379659912528937	0.013534617154405	0.0379659912528937
YIL131C_mRNA	0.00760390578877315	0.0191065189957972	-0.277008833156449	0.103780906124157	5.19993734972175	0.0606721504826703	0.00611226701513851	0.0369696388886662	0.0156268501470181	0.0369696388886662
YJR116W_mRNA	0.00760522100090177	0.0191065189957972	0.282478044238173	0.105832240256726	6.32031321388394	0.0630934209507266	0.00193308350737044	0.0428687688036587	0.0136637382588098	0.0428687688036587
YGR127W_mRNA	0.00761108571502862	0.0191130109378262	0.176872508482194	0.0662728666295141	5.60342819515281	0.021593988435444	0.00379648657412433	0.0104016769619131	0.0137718848310491	0.0137718848310491
YEL009C_mRNA	0.00762051973615746	0.0191244517277466	-0.189721044793278	0.071098206607941	8.74373866946162	0.0284702518926852	0.000152772787817233	0.0200670471436446	0.0191609209018882	0.0200670471436446
YNL073W_mRNA	0.00762220681631094	0.0191244517277466	-0.165719289929842	0.0621052487111145	6.64954392114192	0.013909249050763	0.00132976475006889	0.00572646407436257	0.0140984829198087	0.0140984829198087
YGR227W_mRNA	0.00763514367512197	0.0191486642493588	0.172069928024586	0.0644989966142233	5.7955300462028	0.0123454573533272	0.00314108606887738	0.00162674391529133	0.013499396188089	0.013499396188089
YBR302C_mRNA	0.00766376052093422	0.0192039005569732	0.206949538158148	0.0776099061380872	6.376252608452	0.0339078071398796	0.00121199915279287	0.022881190970258	0.0137141778205153	0.022881190970258
YML132W_mRNA	0.00766376052093422	0.0192039005569732	0.206949538158148	0.0776099061380872	6.376252608452	0.0339078071398796	0.00121199915279287	0.022881190970258	0.0137141778205153	0.022881190970258
YNL094W_mRNA	0.00767250311309946	0.0192157056880093	0.165801044323762	0.0621873975256689	6.82181879968268	0.0179572410494981	0.00113759315079862	0.0102480261739922	0.0143314964932637	0.0143314964932637
YPL157W_mRNA	0.00767506816615133	0.0192157056880093	0.305846761424966	0.11471951746281	5.34539589450429	0.0740773837575301	0.00520763392454262	0.0474346368230568	0.0147780085265398	0.0474346368230568
YOR162C_mRNA	0.00769084399846116	0.0192469317590355	0.172582626166305	0.0647504773329972	5.77834269811282	0.0181394483272716	0.00326458523898486	0.00766060572467503	0.0135059120204191	0.0135059120204191
YGR188C_mRNA	0.00769693596431616	0.0192539067960953	0.256911911132526	0.0963992215020446	4.42179579361185	0.0455057498613564	0.0132097462855492	0.0166882056853992	0.0239614933392518	0.0239614933392518
YMR230W_mRNA	0.00776271083049831	0.0194101087117954	-0.326124479537993	0.122500947098628	6.81171243901224	0.0843861132572745	0.00110855791585386	0.0589173702443898	0.0143166444698178	0.0589173702443898
YGR165W_mRNA	0.00782047130755388	0.0195461457905658	-0.174233678724501	0.0655081806331325	5.65512233326297	0.0164080157834241	0.00352224126620372	0.00538423998692999	0.0136430456532488	0.0136430456532488
YDL052C_mRNA	0.00784083510302194	0.0195886386407401	-0.200425381399398	0.0753805364987233	6.75841993434672	0.031925729991677	0.00116835526915145	0.0215605458621899	0.0142420216690127	0.0215605458621899
YOR120W_mRNA	0.00785158179863794	0.0196070791079574	-0.346120198585775	0.130199357023874	5.8613958850217	0.0952334420909548	0.00317954649493678	0.0646279437827843	0.0134869282905832	0.0646279437827843
YOL120C_mRNA	0.00794816028891692	0.0198397522893016	-0.225131517185598	0.0848188094960891	9.25996045736944	0.0403742470002568	0.000108615745416063	0.0286683060319193	0.0205718410467424	0.0286683060319193
YHR032W_mRNA	0.00799106179137689	0.0199382980713327	-0.316234919781553	0.119223830810691	6.82542138736613	0.0797346747076571	0.00115073946034082	0.0557065478723647	0.0143368446783068	0.0557065478723647
YNR061C_mRNA	0.00800652530417517	0.0199683289478273	-0.172545695424035	0.0650675211533898	5.6785056460722	0.0112033434029885	0.0033342636556762	0.000163027987707491	0.0136008655805111	0.0136008655805111
YFL060C_mRNA	0.00804872899012362	0.0200649957622851	0.794135420672706	0.299671616699116	3.99750822412478	0.328359217049852	0.328445199103292	-0.156817771226169	0.0307671123169556	0.0307671123169556
YIL150C_mRNA	0.00810409485695494	0.0201943783732333	-0.341116712193204	0.128835013729822	4.08971162676363	0.0929970832043167	0.0196411966206353	0.0467526464304179	0.02907144744527	0.0467526464304179
YBR111C_mRNA	0.00819452603923143	0.0204109913230279	0.169829110168056	0.0642331522761726	6.91421786169197	0.0230945324211064	0.0010137815356931	0.0154898098696428	0.0144776077119822	0.0154898098696428
YMR150C_mRNA	0.00819927052140526	0.0204140812212423	0.176219977145863	0.0666552599511226	5.56648740377725	0.0213373144611738	0.00388905869791514	0.0100999266975457	0.0138826360186917	0.0138826360186917
YPR174C_mRNA	0.00826080756361547	0.0205585069908688	0.217745199690148	0.0824411467424551	5.0294954708711	0.0380172185213484	0.00670024637554355	0.0204859243293005	0.0169470519991394	0.0204859243293005
YHR068W_mRNA	0.00830022551128497	0.0206477855801649	-0.173578352469273	0.0657591689706021	7.92674417579625	0.0213382847170365	0.00036191835285835	0.0138921168594101	0.0169351548619584	0.0169351548619584
YHR072W_mRNA	0.00843617362123632	0.0209770155857118	-0.163548819906079	0.0620891744164281	6.71647181348515	0.0151044793169601	0.00123259898732429	0.00730842414008417	0.0141876633315302	0.0141876633315302
YMR139W_mRNA	0.00847428295133314	0.0210627868918374	0.164039895624149	0.0623118143423921	6.35755463543626	0.0180573646924969	0.0018356774990001	0.00982318828399477	0.0136953713275629	0.0136953713275629
YDL213C_mRNA	0.00847917052470272	0.021065947751351	-0.208057842609545	0.0790382501339516	6.67726298620287	0.034865785506842	0.00138491323533053	0.0236032667016178	0.0141370996726819	0.0236032667016178
YKL138C_mRNA	0.00848595821469459	0.0210738246201239	-0.273865329339042	0.104048334445367	4.62766639575318	0.0604178669935864	0.0108887955440985	0.0324154280593209	0.0213033336413764	0.0324154280593209
YGR012W_mRNA	0.00854812065118177	0.0212191524984171	0.166594412893296	0.0633531182548567	6.04844379842058	0.0199936907410567	0.00259595446578992	0.0108962289261245	0.0134585159046655	0.0134585159046655
YDR477W_mRNA	0.00855597305565952	0.0212295992428758	-0.163592163712934	0.0622187991014573	6.90593475612285	0.010043236468727	0.00102096451062854	0.00209324712635632	0.0144637513358815	0.0144637513358815
YER080W_mRNA	0.00856128929023272	0.0212337468730931	0.163573424971151	0.0622166702713508	6.87890925901404	0.0180911318117181	0.00106407691602503	0.0106746313517321	0.0144195793225909	0.0144195793225909
YJR134C_mRNA	0.00858935324631905	0.021294285963002	0.194180043937798	0.0738894642457193	6.85479039166232	0.0304376081159886	0.00107583369291289	0.0207627780131648	0.0143815005101249	0.0207627780131648
YDR366C_mRNA	0.0086064552531888	0.0213276088069239	0.488288592895454	0.18585161817459	5.71540604443779	0.192532609505443	0.00373698786993606	0.134426308042518	0.0135517448969073	0.134426308042518
YMR208W_mRNA	0.00861952631140803	0.0213509184907581	0.163387113938041	0.0622003657691068	6.66180320049479	0.0109896577791584	0.00135972686510708	0.00278766389799054	0.0141158151421356	0.0141158151421356
YKL005C_mRNA	0.00865088262614622	0.0214194824394084	-0.164534142576411	0.062666517306385	6.18982550557138	0.0143409699579076	0.00214865763190775	0.00548195758774905	0.0135597119333381	0.0135597119333381
YIL107C_mRNA	0.00865574032003778	0.021422405736848	0.179682380072538	0.0684410449977995	6.43875529579857	0.0260971281797342	0.00169865549783987	0.0170380510637234	0.0137886577651247	0.0170380510637234
YER074W_mRNA	0.00867265074639501	0.0214551436299352	-0.239286570048451	0.0911673665900626	8.64747211637193	0.0462983746237569	0.000193624824813713	0.0330523300990537	0.0188967721900875	0.0330523300990537
YGL154C_mRNA	0.00874384725141441	0.021622094264321	0.216988634799671	0.0827597514998334	5.25373504688067	0.0381260101836329	0.00547640591957596	0.0219202999536807	0.0152854198712469	0.0219202999536807
YOR389W_mRNA	0.00875290731497977	0.0216353152384693	0.195811089785726	0.074692663550631	5.20839097714388	0.0310527729917606	0.00654130696406417	0.0157746689890869	0.0155709269772403	0.0157746689890869
YMR137C_mRNA	0.0087735792641474	0.0216772149249036	0.198251081341293	0.0756466093176617	5.14446418540166	0.0215504652341202	0.00687337246770919	0.00498684278227906	0.0160162655373265	0.0160162655373265
YBR264C_mRNA	0.00879262568687956	0.0217058632422713	0.229226011420919	0.0874903894521814	5.71586681820653	0.0425889386034305	0.00351877234380686	0.0270995006421706	0.0135512510783908	0.0270995006421706
YLR376C_mRNA	0.00878929380251536	0.0217058632422713	0.221360483780675	0.0844841275692935	4.73467957322339	0.0218044906796564	0.0085460261341728	0.000815795656997704	0.0200042451104058	0.0200042451104058
YPR157W_mRNA	0.0087998377887155	0.0217144663096385	0.174886625237654	0.066757398069035	5.6207647963144	0.023031426385574	0.00410279770271082	0.0118350643712569	0.0137234030850796	0.0137234030850796
YFR039C_mRNA	0.0088498614219611	0.0218255687871881	0.16608725831066	0.0634453539592326	5.9964504216854	0.0110013295329901	0.00264919972427445	0.00125651695445723	0.0134520520317748	0.0134520520317748
YHL031C_mRNA	0.00885235479645133	0.0218255687871881	0.238447123840637	0.0910901769820807	5.84082528545068	0.0461389108439059	0.00341690095563426	0.0297727804148729	0.0134895152520801	0.0297727804148729
YBL042C_mRNA	0.00886000134007575	0.0218351809675471	0.183750244410481	0.0702030972560216	6.07048107235119	0.0274034134457732	0.00258098475195531	0.0171329147053984	0.0134679308531304	0.0171329147053984
YNL171C_mRNA	0.00886736021246432	0.0218439831268649	0.49679380867974	0.189824184441133	2.8852916592823	0.19865915245366	0.0774502796895877	0.0648833584128985	0.0666826043053777	0.0666826043053777
YPL237W_mRNA	0.00887107176075562	0.0218439831268649	-0.17105830203536	0.0653646934467612	7.83360419815025	0.0208933337677213	0.000404389869431767	0.0136210555402067	0.0166857827281245	0.0166857827281245
YPL209C_mRNA	0.00889591234124501	0.0218958957752824	0.302281632508631	0.115549822451323	3.95868246557364	0.072546405376216	0.02188472036645	0.029736661007472	0.0315223255076791	0.0315223255076791
YDR005C_mRNA	0.00890191714630084	0.0219014228438972	-0.165697758221354	0.0633450099438224	6.0183061400644	0.0205224534740072	0.00259858528068719	0.0115452585615828	0.0134517758584446	0.0134517758584446
YKL106W_mRNA	0.00891105705639189	0.0219146553020427	0.172659208780462	0.0660151643060662	5.60832981489305	0.0167878535901147	0.00367407393688621	0.00579542565918088	0.0137579337365414	0.0137579337365414
YJL107C_mRNA	0.00892419198118902	0.0219376972499609	-0.345846344351513	0.132257616320453	4.64039558882366	0.0971996727861494	0.0107390088949311	0.0592292994041418	0.0211448616084213	0.0592292994041418
YNL074C_mRNA	0.00894855567541081	0.0219883109932279	0.217346478056834	0.0831466615896697	6.91137401999346	0.0384071024514158	0.00102811333115083	0.0266253560028774	0.0144728335862158	0.0266253560028774
YFR002W_mRNA	0.00895964424832344	0.0220062763030069	-0.162269475262646	0.0620868100089019	6.5054812286623	0.0126294890208149	0.001536683889328	0.00447165931811242	0.0138824040189979	0.0138824040189979
YGL072C_mRNA	0.00900598163383294	0.0221107665397011	0.407022306024032	0.155838157382321	3.70543730019306	0.134843892199883	0.0301946682671769	0.0669474569180916	0.0371209817503349	0.0669474569180916
YFL008W_mRNA	0.00911142392456453	0.022360217263906	0.314256232141187	0.120504189890348	6.2841314847207	0.0805478977001016	0.00207797011603666	0.0560070690084791	0.0136395754224701	0.0560070690084791
YKL016C_mRNA	0.00913104646702744	0.0223989375650113	0.16627709477429	0.0637783602266187	6.2921125247307	0.0225588217363538	0.00182843819985239	0.0144422787329329	0.0136450385450917	0.0144422787329329
YDR261C_mRNA	0.00913602621092386	0.0224017208353714	-0.162388818240933	0.0622914072373238	6.65572848495848	0.0143034985788515	0.00141360451974298	0.00637725016054455	0.0141072731426815	0.0141072731426815
YPR082C_mRNA	0.00914107711918573	0.0224046761869483	0.222011950481405	0.0851686776022396	4.99681029737332	0.0402243085812686	0.00753310075578847	0.0214817138222684	0.0172407396812501	0.0214817138222684
YER058W_mRNA	0.00917572346452348	0.022480136629232	0.374443887711752	0.143716365101894	4.11184323520648	0.114498596111495	0.0173765493851439	0.0652410250072601	0.0286840094436922	0.0652410250072601
YGR070W_mRNA	0.0092051763463783	0.0225428152139554	-0.265741638464394	0.102038052084117	6.43874520671794	0.0577022174499822	0.00167351587100286	0.0399735404214808	0.0137886445198312	0.0399735404214808
YHL032C_mRNA	0.00925322876662971	0.0226414577044875	0.206853024256158	0.0794807861047589	7.11976022247129	0.034994375648412	0.000843934296058624	0.0244248471432631	0.0148691160763428	0.0244248471432631
YLR270W_mRNA	0.00925319360830123	0.0226414577044875	0.182616639127208	0.0701682115593515	6.39044235482379	0.0272743807131328	0.00173756196203398	0.0179567496917177	0.0137296145963804	0.0179567496917177
YKL060C_mRNA	0.00926360746296298	0.0226573371449296	-0.210120111284616	0.0807480516369176	11.6244775019678	0.0311203979667906	8.39412647890547e-06	0.0207204719332941	0.0260725972461543	0.0260725972461543
YCR073W-A_mRNA	0.00927931058803441	0.0226862205144308	0.164223818890716	0.063124439427105	6.72536555618661	0.0220680508354288	0.00118416669713439	0.0147546127148106	0.0141988652785433	0.0147546127148106
YNL021W_mRNA	0.00930687409557392	0.0227440639600728	-0.172198978392345	0.0662158326832204	6.03042315269042	0.0242762664347782	0.00249911079193699	0.0150390351997919	0.0134535579229635	0.0150390351997919
YGL206C_mRNA	0.00943952362583719	0.0230585595992149	-0.192460233701749	0.0741454587353235	7.38065127272014	0.0304017675390756	0.000643910456284119	0.0213462857480021	0.0154948118576541	0.0213462857480021
YJR018W_mRNA	0.00947871913152717	0.0231446008634859	0.233363383760746	0.0899527846759013	4.58199627895767	0.0246096492969252	0.0104867964075227	0.000321122444821333	0.0218792174762735	0.0218792174762735
YCL043C_mRNA	0.00949267708526417	0.0231689722240256	0.187317743351515	0.0722180096381336	9.10768344091564	0.0288277626132304	0.000118213501231891	0.0207435501631424	0.0201575470321449	0.0207435501631424
YMR234W_mRNA	0.0094998031547116	0.0231766554352386	-0.173418619292267	0.0668660282509447	5.59269237912934	0.0210010108961544	0.00408121919742758	0.00982728747209896	0.013803043738797	0.013803043738797
YDL106C_mRNA	0.00951662203322039	0.0232079698474433	0.162261099457374	0.06257863609451	6.18823692342507	0.0194539161734833	0.00210607784871242	0.0112149282237009	0.013558264933084	0.013558264933084
YHR077C_mRNA	0.00952380443460503	0.0232157676301293	-0.162068847591505	0.0625107467357739	7.01265397059377	0.0171539968198939	0.000976694142710815	0.00989792777585032	0.0146536796871455	0.0146536796871455
YDL206W_mRNA	0.00955126703400225	0.0232592839860116	0.166320980017411	0.0641753339177654	5.84595920682619	0.0227523459099588	0.00291241725856582	0.0135614766752609	0.0134888148519408	0.0135614766752609
YJL078C_mRNA	0.00955363312367416	0.0232592839860116	-0.328074697973329	0.126592542087139	7.58723801489524	0.088531309711858	0.000508778617271696	0.0635939082310645	0.016033112771612	0.0635939082310645
YLR167W_mRNA	0.00954884808705047	0.0232592839860116	-0.310182439884662	0.119680585779206	9.92020748331394	0.0791310246899079	5.30020612838438e-05	0.0572407683885313	0.0223248553477446	0.0572407683885313
YDL138W_mRNA	0.00962576896137563	0.0234153361039559	0.164418460792247	0.0635067788306862	5.98324812088919	0.0213766097171888	0.002677858457499	0.0125018147396915	0.0134545853722998	0.0134545853722998
YLR225C_mRNA	0.00962281985075921	0.0234153361039559	-0.160949607701391	0.0621643976302656	6.75483308635729	0.0138232209081866	0.00122042671761391	0.00618880247851992	0.0142372226133212	0.0142372226133212
YGL160W_mRNA	0.0096980082652897	0.0235812170924782	0.16478703843338	0.0637125277644503	5.99648856313841	0.0202636632575511	0.00278509738503073	0.0111674652378757	0.0134520473915127	0.0134520473915127
YNL078W_mRNA	0.00970707999421816	0.023593428471554	0.167936796934985	0.0649384271260452	6.36639043497332	0.0232642021896661	0.00172720387868815	0.0151407933917306	0.0137040319568528	0.0151407933917306
YBL016W_mRNA	0.00974651245162946	0.0236793918028329	-0.229176574448767	0.0886667708310541	5.88086295536922	0.043356546605484	0.00282036121967614	0.0286268237787505	0.0134846350322352	0.0286268237787505
YER145C-A_mRNA	0.00979481806991761	0.0237868320447436	0.365777618496867	0.141610160254643	5.62700739461192	0.110544370937621	0.00390471836409957	0.076309031585283	0.0137070373088608	0.076309031585283
YOR288C_mRNA	0.00984883643539995	0.0239080504469334	0.190031852047709	0.0736245978718677	5.24565930697687	0.0298667318820804	0.00603270097075938	0.0156496246764175	0.0153345215653831	0.0156496246764175
YNL018C_mRNA	0.00997828271638548	0.0242121928803256	-0.424199943998979	0.16463675934773	3.41194805984775	0.100200674754728	0.0630655469134689	-0.00712070753018523	0.0453555032006209	0.0453555032006209
YBR218C_mRNA	0.00998401028639662	0.0242160049660894	-0.240495007755631	0.0933459989809598	7.82712971420599	0.0479537349642475	0.000445713101085028	0.0344081890019284	0.0166684977353046	0.0344081890019284
YPR184W_mRNA	0.0100519166180141	0.0243705643847484	-0.421182723545537	0.163627221590554	6.32372027224235	0.147261075639854	0.0019169589102503	0.105178511671526	0.0136662840295104	0.105178511671526
YIL028W_mRNA	0.0100753773408417	0.0244172830231878	0.445763732091142	0.173231099633736	3.02672407609176	0.093704877856854	0.0600892965423752	-0.0164641573665526	0.0599467589788787	0.0599467589788787
YDL013W_mRNA	0.0101137924592387	0.0245001891341058	0.159837677901682	0.0621473577208379	6.35140152165616	0.0090900945969714	0.00175958660443553	0.000680348098890426	0.0136895896822917	0.0136895896822917
YBR097W_mRNA	0.0101231286132076	0.0245126131756225	-0.170805969279344	0.0664202490474045	5.58971439746679	0.0156770511806127	0.00383476338291349	0.00462645455589833	0.0138118345511635	0.0138118345511635
YKR002W_mRNA	0.0101534437625519	0.0245758053014654	0.160029872539049	0.0622548842196542	6.60765520752761	0.0123111887468081	0.00146572530775413	0.00440781689100753	0.0140369571290561	0.0140369571290561
YDR050C_mRNA	0.0101662832904727	0.0245966638082616	-0.209758772507578	0.0816143388883416	10.4989082791992	0.0366003592038456	2.71626981533262e-05	0.0266164385505709	0.0237606648151448	0.0266164385505709
YDR041W_mRNA	0.0103123373010485	0.0249396750169815	0.171977706003335	0.0670432287907206	5.96924615912788	0.0246675879295355	0.00256446104899517	0.0154147170577445	0.0134593838023579	0.0154147170577445
YKL034W_mRNA	0.0103307399599907	0.0249738136958114	0.159843503668489	0.0623279029223847	6.30443410113082	0.010516979996384	0.0018862019145488	0.00208200646300022	0.01365286801626	0.01365286801626
YMR289W_mRNA	0.0103578773590368	0.0250290308974485	-0.163865457208875	0.063918880142627	5.88046069152832	0.0133945519368153	0.00285780777424258	0.00382152985340989	0.0134846851805075	0.0134846851805075
YGL076C_mRNA	0.01036678167935	0.0250401617180319	-0.245218672656168	0.0956634009877904	9.5404799326371	0.0502008014557237	7.88672072617859e-05	0.0365270779469413	0.0213271371444407	0.0365270779469413
YOL025W_mRNA	0.0103793133935275	0.0250600413720228	0.181193343111026	0.0706977487876942	5.33169120678241	0.0158067767845996	0.00514442314240935	0.00241111553030449	0.0148482635921823	0.0148482635921823
YGR255C_mRNA	0.0104451925625922	0.0251982160950981	0.159285888392017	0.0622032662241752	6.65878660523587	0.019715546851823	0.00136540017641617	0.0125092588102988	0.0141115851394063	0.0141115851394063
YHR026W_mRNA	0.0104428521264045	0.0251982160950981	0.163787566271356	0.0639592868568506	7.48622030326183	0.0148381319012739	0.000594377328734243	0.00763894488974668	0.0157687841722134	0.0157687841722134
YBR060C_mRNA	0.0104558639764431	0.0252071626290617	-0.167840663992531	0.0655531032042731	5.92314998993005	0.0235550451321053	0.00303698255152197	0.0141518548073184	0.0134771429029638	0.0141518548073184
YDL177C_mRNA	0.0104575544240375	0.0252071626290617	0.29832920802034	0.116520239965588	4.94654330131257	0.074420758629594	0.00671039053045777	0.0475974747560949	0.0177161866106432	0.0475974747560949
YGR028W_mRNA	0.0104890654733021	0.0252726614753756	0.169888191643562	0.0663813677644794	5.9171632655447	0.0241474137247686	0.00258971049122591	0.0150362334539063	0.0134785831959642	0.0150362334539063
YGL170C_mRNA	0.0104938751377203	0.0252737976652991	-0.734976782531136	0.287199491375203	2.52748518971107	0.451989477521673	0.0986849423426748	0.231249249042026	0.0880511468649406	0.231249249042026
YOL125W_mRNA	0.0105310460354438	0.0253528405795437	-0.274279553495475	0.107228977647596	5.81050603604524	0.0629872065409489	0.00303741594047105	0.0429547986489236	0.0134951661092465	0.0429547986489236
YHR016C_mRNA	0.010538914903629	0.0253613045140613	0.168311638799519	0.0658077415282413	6.79159030087751	0.0237221417562798	0.00124347490268365	0.0160791604775076	0.0142877381404379	0.0160791604775076
YBR286W_mRNA	0.0105703585461451	0.0254264694012556	-0.180121009782248	0.0704536033792828	8.94355713765066	0.0210864940891098	0.000145996186365946	0.013177082290544	0.0197088447301352	0.0197088447301352
YKL123W_mRNA	0.0105771556796491	0.0254323190217233	0.487038528826536	0.190519814413558	3.58492443205479	0.198766859770663	0.0315226189387635	0.113668579797943	0.0402492533816033	0.113668579797943
YJL217W_mRNA	0.0105916077900716	0.0254565622875236	-0.240828640400646	0.0942249002023554	6.79678902834146	0.0486120211976634	0.00108530237727151	0.0344280248953038	0.0142951215248975	0.0344280248953038
YJL199C_mRNA	0.0106094606234701	0.0254679512123349	0.53728390152979	0.21026209236743	2.65404107942068	0.234179305402612	0.097139951329336	0.0712881642182993	0.0797006386175832	0.0797006386175832
YKR027W_mRNA	0.0106054056467015	0.0254679512123349	-0.162990772665352	0.0637819158960101	5.92519045240326	0.0115855359731924	0.00279591800084542	0.00202687283498967	0.0134766131806174	0.0134766131806174
YLL059C_mRNA	0.0106012905615525	0.0254679512123349	0.475084571290417	0.185901337774739	2.81151216174064	0.149583225224068	0.0676893979025813	0.0280911005865777	0.0705478316431691	0.0705478316431691
YJL071W_mRNA	0.0106830967148654	0.0256341521667241	0.185125722594322	0.0725159280288878	5.25042540325356	0.0285681413852139	0.00572878609551356	0.0150880701983386	0.0153054531760498	0.0153054531760498
YKL074C_mRNA	0.010745395427408	0.0257730233676735	-0.177387176168651	0.0695398338539964	5.53851873628469	0.0264445997768714	0.00420288459256878	0.0151402693771969	0.0139732777765556	0.0151402693771969
YMR156C_mRNA	0.0107835737274878	0.0258539508380017	0.216780073564312	0.0850239620836789	4.75850010649462	0.0369348971941154	0.00918976959751068	0.0169565915977419	0.0197265269161168	0.0197265269161168
YJL156C_mRNA	0.0108561570369594	0.0260172648693234	0.189788341521855	0.0745058308362952	5.7598977995725	0.0303294075141624	0.00358814771048957	0.018616327603937	0.0135153513308945	0.018616327603937
YIL151C_mRNA	0.0110053544627567	0.0263639782483638	-0.158092542986337	0.0621792546250275	6.5163018838232	0.0123713998598208	0.001566558357385	0.00454758373588392	0.013898480465511	0.013898480465511
YBL081W_mRNA	0.011015538986849	0.0263775298550688	-0.350596591637405	0.137910406089629	6.22284209552576	0.103783437753881	0.00206788839209111	0.0740092320391339	0.01358964118415	0.0740092320391339
YOR228C_mRNA	0.0110460835572065	0.0264398039458854	0.183649452639834	0.0722677229892202	5.21920715345195	0.0250456602691232	0.00538986561392629	0.011808449973017	0.0155006295302604	0.0155006295302604
YAL031W-A_mRNA	0.0110614068002954	0.0264656082211585	0.746752013759785	0.293909737311861	2.02480780958831	0.314835921748314	0.213119030967289	-0.0351201348238939	0.13241270377962	0.13241270377962
YBR073W_mRNA	0.0111426109789066	0.026648953843641	0.158120324871127	0.0622963838105961	6.714099428941	0.0120501343563475	0.00133865310345784	0.00442876595338566	0.0141847046400506	0.0141847046400506
YNR048W_mRNA	0.0112032367627664	0.0267800715278953	0.188019798624347	0.0741316806200565	5.13446380983641	0.0287293781791849	0.00589133477666637	0.0147897290796774	0.0160906895095499	0.0160906895095499
YOR253W_mRNA	0.0112066279411275	0.0267800715278953	-0.200747696268429	0.0791532916596207	5.64056983322937	0.0341368127159529	0.00358269632911556	0.0214782779930964	0.0136742439000978	0.0214782779930964
YDR186C_mRNA	0.0112426220209052	0.026855070067156	-0.193096466852507	0.0761702004735527	7.05863037374378	0.031603423379589	0.000850806745131018	0.0223567910155938	0.0147431146753473	0.0223567910155938
YDL001W_mRNA	0.0113018212641667	0.0269854142151783	0.184548966466544	0.0728513764938585	5.23812261395796	0.0288962250193516	0.00583670562669417	0.0153925866015055	0.0153810195184901	0.0153925866015055
YMR276W_mRNA	0.0114155480667021	0.0272457939519077	0.23006831987995	0.0909463696205774	8.18563177647163	0.0449943524993761	0.000277867537012866	0.0328071010516378	0.0176344626416917	0.0328071010516378
YLL063C_mRNA	0.0115056018723872	0.0274494825997246	0.206910162228815	0.0818811992815952	4.88714611066738	0.0150549953964115	0.00850467684394053	-0.00460627184308655	0.0183134463392287	0.0183134463392287
YIL084C_mRNA	0.0115160865798318	0.0274520132627251	-0.255321173949169	0.101051832159394	5.0787516170008	0.0555065388868175	0.00674945499856429	0.0340964361325168	0.0165283735494373	0.0340964361325168
YLR219W_mRNA	0.0115132056087825	0.0274520132627251	0.175143845178201	0.0693165811926927	6.99574530358732	0.0261179745331226	0.00101868923428842	0.0182004644786842	0.0146219402418444	0.0182004644786842
YHR017W_mRNA	0.0115546456744888	0.0275326649078003	0.167252207834708	0.0662263950433754	5.96110257593495	0.0238337057684697	0.00281161818537553	0.0147321234163893	0.01346321842072	0.0147321234163893
YOR054C_mRNA	0.01162577531766	0.0276908287001991	0.203409273406028	0.080612264713652	6.8486173058373	0.0352938809651367	0.00113350199381591	0.0248598468952397	0.0143719581504885	0.0248598468952397
YDL050C_mRNA	0.0116389132992787	0.0277107923504689	-0.299046722880628	0.118532592360159	4.75856785925006	0.0763009596768846	0.00988449096132049	0.0463154108451578	0.0197257436025346	0.0463154108451578
YMR169C_mRNA	0.0116884370710239	0.0278173343038339	0.185742539174042	0.073666033228683	5.33647293438953	0.0195184316248639	0.0068832029216501	0.00417217643104106	0.0148235348849476	0.0148235348849476
YLR030W_mRNA	0.011726379950928	0.0278734759665877	0.250301697648742	0.0993153057364754	4.29445725507557	0.0269199772858225	0.0137019914212186	-0.00275942714236379	0.0257521283928997	0.0257521283928997
YMR125W_mRNA	0.0117217009110818	0.0278734759665877	-0.156561622394089	0.0621174326420147	6.64850368515005	0.0174458507026083	0.00133730616982844	0.0103513791239177	0.0140969955823125	0.0140969955823125
YPL097W_mRNA	0.0117251964942878	0.0278734759665877	0.178092930047916	0.0706631423976064	5.31232705612901	0.0169439146301477	0.00502231267860733	0.00406985535853606	0.0149508060954103	0.0149508060954103
YPR005C_mRNA	0.0117776425913745	0.0279839093545464	0.188865466193976	0.0749841801713028	5.10815402521777	0.0289414746393594	0.00619796003931103	0.0146192872683832	0.0162925490645386	0.0162925490645386
YGL167C_mRNA	0.0117962000286675	0.0280165761789714	0.162211350604421	0.0644160284924443	7.60925501145252	0.0134128844259323	0.000506707474946851	0.00634637662000625	0.0160909914320107	0.0160909914320107
YDR121W_mRNA	0.0118384029516813	0.0281053527288083	-0.183927165797499	0.0730761411196521	5.4061640864659	0.0289575775817203	0.00476700152144477	0.0165934880823125	0.0144886979339968	0.0165934880823125
YGR094W_mRNA	0.0118794350420769	0.0281912784338656	-0.174224219253435	0.0692546122683485	8.69243474155565	0.0123532222126794	0.000164664694772097	0.00439833665467902	0.019020140586985	0.019020140586985
YJR011C_mRNA	0.0119371254096993	0.0283166500964609	0.246739108376516	0.0981461202094866	4.78976961600364	0.0521966507661035	0.00880608782810158	0.0297245558205984	0.0193691400712122	0.0297245558205984
YPR056W_mRNA	0.0119851419770917	0.0284189813425056	-0.170618155421714	0.0679055209848144	5.53389368773071	0.0149266027438249	0.00445579149230722	0.00321969574478853	0.0139888476285691	0.0139888476285691
YDR391C_mRNA	0.0121542045932794	0.0288081350530698	-0.232036844391849	0.0925321341256396	6.19534574365083	0.0463231570659099	0.0021476010234534	0.032101182359928	0.013564744693165	0.032101182359928
YBR051W_mRNA	0.0121690867036405	0.0288316791929279	-0.731459822431765	0.291743380380969	1.9646235790639	0.279349300689559	0.20125654329892	-0.0548204273692237	0.139200256685539	0.139200256685539
YDR012W_mRNA	0.012183625674298	0.0288543915359594	-0.180182082551127	0.0718778784777211	9.18690503127149	0.0228271905563494	0.00029233987309686	0.0148894834737172	0.0203733777847353	0.0203733777847353
YML102W_mRNA	0.0122165295683546	0.0289205612617773	0.274094118451656	0.109382687952867	6.29665749655911	0.0647017599207763	0.00194782379724138	0.0459104658979359	0.0136480052227996	0.0459104658979359
YDL072C_mRNA	0.0122269755870685	0.0289335336191149	0.175045506990795	0.0698638039209798	7.15102645051895	0.0263931319717313	0.000911220390263286	0.0186125840029732	0.0149366895822912	0.0186125840029732
YLR220W_mRNA	0.0122350804824077	0.028940957730616	0.156044199263633	0.0622858666062419	6.78150792145587	0.0117521569593846	0.00124452931924152	0.00438998395900531	0.0142735873963207	0.0142735873963207
YGR193C_mRNA	0.0123066696480304	0.0290984810752538	0.1552100124561	0.0620039783411778	6.85576520082653	0.0117310767169449	0.000994958356699142	0.00469115299242093	0.0143830149638338	0.0143830149638338
YBL061C_mRNA	0.0123499796675211	0.0291890391655083	-0.155718574521258	0.0622380584261722	6.63750174408316	0.0180095123992923	0.00141318333475303	0.0109546443927938	0.0140811203318855	0.0140811203318855
YDR031W_mRNA	0.0123749849479345	0.0292362783076507	0.313704689439605	0.125418314817876	3.7131234097919	0.084120872774403	0.0259866425722451	0.036025540492787	0.0369323721947784	0.0369323721947784
YIL021W_mRNA	0.0123855281557687	0.0292493259162986	-0.155045395551831	0.0619942187697463	6.74390479075755	0.0120750333825357	0.00115035763369091	0.00491887108136198	0.0142227750097937	0.0142227750097937
YGL117W_mRNA	0.0124272596709045	0.0293359865651091	0.3677242268657	0.14710299554866	5.75778169646013	0.116845649390779	0.00385568772416102	0.0827014774733949	0.0135166195938159	0.0827014774733949
YNL030W_mRNA	0.0125417271204696	0.0295942090740607	0.232270186784845	0.0930374434112901	7.33525137217394	0.0467021231840515	0.00067681783662156	0.0339470456694145	0.0153777390530345	0.0339470456694145
YML097C_mRNA	0.0125605260186764	0.0296265686578172	-0.183310875878852	0.0734420782499104	5.20305266350858	0.0171948670964448	0.00596881482957105	0.00285343499791363	0.0156061406010928	0.0156061406010928
YDR273W_mRNA	0.0125698944335044	0.0296366673288534	0.271441576774627	0.108762483869243	4.85051937859638	0.0638107787108266	0.00867297970108072	0.038644131888549	0.0186998533900157	0.038644131888549
YCL061C_mRNA	0.0126817153588663	0.029888217508396	0.284298434360968	0.114057691991169	5.72672258672263	0.0701210131234751	0.00356490702475476	0.0484717213846549	0.0135403835204289	0.0484717213846549
YLR119W_mRNA	0.012703870285804	0.0299283252264836	0.227499543823081	0.0912932491036459	4.64045479581806	0.0449169186896839	0.0102910425341436	0.0230467867934578	0.0211441267528516	0.0230467867934578
YGR163W_mRNA	0.0127138143097115	0.0299396451771945	0.157751172409774	0.0633109993169	6.08124075388973	0.0179188863555402	0.00255941804327628	0.00952926522432873	0.0134737124947418	0.0134737124947418
YGR240C_mRNA	0.0127766399323746	0.0300754360589958	-0.176299233347634	0.07080474850271	9.02052373037884	0.0214462890390471	0.00013376756983536	0.0139639936351541	0.0199194820722927	0.0199194820722927
YLR289W_mRNA	0.0128123622288188	0.0301473434350154	0.180093188389352	0.0723573066421478	5.24266918279249	0.0207248898189725	0.00558942826537374	0.00734908039659891	0.0153528910326495	0.0153528910326495
YNL098C_mRNA	0.0128247855507994	0.0301643926600555	-0.218293512404744	0.0877174637755547	7.96282001195492	0.0414328015666722	0.000381195956751862	0.0303962178481111	0.0170320870883631	0.0303962178481111
YOR194C_mRNA	0.0129310070790237	0.0304019561107314	0.154969852030825	0.0623454601346316	6.56235693207008	0.0153504828846053	0.00157961834994586	0.00800571187257254	0.0139682072476499	0.0139682072476499
YIL064W_mRNA	0.0129578235297477	0.0304527147576887	-0.218504692126689	0.0879320592433253	6.03687947331069	0.0415981224213819	0.00250519951596716	0.0284229886551195	0.0134550290187105	0.0284229886551195
YKR020W_mRNA	0.0129790653490155	0.0304903365820016	0.221723565773465	0.0892483638678114	4.91823617377716	0.0428467002566501	0.00776479726752049	0.0240962845448046	0.0179961680237273	0.0240962845448046
YBR225W_mRNA	0.013166114411546	0.0309172843860003	0.254422511335777	0.102620998403869	6.00461287377731	0.0565775425765599	0.00263095360774263	0.0394933236458847	0.0134513983036772	0.0394933236458847
YOR238W_mRNA	0.0131758358711185	0.0309276469722549	0.176111011325496	0.0710416973332361	5.30233824703959	0.0159493034871624	0.00518246083788698	0.00304462480976166	0.0150052302020615	0.0150052302020615
YBR263W_mRNA	0.0131978727356356	0.030966897526304	-0.159663391964798	0.0644223579738856	7.60940198127703	0.0153496885804168	0.000509582725933011	0.00865296968631229	0.0160913781017288	0.0160913781017288
YGL191W_mRNA	0.0132419970162978	0.0310467527090998	0.213041308883043	0.0860010658710961	5.81314884247768	0.0397155109130945	0.00304961842839601	0.0265351148954624	0.0134945366080965	0.0265351148954624
YKR071C_mRNA	0.0132425644493843	0.0310467527090998	0.153727116405355	0.062057342546864	6.46852825894847	0.0135012053529046	0.0015753438480972	0.00613822579621334	0.0138291112078181	0.0138291112078181
YCR054C_mRNA	0.0132781046599948	0.0311175533986846	-0.260611509437661	0.105245622735551	4.44101238529007	0.0594643558190113	0.0127961083547326	0.0315104560652435	0.0237076641324795	0.0315104560652435
YLR248W_mRNA	0.0132853676700689	0.0311220555069649	0.158094652563234	0.0638501428251843	7.46800826915381	0.0119089336099506	0.000586011955861949	0.00503244000648815	0.0157213509993238	0.0157213509993238
YMR240C_mRNA	0.0135125390247216	0.0316287876086895	0.16937116502091	0.0685722287214736	5.45392442253447	0.0155444650486948	0.00452317491014092	0.00393544005902055	0.0142854272971794	0.0142854272971794
YPR021C_mRNA	0.0135082030047669	0.0316287876086895	-0.213433055558688	0.0864072703790647	5.53718191699904	0.0400215195856451	0.00430677339739089	0.0255580921000523	0.013977760918984	0.0255580921000523
YBL050W_mRNA	0.0135875567765195	0.0317916087469891	0.15716922350278	0.0636831863881887	6.80448850262045	0.0217279573376548	0.00117260340033279	0.0150495895138783	0.0143061651263889	0.0150495895138783
YMR157C_mRNA	0.0136701790937009	0.0319720848654762	-0.167118686734752	0.0677742102203071	5.48505063518178	0.0163433724832669	0.00420967779186848	0.00532146259564659	0.0141636964920771	0.0141636964920771
YOR157C_mRNA	0.0136860162182701	0.0319962802919909	0.155318631373373	0.0629993497339535	7.21720547911675	0.0166046613152075	0.00078897211309705	0.0101092000812831	0.0150867001545069	0.0150867001545069
YDR473C_mRNA	0.0137409784334675	0.0321118894317616	0.184636259612615	0.0749346316178781	5.63479329638928	0.0300542225556364	0.00362814043396532	0.0188326556288631	0.0136877586687259	0.0188326556288631
YBR195C_mRNA	0.0138202002257201	0.0322598412676819	-0.191155855149631	0.077645564403927	5.02119122808824	0.0322517952961194	0.0068356323326049	0.0172797023538126	0.0170204880556757	0.0172797023538126
YCR036W_mRNA	0.0138209000693673	0.0322598412676819	0.153927645138022	0.0625243053551335	6.34171782256709	0.0170360330933438	0.00195623341382934	0.00952702491825714	0.0136809216267386	0.0136809216267386
YJR143C_mRNA	0.013817887167652	0.0322598412676819	-0.157758748786682	0.0640784368527291	7.5300012016337	0.0156174189370235	0.0005410926972478	0.00908104964420894	0.0158830915807089	0.0158830915807089
YGL085W_mRNA	0.0138289998294328	0.0322658201867344	0.185981408622446	0.0755507631847431	5.09339576594736	0.0192858043651426	0.00642209023620589	0.00435867605410712	0.0164095810349827	0.0164095810349827
YPL006W_mRNA	0.0138615273083839	0.0323287662524598	0.182891720589737	0.0743210929195873	6.53343769428144	0.0295413678397178	0.00155768517363702	0.0205368142374107	0.0139242390530811	0.0205368142374107
YGR124W_mRNA	0.0139420741745661	0.0325036111008492	-0.170487999028991	0.0693392308092912	8.71093823726842	0.0231760180514308	0.00016080093548174	0.0163660304587915	0.0190709147814149	0.0190709147814149
YPR073C_mRNA	0.0140910892027993	0.0328378742782034	0.178153364459485	0.072569545684839	5.21950691920661	0.0133298612093752	0.00556665469728376	-0.000352838049591571	0.015498701146332	0.015498701146332
YJR153W_mRNA	0.0142460017923565	0.0331856083335741	-0.266346916577618	0.108668679853448	4.06979961669772	0.0431697743440169	0.0178091624925153	0.00817540145595869	0.0294263654318495	0.0294263654318495
YLR354C_mRNA	0.0142577175348947	0.033199625243124	-0.165376115007313	0.0674810667016689	8.30579519785957	0.0132707986497395	0.000253242902045719	0.00615139581841459	0.0179615345507346	0.0179615345507346
YCR086W_mRNA	0.0142827924278688	0.0332314491552571	0.280330041612102	0.114417094808197	4.22914404964547	0.0698300625096305	0.0160071863071716	0.0363579000302202	0.02674864898766	0.0363579000302202
YER182W_mRNA	0.0142795306470506	0.0332314491552571	-0.163136270530744	0.066582059997356	5.60238112523586	0.0187153084493397	0.00395779557307741	0.00849047983330643	0.0137748872808886	0.0137748872808886
YPR086W_mRNA	0.0143117698458565	0.0332855772941957	-0.15240687515818	0.0622236129587289	6.55801757723143	0.0119749048163428	0.00152552220133438	0.00466820278889552	0.0139615898372164	0.0139615898372164
YBR197C_mRNA	0.0143354752952982	0.033327405854113	-0.18968581534012	0.0774624499576992	5.02085588219152	0.0298332843376089	0.00697825402128352	0.0147057767572271	0.0170234705925127	0.0170234705925127
YOR365C_mRNA	0.0143553166254997	0.0333602212445797	-0.205234326452801	0.083829089851327	4.76668204908708	0.0359832363469531	0.00847705580542636	0.0180418034935849	0.0196322094157811	0.0196322094157811
YLR085C_mRNA	0.0143933210760328	0.0334352027866695	0.154504099836994	0.0631326164522392	5.98362178175829	0.0153714038193778	0.00248842133522439	0.00716050650941184	0.0134544877051978	0.0134544877051978
YFL031W_mRNA	0.0144036033081547	0.0334457524405378	-0.24712367181612	0.100988937671929	7.2576271353949	0.0543607537656926	0.000740614655589058	0.0400544474728299	0.0151829936950039	0.0400544474728299
YDR301W_mRNA	0.0144111028149507	0.0334498346613159	-0.152403564898127	0.0622856326725972	6.33758347961905	0.0142306488483961	0.00184061380258346	0.00677026807965306	0.0136773863471194	0.0136773863471194
YGL221C_mRNA	0.0144663671634155	0.0335647371939699	-0.159340818052016	0.0651575560704637	6.59462189708094	0.0226204255681452	0.00142846470697018	0.0155535637453323	0.0140173072534336	0.0155535637453323
YLR146C_mRNA	0.0145031308918849	0.0336366403567363	-0.201227942528421	0.0823168277409523	5.80915603093201	0.0360953404439712	0.00315275398385793	0.0239514865334765	0.0134955001759084	0.0239514865334765
YNL057W_mRNA	0.0145485842683003	0.0337286318930035	-0.451477526547224	0.184772393548631	3.65826488835699	0.18181431488663	0.0353442900092429	0.101219059661518	0.0383065546570547	0.101219059661518
YPR083W_mRNA	0.0145556232616402	0.0337315278927271	0.181141594795164	0.0741395866105054	5.16888005213862	0.0285870148066612	0.0061467532701904	0.0151072547755366	0.0158399599409161	0.0158399599409161
YDR478W_mRNA	0.0145696130961569	0.0337505232199643	-0.311895897515316	0.127674235272029	3.70242671644637	0.0838094599914409	0.0280076389849015	0.0339941964668181	0.0371952024242877	0.0371952024242877
YOR321W_mRNA	0.0147125342537785	0.0340680542776285	0.151795839229753	0.0622272502408843	6.58507541330235	0.0125135960481099	0.00148609763173592	0.00533790476053469	0.0140028250584306	0.0140028250584306
YDR217C_mRNA	0.0148160275703522	0.0342940709673707	0.171696993960359	0.0704587251759624	6.27652911292638	0.026395174688781	0.0020201958569411	0.0178375319567461	0.013634092232404	0.0178375319567461
YLL038C_mRNA	0.0148751403780843	0.0344172231305477	-0.317206328465368	0.130247889450479	4.58817739350323	0.0901661420551299	0.0106771368448926	0.057180913980324	0.0218006552589185	0.057180913980324
YOR187W_mRNA	0.0149099774907022	0.034484132140068	-0.156443909608582	0.0642596684583074	7.57916046969411	0.0144556254053044	0.000505318061002382	0.00799008148650421	0.016011901900484	0.016011901900484
YMR297W_mRNA	0.0149851474204417	0.034644233679164	0.167514637881067	0.0688584840742206	8.60395624139493	0.0250536660329527	0.000188561831407077	0.0186371792312065	0.0187774014845917	0.0187774014845917
YCR045C_mRNA	0.0150038208748534	0.0346736455441872	-0.198457687144865	0.0815930447093509	5.66583937054674	0.0353571740842877	0.00381352940078467	0.0228161703789838	0.0136225490655512	0.0228161703789838
YKR099W_mRNA	0.0150755582310596	0.0348256154853898	0.186384321215921	0.0766837315659151	5.5442287428012	0.0312172375496924	0.00442302720935463	0.0190985515381387	0.0139542850649721	0.0190985515381387
YML094C-A_mRNA	0.0151177711240055	0.0349092883743386	-0.286854500309837	0.118069207308114	4.06750368893094	0.0739867286264361	0.0192979682041355	0.0364633826533299	0.0294676798098138	0.0364633826533299
YDR155C_mRNA	0.0151886989198876	0.0350591758745107	-0.235185737124402	0.0968700336408668	9.24721946517649	0.0497828210114416	9.59774933604777e-05	0.0374392361769702	0.0205372721513115	0.0374392361769702
YLR169W_mRNA	0.0151961284182272	0.0350624333325115	0.252949761600593	0.104194423108233	4.18707786310207	0.0519337068008263	0.0160054104983084	0.0213568233900635	0.0274205007291212	0.0274205007291212
YDR040C_mRNA	0.0152680692575648	0.0352005427362773	-0.26210981984086	0.108043874784766	7.22158672945416	0.0619014031882917	0.00592194495378707	0.0407719705602375	0.0150969661528825	0.0407719705602375
YGL001C_mRNA	0.0152671903796394	0.0352005427362773	-0.15148514313381	0.062442913815587	7.00912407231825	0.0151524308000065	0.000949467443345322	0.00872878024515564	0.014647002499778	0.014647002499778
YGR032W_mRNA	0.015280225616249	0.0352146338766879	-0.27403897518426	0.112974624816812	7.23653278105819	0.0676754884946746	0.000682152300896423	0.0503709111091009	0.015132300264728	0.0503709111091009
YAL033W_mRNA	0.0153390676438929	0.0353176270647065	-0.206682455810181	0.0852554360976984	4.92604397891611	0.0385270637116399	0.0074905820111505	0.0215833755256844	0.0179180828465242	0.0215833755256844
YDL221W_mRNA	0.0153431023173313	0.0353176270647065	0.269642101423015	0.11123034369306	4.05700587388508	0.0655780036994361	0.019261762930886	0.0302269945014186	0.029657624213435	0.0302269945014186
YDR049W_mRNA	0.0153348414960516	0.0353176270647065	0.15340089241521	0.0632744572610106	5.97430928165063	0.0171216530875372	0.00255723881512366	0.00906400840901392	0.0134573889515782	0.0134573889515782
YOR332W_mRNA	0.0153611913133983	0.0353453003917293	0.161507344926781	0.066635324923286	8.09379112130353	0.0224124270722736	0.000375613192985918	0.0161849522515076	0.0173854529175417	0.0173854529175417
YKL075C_mRNA	0.0153927479195234	0.0353899563453605	0.156279357738695	0.0644981781395815	5.80575805718619	0.0135386929685017	0.00314367980018576	0.00438399476457492	0.013496380133115	0.013496380133115
YKR030W_mRNA	0.0153902039055835	0.0353899563453605	0.230532257869429	0.0951407939862282	5.64513953888118	0.0479653097181322	0.00378320298376193	0.0324238797375578	0.0136640151671829	0.0324238797375578
YDL129W_mRNA	0.0154530770513974	0.0355006415226503	-0.266986068208224	0.110252707483664	4.0543031049849	0.0467531457626142	0.0189158331351803	0.0108106628626816	0.029706804894733	0.029706804894733
YDR243C_mRNA	0.0154514217970221	0.0355006415226503	-0.176334043623091	0.0728165080083167	5.20930528648481	0.0154632300359258	0.00564404500210405	0.00203978862482497	0.015564930351997	0.015564930351997
YPL078C_mRNA	0.0155137571591161	0.0356259949582226	0.150285995735638	0.0620975922748634	6.80359735373916	0.0160844276581385	0.00111956357426823	0.00966064305537949	0.0143048802910724	0.0143048802910724
YPL071C_mRNA	0.0156190386748876	0.0358536325137491	0.185870370270426	0.076879072123308	5.07671350289888	0.030600846682474	0.00709645139414785	0.0158193716100843	0.0165451155280153	0.0165451155280153
YML116W_mRNA	0.0157682733070169	0.0361819457608035	-0.19258826417411	0.0797719509482871	5.64684187842606	0.0336480367229172	0.00362932972073649	0.0218249269116472	0.0136603071564353	0.0218249269116472
YIL068W-A_mRNA	0.015811596850607	0.0362670721463136	0.297495893226973	0.123276773288182	3.96132959050974	0.0803370896372681	0.0284365406563277	0.0323521106730555	0.0314700299406037	0.0323521106730555
YGL214W_mRNA	0.0158256027780493	0.0362849121546302	0.256704896103377	0.10638796808954	4.89144734946085	0.059828000064677	0.0114923856715996	0.0337812133452842	0.0182689548855672	0.0337812133452842
YLL036C_mRNA	0.0158395465411016	0.0362960743464458	-0.157826749264693	0.0654179239735508	6.36014836104227	0.0226192932430907	0.00178066454155893	0.0153373545664782	0.0136978704429249	0.0153373545664782
YLR118C_mRNA	0.0158429311814301	0.0362960743464458	0.160002982987163	0.0663220965093278	5.73006911529926	0.0232484376960765	0.00330046027953512	0.0142940216620353	0.0135373199051627	0.0142940216620353
YDR218C_mRNA	0.015859614456825	0.0363200132961723	0.527217735951207	0.218569347527823	2.46997268802084	0.129811439221418	0.0989194526897782	-0.0392524938386927	0.0921707860251749	0.0921707860251749
YNL109W_mRNA	0.0158728559962282	0.0363360546302654	-0.335649217361433	0.139168091625991	4.38477274748454	0.102349068077554	0.0214105095064929	0.0560605214007878	0.0244622942377775	0.0560605214007878
YDR485C_mRNA	0.0158862091841353	0.0363523388479074	0.188653264159182	0.0782300439579996	6.29918276940924	0.0323384562574139	0.00188544605360827	0.0225943130570739	0.013649605879548	0.0225943130570739
YFL001W_mRNA	0.0159756492292975	0.0365283094230327	-0.190341738293746	0.0789973021693256	5.44542929056272	0.0329594692899011	0.00437863258570214	0.0205836624144248	0.0143200983370396	0.0205836624144248
YOR154W_mRNA	0.0159755740799686	0.0365283094230327	0.193671961445704	0.0803793834069251	5.48299492062956	0.0341228433404029	0.00446513850087447	0.0213782426066354	0.0141714832753251	0.0213782426066354
YGL102C_mRNA	0.0159980680085068	0.0365652193870382	-0.33804649238891	0.140328833176949	7.5949211610157	0.103990925575387	0.00157573543965403	0.0771929902435618	0.0160532997432405	0.0771929902435618
YEL041W_mRNA	0.0160109365643151	0.0365802809504706	0.212284632963954	0.0881336888178166	4.67625697208376	0.0394559173234422	0.0103664012994945	0.0190321485777247	0.0207037871190484	0.0207037871190484
YJR131W_mRNA	0.0160351854159532	0.0366213211420398	0.15496027767065	0.0643492358902195	5.8257868440159	0.016981926257662	0.00307136775860475	0.00826278533010022	0.0134919288800157	0.0134919288800157
YGR274C_mRNA	0.0161331620362474	0.0368162170086868	0.169245437445683	0.070346317502161	6.40068273660155	0.0261131945338103	0.00163165484210591	0.0181627627023535	0.013741333059251	0.0181627627023535
YMR278W_mRNA	0.0161323614932163	0.0368162170086868	-0.158652143448562	0.0659427522990526	6.19388859249337	0.0229463346004432	0.00217782010473102	0.0152159662183658	0.0135634158323568	0.0152159662183658
YNL174W_mRNA	0.0161783791167583	0.0369049478207649	-0.794947237948462	0.330557754916667	2.67827449507932	0.576453099151881	0.220201310085212	0.216872407256978	0.0782068531290685	0.216872407256978
YOL127W_mRNA	0.0161854905543085	0.0369067193618009	-0.261776563329885	0.108860121147862	8.84238212009904	0.06251582207397	0.000139360591064012	0.0472627433142451	0.0194315415708598	0.0472627433142451
YMR294W-A_mRNA	0.016212871500085	0.0369546906727289	0.247613608543915	0.102996900340171	5.92536616465674	0.0559545492937873	0.00269445777737751	0.0397389881413548	0.0134765665961774	0.0397389881413548
YIL144W_mRNA	0.0162351539787553	0.0369910078530419	0.217997842187643	0.0906969231891497	5.72545284608214	0.0433829614565781	0.00366331446463406	0.02924041303928	0.013541580444147	0.02924041303928
YLR102C_mRNA	0.0162826349215582	0.0370846876673174	0.176803850820426	0.07359106307028	5.1715551172913	0.0201665408005456	0.00584146541719253	0.00683422782198309	0.0158211128380632	0.0158211128380632
YJR072C_mRNA	0.0163974571860904	0.0373316082712632	-0.150610783890736	0.0627558857815141	7.18095434136864	0.0187901961366886	0.000749851427011309	0.0129014706553888	0.0150033533738785	0.0150033533738785
YCR090C_mRNA	0.0164442311093286	0.0374221968125254	-0.157191956443585	0.0655265758725762	5.6457060909321	0.0212064140218669	0.00351215359518393	0.0121492010937987	0.013662774987154	0.013662774987154
YDL200C_mRNA	0.0164500937241465	0.0374221968125254	0.21733990773292	0.0906046036462926	4.56728827527629	0.0213991736601697	0.0107699122808602	-0.00133840778592242	0.022066864526747	0.022066864526747
YDL069C_mRNA	0.0164890723915486	0.0374962278505706	0.242848666566661	0.101275284826476	4.26518418298868	0.0490928105282358	0.0148348209613894	0.0209144832179474	0.026191912305346	0.026191912305346
YKR009C_mRNA	0.0165037032020241	0.037514855581347	0.154283862392995	0.0643497849868056	5.83132505724877	0.0180493233124193	0.00307261294794729	0.00946494483110182	0.0134909663634452	0.0134909663634452
YOL140W_mRNA	0.0165521558402659	0.0376103197836931	-0.186144397275043	0.0776731970037038	5.0427809745296	0.0194406530942298	0.00730124261657886	0.00362810380241334	0.0168312595145259	0.0168312595145259
YBR046C_mRNA	0.0165679011888021	0.0376314200101213	0.253247883253977	0.105689097558326	6.14594680839634	0.0588045560454208	0.0023736048100457	0.0423071365607279	0.0135207597364638	0.0423071365607279
YJR130C_mRNA	0.0166094405718958	0.0377110681106255	0.210852464539056	0.0880297463622342	6.27047978998753	0.0407861517937557	0.00215377523523585	0.0288431697431613	0.0136295504118806	0.0288431697431613
YER170W_mRNA	0.0166479212220768	0.0377837121308219	0.198248633939804	0.0827970481261068	4.81681248305172	0.0306341878035065	0.00835441846718625	0.0132386339339998	0.0190669862464012	0.0190669862464012
YER014C-A_mRNA	0.0166765850328139	0.0378340281936036	0.503246876682544	0.210232664858283	3.801456902402	0.232540332298279	0.0959681346565737	0.0808229588370867	0.0348526925802219	0.0808229588370867
YAL060W_mRNA	0.0166980357416783	0.0378532125412521	-0.22389284306502	0.0935502343018061	6.99922623466424	0.0460402810417752	0.000931595703520706	0.0340749896481706	0.0146284236813059	0.0340749896481706
YLR328W_mRNA	0.0166919104404156	0.0378532125412521	-0.148363595237531	0.0619879955459594	6.56628695762159	0.0114249918824096	0.00139584462634445	0.00455614485000701	0.0139742017408791	0.0139742017408791
YER117W_mRNA	0.0167407055186411	0.0379351810002345	-0.190419199284074	0.0795949226236779	8.43864042979176	0.0333211720961487	0.000220933471983659	0.0251204733578934	0.0183244569730706	0.0251204733578934
YDL131W_mRNA	0.0167489849588838	0.037939185991624	0.15526950410496	0.064907329092639	7.36195671389451	0.0221573541557766	0.000878603985146179	0.0159732414946144	0.0154465483321535	0.0159732414946144
YGL089C_mRNA	0.0167729173794745	0.0379638759334958	0.410780032466715	0.171756053814074	3.08131824047871	0.123782969508222	0.0604357805196391	0.0239773339324974	0.0575647875674937	0.0575647875674937
YNL236W_mRNA	0.0167726653213565	0.0379638759334958	-0.15050043766697	0.0629273567549137	6.06883598252142	0.0127258064452621	0.00237229711870618	0.0047909578618033	0.0134671117939345	0.0134671117939345
YOR371C_mRNA	0.0168277441949912	0.0380731796815607	-0.319505836059241	0.133659289039015	5.22172057251259	0.0939176685135259	0.00553897125945737	0.0659202509262019	0.0154844937753539	0.0659202509262019
YER116C_mRNA	0.0168420012951985	0.0380906442336284	0.200189188982352	0.0837562988292849	5.50714958206117	0.0368766287188102	0.00457391973713493	0.0234865506371869	0.0140821956720776	0.0234865506371869
YKR017C_mRNA	0.0168825263583791	0.0381674810104449	0.15503391131573	0.0648879402666717	5.76552363484735	0.0125621915193107	0.00332960613885555	0.00326259515816199	0.0135121730293491	0.0135121730293491
YBL074C_mRNA	0.0170286891519925	0.0384829879749837	-0.290940191668577	0.12193189308564	3.80807090168333	0.062823438388383	0.0247662574394668	0.0183599422257583	0.0347032887663246	0.0347032887663246
YKL137W_mRNA	0.0170427363689294	0.0384997991800632	-0.299836389550768	0.125676227082017	3.70332389788198	0.0733874868141383	0.0260049925375913	0.0269382117636026	0.0371730636766915	0.0371730636766915
YKR022C_mRNA	0.0170640088088575	0.0385329129148851	0.153719363310843	0.0644437640761859	5.85701500500426	0.0152875514270288	0.00312455362881924	0.00650363928394281	0.0134874412844092	0.0134874412844092
YMR236W_mRNA	0.0171777469185677	0.03877472047562	0.264895482429072	0.111166056639248	6.27788034741106	0.0648480284515784	0.00200142183396287	0.0474301467609194	0.0136350856472484	0.0474301467609194
YGL012W_mRNA	0.0172723857541632	0.0389732453151646	0.158690652138482	0.0666527262215971	8.12601762419285	0.0154373013631281	0.000297619995022622	0.0090472820151469	0.0174727236560621	0.0174727236560621
YER100W_mRNA	0.0172898851700941	0.0389976271780753	-0.148582331391197	0.0624168429104139	6.31578620259672	0.0111380275721777	0.00192297854661251	0.00370299122310834	0.0136604705690006	0.0136604705690006
YHR162W_mRNA	0.0173304180948759	0.0390739225312489	0.194704085165818	0.0818214437237503	6.80278026738559	0.0351029765127472	0.00108146719030324	0.0256975274218521	0.0143037037626996	0.0256975274218521
YDR094W_mRNA	0.0173428259717694	0.039086771416452	0.328087639506615	0.137889147687698	4.352010694996	0.0996878234393541	0.0143163683947248	0.0617372998054339	0.024918778703039	0.0617372998054339
YNL131W_mRNA	0.0173612302580325	0.0391131196764491	-0.150024176533687	0.0630627397142845	6.03812233257379	0.00938719942489093	0.00245228437894087	0.0011747854206963	0.0134553521821455	0.0134553521821455
YBR041W_mRNA	0.0173682077589323	0.0391137141103747	-0.148238101652666	0.062315842246649	6.72319783793673	0.013604155802428	0.00133693784431927	0.00696050486354314	0.0141961189353177	0.0141961189353177
YOR007C_mRNA	0.0174750328116615	0.0393390808194512	-0.157066359725402	0.0660898602834396	7.99983162874489	0.0121245796364844	0.000339757577685876	0.00560233735929334	0.0171317209514524	0.0171317209514524
YJL014W_mRNA	0.0175127249875242	0.0394087044331078	-0.154849286500583	0.0651787703723857	7.79457687007868	0.0117812641322533	0.000411395109535416	0.00536044459509605	0.0165816933194893	0.0165816933194893
YPL191C_mRNA	0.0175240914814801	0.0394190567455996	0.210548614294021	0.0886325234407106	4.70851584405623	0.0405358420087754	0.0111084748918356	0.0196568646943859	0.0203144219540369	0.0203144219540369
YPL005W_mRNA	0.0176132079639414	0.0396042260123207	0.183586240517301	0.0773434132796904	5.03256590691529	0.0156140578296613	0.00700790910884046	9.17506494320279e-05	0.0169201052021715	0.0169201052021715
YJR006W_mRNA	0.0176497718031372	0.0396711306038108	0.148257200937151	0.0624797319230003	6.29201883546676	0.00960831521519529	0.0019698913471368	0.00204467563208134	0.0136449762575431	0.0136449762575431
YKL010C_mRNA	0.0176834744979013	0.039731555119465	-0.14777765066253	0.0622961377046197	6.63584124258783	0.0086961298734699	0.00144453240194152	0.00163325416668005	0.0140787026897103	0.0140787026897103
YNL147W_mRNA	0.0177347611824986	0.0398314258478169	0.203111588996176	0.0856609795609267	4.92956332045532	0.0383956174547405	0.00786634992088957	0.0214848637564605	0.017883098936079	0.0214848637564605
YJR001W_mRNA	0.017784255043707	0.0399271945605537	0.148138673911722	0.0625036697933205	7.06891217233901	0.00844018459852086	0.000863093330178443	0.00190994253728718	0.0147637416203513	0.0147637416203513
YHR193C_mRNA	0.0178261310353201	0.0400057933019163	-0.226730091929987	0.0956986069751698	8.57444551105374	0.04789910983051	0.000186470110836295	0.0364464233971158	0.018696473268602	0.0364464233971158
YML119W_mRNA	0.0179515681884791	0.0402717890897493	-0.183074159554861	0.0773569485925727	5.87604469121197	0.0312782700891929	0.0029395429544859	0.0209968470277298	0.0134852236489824	0.0209968470277298
YIL038C_mRNA	0.0180023691552398	0.0403702088908495	-0.178851347871819	0.0756060457501599	6.55056761192101	0.0298708380776587	0.00149328807959766	0.0213718085363034	0.0139502385225764	0.0213718085363034
YGL253W_mRNA	0.0180845365487835	0.0405388649223597	-0.175977714577354	0.0744443508430204	9.83740556931286	0.0167574127599989	5.75223576519756e-05	0.00904880387724153	0.0221103231321029	0.0221103231321029
YJR074W_mRNA	0.0180947522705354	0.0405461641262075	0.232637230975521	0.0984218979958129	5.9052244209098	0.050596336348622	0.00276913283156039	0.0359783471888324	0.0134810082523166	0.0359783471888324
YHR034C_mRNA	0.0181173369907879	0.0405811631327682	0.174128315400615	0.0736829229595398	5.62921894533036	0.0283544251003511	0.00378342357026664	0.0179332689731792	0.0137014350405702	0.0179332689731792
YLR257W_mRNA	0.0181988198111089	0.0407480108453191	-0.200663678436798	0.0849712499450728	7.99402769621406	0.0376926662093277	0.000378689849124166	0.028501763419788	0.0171160847711224	0.028501763419788
YHR022C_mRNA	0.0182928030192969	0.0409269855569985	-0.300168830229782	0.127209724824479	3.65789249291939	0.0714060936159294	0.0264131475321646	0.0243501451587552	0.0383161088275139	0.0383161088275139
YLR195C_mRNA	0.0182879910756348	0.0409269855569985	-0.14667259725084	0.0621563836280518	6.30184924179076	0.0111740230068402	0.00180240608986238	0.00402323262195013	0.0136512580130078	0.0136512580130078
YCR027C_mRNA	0.0183065767748553	0.0409420791901371	0.196553247974144	0.0833079308466562	4.79614688883768	0.0234818076582396	0.00846355145758663	0.00565747695076003	0.0192972939102184	0.0192972939102184
YDL087C_mRNA	0.0183370667876031	0.0409945322734366	0.167347451020106	0.070947796655451	5.25284814644991	0.0235359707574643	0.00484358330818243	0.012372051256836	0.0152907760928705	0.0152907760928705
YPL243W_mRNA	0.0184015392445086	0.0411228874716175	-0.146629470497594	0.0621986600583569	6.92391044157268	0.0161254805942557	0.000980682005804575	0.0101537038827824	0.0144940112464156	0.0144940112464156
YFL056C	0.0184352719754987	0.0411824748961868	0.199402341395395	0.0846087582291483	5.55987061640288	0.0373286083522839	0.00447386134806799	0.0241607065282459	0.0139035416043288	0.0241607065282459
YDR358W_mRNA	0.0184457572056146	0.0411901040551594	0.174949940677791	0.0742399691120356	6.59671062269566	0.0287385343828657	0.00143119552595486	0.0206150965290691	0.0140204670289986	0.0206150965290691
YDR443C_mRNA	0.0186375676053429	0.0415919289092101	0.186666863327846	0.0793414845862471	6.08605848191899	0.0327934704889473	0.00267019906599744	0.0225100856394013	0.0134765288396414	0.0225100856394013
YKL111C_mRNA	0.0186399804981029	0.0415919289092101	0.314356308851339	0.133617751793025	3.59356530249026	0.07442132840818	0.0314009527201782	0.0201019308844036	0.0400138616567114	0.0400138616567114
YIL124W_mRNA	0.0187230962674484	0.0417613931294618	0.16398931640114	0.0697530425012081	7.17262880357478	0.0253358168075114	0.000792863050781087	0.0186690847019203	0.014984613663609	0.0186690847019203
YOL095C_mRNA	0.0189365530649455	0.0422213387510036	0.184829530434715	0.0787588601599437	4.96083388804036	0.0162367402222073	0.00723368219806062	0.000402266519813745	0.0175781500167137	0.0175781500167137
YMR054W_mRNA	0.0190126934590224	0.0423748860337662	0.148880937202179	0.0634810386697398	7.40043012676891	0.0195104105854214	0.000573410303785254	0.0139975914771094	0.0155459587785707	0.0155459587785707
YDR187C_mRNA	0.0190301978332233	0.0423911447345215	-0.325923897701582	0.138990358167935	5.60449135404437	0.100448763302427	0.00424055508772716	0.0730327235668759	0.0137688442764392	0.0730327235668759
YHR194W_mRNA	0.0190345407870766	0.0423911447345215	0.148176025434826	0.0631920097740175	6.15175892023512	0.0207630282409535	0.00232259287513894	0.0136503275219791	0.0135257276686628	0.0136503275219791
YLR335W_mRNA	0.0190938525605589	0.0425069870148323	-0.146244238668217	0.0623990447804401	6.9987971942695	0.0105940700678772	0.000946940008941661	0.00429317010845641	0.0146276231491038	0.0146276231491038
YPL181W_mRNA	0.0192161285852272	0.0427628591052459	-0.145678636240155	0.0622209553730353	6.79816605606311	0.0116976105281561	0.00118870202828254	0.0052809478070872	0.0142970871218505	0.0142970871218505
YLR316C_mRNA	0.0192863313353586	0.0429026981137072	0.206090531817275	0.0880747658079644	6.13690107787199	0.0402862956038709	0.00251984766725798	0.0285088098212531	0.0135132062474836	0.0285088098212531
YOR060C_mRNA	0.0193354729920152	0.042995597576901	-0.185170261010179	0.0791664478125307	4.95523380239978	0.0325414922645696	0.0071977605947482	0.0178715452422684	0.0176319747452216	0.0178715452422684
YNL124W_mRNA	0.0193688817197463	0.0430534547498062	-0.230320827633171	0.0984969804768078	5.71223181068593	0.050365561579816	0.00388326439674656	0.0349233562554481	0.0135552212139421	0.0349233562554481
YAL062W_mRNA	0.0194398077488359	0.0431352308326523	0.207183208077038	0.0886539458325336	6.05631843365517	0.040788851006022	0.0026132207098161	0.0288248677368951	0.0134614816988659	0.0288248677368951
YBR248C_mRNA	0.0194285228681483	0.0431352308326523	-0.162155454546585	0.0693800708982271	6.74399251405137	0.0249825895384032	0.00124570941086486	0.0180086675405072	0.0142228899395884	0.0180086675405072
YBR256C_mRNA	0.0194361305943829	0.0431352308326523	0.191769662979039	0.0820559879916675	6.65998514705561	0.0349440522541695	0.00134271605876009	0.0255900246023946	0.014113268617981	0.0255900246023946
YGR271W_mRNA	0.0194425657693344	0.0431352308326523	-0.150710381237106	0.0644906183874436	6.44040903188283	0.0215840472140166	0.00174851581276346	0.0148876436272161	0.0137908334224164	0.0148876436272161
YLR277C_mRNA	0.0194500946442461	0.0431352308326523	-0.148410627758403	0.0635104625672554	5.92377164569973	0.0165794243887467	0.00265733173380471	0.0088132759879544	0.0134769836882223	0.0134769836882223
YNL116W_mRNA	0.0194433527597065	0.0431352308326523	0.158659327581063	0.0678924989950834	5.49026345047227	0.0182738685469957	0.00429345685119833	0.00809346452673273	0.0141441088279913	0.0141441088279913
YLR063W_mRNA	0.019479830500047	0.0431847383916566	-0.407034807212636	0.174228018455741	3.59659577096396	0.157507458158087	0.0290308099481643	0.0923907997118921	0.0399317259220295	0.0923907997118921
YBR161W_mRNA	0.0195291490183433	0.0432776044811213	-0.164586028470845	0.0704782732570436	5.34581231038789	0.0199522848593233	0.00509284454381708	0.00854501472894195	0.0147759034613609	0.0147759034613609
YBR050C_mRNA	0.0196751266648569	0.0435529045017399	-0.262101063552033	0.112369822623243	5.17426610574334	0.0654599056065105	0.00604435621925447	0.044463551926262	0.0158021078027719	0.044463551926262
YDR245W_mRNA	0.0196663768653907	0.0435529045017399	-0.145684748377369	0.0624545368197799	7.00587542664948	0.0132411554005381	0.000961395483492325	0.00716154361429054	0.0146408811940006	0.0146408811940006
YGL017W_mRNA	0.0196758058099175	0.0435529045017399	0.147795519645255	0.0633642920991135	5.94221768690211	0.0120213581989161	0.00258882518699704	0.00405019698978129	0.0134713088658901	0.0134713088658901
YJR035W_mRNA	0.0197497002863371	0.043699868540904	0.263401923225691	0.112996173655129	5.64203792703226	0.0661691911490118	0.00426371926348537	0.0468088217793152	0.0136709137127443	0.0468088217793152
YGL165C_mRNA	0.0197983939732126	0.0437909807471286	0.235040212774364	0.100869272885095	5.15265329789515	0.0527169185584445	0.0072565513517986	0.0334418894976725	0.0159562751449708	0.0334418894976725
YKL041W_mRNA	0.0198751606285562	0.0439393945564722	0.171501525061813	0.0736470125158847	5.95137153049271	0.0280925673156629	0.00277091250325317	0.0189246173068063	0.0134677098939989	0.0189246173068063
YPL249C_mRNA	0.0198805774203331	0.0439393945564722	0.166181140496531	0.071365438259423	6.45188863058418	0.0263782752928428	0.00173797579098344	0.0186341273208546	0.0138061781223418	0.0186341273208546
YKR040C_mRNA	0.0198983130350863	0.0439619157157425	0.345817657840384	0.148530528792713	3.38747310822471	0.0926380575640561	0.0421027401730219	0.0229837922244073	0.0461425317607503	0.0461425317607503
YHR008C_mRNA	0.0200229064905898	0.044220414410226	0.162362032426342	0.0698055595429526	7.38882696533582	0.0252215614872209	0.000656774839425215	0.0188344897329936	0.0155159432751785	0.0188344897329936
YKL006W_mRNA	0.0200717461514297	0.0443114789989503	-0.294119381726452	0.126502742076796	8.45814045683621	0.0828126461995811	0.000254238306545091	0.0637575367052487	0.0183778224399577	0.0637575367052487
YER046W_mRNA	0.0201085123893823	0.0443751300622674	0.241442804037507	0.103876884267939	4.73456470924856	0.0558294204838667	0.0090889743061184	0.0340726540347404	0.0200055953031503	0.0340726540347404
YNL232W_mRNA	0.0201158116193698	0.0443751300622674	-0.196666697642908	0.0846176453518945	6.17076653614201	0.0370452887014274	0.00220720610890842	0.0264333775106876	0.0135424616022992	0.0264333775106876
YKR012C_mRNA	0.0201893139105394	0.0445204174272531	0.33174347788702	0.142819839360423	3.90942748656582	0.105498353687919	0.0231977017487196	0.0583923243110288	0.0325174613008769	0.0583923243110288
YKL100C_mRNA	0.0202007062720223	0.0445286851081354	0.146152182039868	0.0629261375367132	7.22963217906016	0.0140291299256584	0.000722868825924469	0.00820535314727674	0.0151159263152329	0.0151159263152329
YPR161C_mRNA	0.0202436520234462	0.0446064737854	-0.178706188132475	0.0769687781921245	6.23790560054073	0.0306332269616741	0.00208997895583945	0.0216067923097144	0.0136028875589253	0.0216067923097144
YGL198W_mRNA	0.0203593918138037	0.0448445431785332	0.274051952064978	0.118143263218598	6.87944560332577	0.0721370937188721	0.00139532885041783	0.0544359937253379	0.0144204404988464	0.0544359937253379
YCR007C_mRNA	0.0205096855705974	0.0451585140341272	0.25996350287346	0.112203610187578	4.36581695622786	0.0650229666064012	0.0136374905172363	0.036721110039268	0.0247248616025437	0.036721110039268
YPL129W_mRNA	0.0205891579199727	0.0453163710017986	-0.144390750366667	0.0623601064813651	6.40946231570686	0.017872337299494	0.0018033895550657	0.0113887750396925	0.013751741966403	0.013751741966403
YPL029W_mRNA	0.0206366303891792	0.0454037041719629	-0.158248923143146	0.0683708488000657	5.44742011099683	0.017851550436946	0.00438637523303635	0.00758522261341569	0.0143119166295294	0.0143119166295294
YBL022C_mRNA	0.0207101619098705	0.0455482836115159	-0.145815591591139	0.0630355739747194	7.24961417348684	0.0187554071711596	0.000730310842267113	0.0132898577693828	0.0151636235030222	0.0151636235030222
YGL044C_mRNA	0.020916302332409	0.0459842933541944	-0.14912427986946	0.0645701688038345	5.78604041811594	0.0150261134642392	0.00317447785838888	0.0065712006114146	0.0135027489390339	0.0135027489390339
YGR287C_mRNA	0.020924544809567	0.0459850615090672	0.169839809933118	0.0735446384523416	5.50173813365682	0.0278850546318177	0.00419678726371699	0.0174384681166256	0.0141017826925871	0.0174384681166256
YHL019W-A_mRNA	0.0209436381119054	0.0460096665309053	0.25394289772538	0.109979649387716	5.19294409543151	0.0623531523246381	0.00913755874954142	0.0392445343682386	0.0156737706587951	0.0392445343682386
YKL173W_mRNA	0.020995618877828	0.046106474022701	-0.163358337102941	0.0707772359252801	6.19239115347558	0.0258180762811085	0.00202322276342465	0.0180144457374664	0.013562050420259	0.0180144457374664
YKR014C_mRNA	0.0210434235618295	0.0461940413229913	0.143642121097164	0.0622580800469897	6.8178955675568	0.0111807465558615	0.00117856959269788	0.00490564201621302	0.0143257045318516	0.0143257045318516
YPL179W_mRNA	0.0212962026309877	0.0467313282591843	-0.142847090330143	0.0620348343470117	6.88133824026967	0.0104669768904045	0.00096979829314911	0.00441473659920196	0.0144234843966956	0.0144234843966956
YDR414C_mRNA	0.0213985929108481	0.0469383291786902	-0.159765060761754	0.0694365979095437	5.38656307233174	0.0107070493594124	0.00470761318715395	-0.000528595913556919	0.0145781513298526	0.0145781513298526
YEL026W_mRNA	0.0214249583964313	0.0469784748278544	-0.340841126928139	0.14816533167333	6.73540003712818	0.112937117585012	0.00123185858410351	0.086580003455368	0.0142117128273762	0.086580003455368
YOL115W_mRNA	0.0214533951442436	0.0470231302145836	-0.179368164489548	0.0779892555292014	5.99973952911623	0.0312867930998231	0.0026527373935121	0.0216765585184842	0.0134517070490598	0.0216765585184842
YFL016C_mRNA	0.0216395580998039	0.0474133379050235	-0.143341331503623	0.0624136118223064	6.99932351700769	0.019945241489128	0.000953230510134369	0.014546174709008	0.0146286052526878	0.0146286052526878
YDR467C_mRNA	0.021678091946622	0.0474799111582781	0.320746236128259	0.139700190304319	3.48686721532425	0.0765003328647083	0.0350158369871731	0.0175550487991729	0.0430487356970783	0.0430487356970783
YDR501W_mRNA	0.0217372215407071	0.047591526755415	-0.258282027397804	0.112544694138317	3.97619119912283	0.0295653541261034	0.0194866006263618	-0.00686932282745682	0.0311786320883874	0.0311786320883874
YLL050C_mRNA	0.0217956406264468	0.0477015034897367	0.180534895288104	0.0787018045854797	7.65429027147708	0.0318155960124908	0.000537981451287338	0.0242379147287568	0.0162096678509686	0.0242379147287568
YMR089C_mRNA	0.0218912169892107	0.0478926887642289	0.143386119860319	0.0625525641872908	7.06722566808218	0.0171459956130228	0.000890950619685425	0.0116055934318111	0.0147603425259351	0.0147603425259351
YLR077W_mRNA	0.0220349201887135	0.048188980863155	0.142840826356761	0.0623822976195273	6.36284110497689	0.0155435352392535	0.00186570107025161	0.00895851477915353	0.0137005031549135	0.0137005031549135
YKL122C_mRNA	0.0221386935775458	0.0483977593931639	-0.154540187778195	0.0675443827036792	6.01393912372453	0.0234010881402706	0.00249743603017119	0.0157515385091131	0.0134514610388926	0.0157515385091131
YKL018C-A_mRNA	0.0222392044359198	0.0485992517043019	0.332690209900328	0.145517390011921	3.81347912996351	0.10856990050823	0.0244123642202985	0.0602888789632271	0.034581756220317	0.0602888789632271
YJL176C_mRNA	0.022261312533101	0.0486110970081883	0.152273555546935	0.0666148672774436	6.26821096858114	0.0227500808833028	0.00209416090139845	0.0156560012681672	0.0136278088075458	0.0156560012681672
YKR006C_mRNA	0.0222592244338058	0.0486110970081883	-0.148188548354045	0.06482679376213	5.77424119410969	0.00948484655880519	0.00330227856630011	0.000585815357197139	0.0135077741916109	0.0135077741916109
YFL034W_mRNA	0.0223458502110514	0.0487774160095861	0.142216656001043	0.0622545705556984	6.59548172423176	0.0102847860230498	0.00148391780527907	0.00375675943538313	0.0140186084150187	0.0140186084150187
YAL026C-A_mRNA	0.0223881599306301	0.0488514680733524	0.321886190128035	0.140948361841175	4.2235323937895	0.101797570473358	0.0186945651737817	0.0607711976490611	0.0268368861464436	0.0607711976490611
YER178W_mRNA	0.0224129081769576	0.0488871595054119	0.153621297506976	0.0672804852572336	8.26642450114591	0.0146441732632307	0.000252425576524477	0.00869504490615791	0.0178542292092708	0.0178542292092708
YHL030W-A_mRNA	0.0224480094170824	0.048945397778414	0.295668933867296	0.129525935920056	4.19855954364303	0.0859460457380674	0.0289924055317349	0.0381154667721306	0.0272347226006269	0.0381154667721306
YIL007C_mRNA	0.0225186973235503	0.0490811562315765	0.225088947616558	0.0986581846112187	5.40545858526743	0.0498488420826847	0.00495390659545523	0.03397984296767	0.0144918554591616	0.03397984296767
YOR381W_mRNA	0.0225546441316563	0.0491411206847531	-0.149024336933512	0.0653358959635474	5.65175375335012	0.0184542091353659	0.00342520280871732	0.0100019489796111	0.0136499143967206	0.0136499143967206
YNL133C_mRNA	0.0225910664886435	0.0492020760234906	0.374710215831536	0.164326380262125	3.88258720418179	0.138253860093133	0.0238009326273878	0.0842117043728217	0.0330777922435953	0.0842117043728217
YIL017C_mRNA	0.0226021565478699	0.0492078340986137	0.146969817724067	0.0644578091788161	6.93464033697589	0.0212713214985874	0.000983817067450432	0.0156354195890802	0.0145124083371331	0.0156354195890802
YNL089C_mRNA	0.0226553007661237	0.0493051110434953	0.236357167682991	0.103701904184416	4.63981732379459	0.0550458399348693	0.0177720475815476	0.0252442921443481	0.0211520399301898	0.0252442921443481
YML080W_mRNA	0.022813455801551	0.0496111204208007	-0.293655917686366	0.128991966123958	4.59054246058204	0.0851143414761499	0.0101096280729094	0.056446081225188	0.0217706436106787	0.056446081225188
YMR222C_mRNA	0.0228299714809761	0.0496111204208007	0.149444356275499	0.0656532329863897	5.68104579719203	0.0166230224835662	0.00364455455417252	0.00778479364319172	0.0135968334520881	0.0135968334520881
YOR257W_mRNA	0.022819727231203	0.0496111204208007	0.219509019893387	0.0964264743813065	5.40270168761259	0.0475618984738875	0.00517393556201584	0.0320183242844192	0.0145042383767875	0.0320183242844192
YPL218W_mRNA	0.0228292730827326	0.0496111204208007	0.145540233932043	0.0639377632766317	7.4439446382929	0.0181544324854829	0.000693365992779285	0.0127058231865255	0.0156587842984951	0.0156587842984951
YEL006W_mRNA	0.0228389879227831	0.0496122086644796	-0.146235831358113	0.0642479318752662	5.79618552031331	0.00924377408047486	0.00301200179093934	0.000782065188712797	0.013499185210056	0.013499185210056
YGL114W_mRNA	0.0228748124176952	0.0496715084403624	0.141629767729511	0.0622406430607305	6.47391148376466	0.010426120184042	0.00165890228968969	0.00378080044832246	0.0138366883047633	0.0138366883047633
YAL007C_mRNA	0.0229151457830313	0.0497405511668927	0.141522499343353	0.0622118924021793	6.3822369813798	0.015506087515808	0.00176070746918663	0.00913049549192499	0.0137205707558547	0.0137205707558547
YPL055C_mRNA	0.0229586533270463	0.049816429900697	0.185419489973225	0.0815345400907579	6.45407205226591	0.0339868598536775	0.0016692970866434	0.0249222278246022	0.0138091426166829	0.0249222278246022
YBL053W_mRNA	0.0230347153091359	0.049944269218841	0.244749803131971	0.107683701179666	4.1758828865554	0.0362675588026868	0.0187797150535184	0.00296339333989214	0.027603402945488	0.027603402945488
YBR261C_mRNA	0.0230346000615268	0.049944269218841	-0.271399688567245	0.119408873906407	6.3102930877659	0.0728737331468656	0.00193589367172589	0.0550980229986593	0.0136566847932326	0.0550980229986593
YGR168C_mRNA	0.0231251024820706	0.0501215948885949	-0.164891432101103	0.07259585557722	5.24798603647016	0.0171880057590708	0.00576033453231172	0.00488704752944906	0.0153202984556426	0.0153202984556426
YML121W_mRNA	0.0231731802127758	0.0502071208328865	-0.151565011574994	0.0667520431691953	5.58694503906001	0.013389391276264	0.00400327356816265	0.00377908773248358	0.0138200675008858	0.0138200675008858
YGL148W_mRNA	0.0231919965728733	0.0502292089344088	-0.154765986492389	0.0681711317006639	8.13020413179608	0.0237372680900938	0.000267609967720458	0.0183216028216766	0.0174840695263718	0.0183216028216766
YDR257C_mRNA	0.0232817004315554	0.0504047516589526	-0.145509123415657	0.0641354012505804	5.81707114465821	0.0163809747282225	0.0029597395864313	0.00854190333746628	0.0134936591878605	0.0134936591878605
YGL173C_mRNA	0.0233838295748082	0.0506070546444401	-0.147945148037914	0.0652573068233832	7.81121216013638	0.0214788898665682	0.00040803335748089	0.0163514152629963	0.0166260310178838	0.0166260310178838
YBR012C_mRNA	0.0234012802390647	0.0506072229668859	-0.431157197033702	0.190203621173187	2.75651057332467	0.109082046347304	0.0711102298900635	-0.00734990267622529	0.0735994401395092	0.0735994401395092
YGR129W_mRNA	0.0233971258722839	0.0506072229668859	-0.200044026693514	0.0882461372568327	4.64400405168981	0.0256649557540585	0.0100494096004986	0.00601515367434829	0.0211001133625084	0.0211001133625084
YDL202W_mRNA	0.0234412325822317	0.0506748129959487	-0.150986892531895	0.0666265863118442	5.56455360626908	0.022328103633574	0.00386769632742367	0.0135418313609947	0.0138887116868549	0.0138887116868549
YBL009W_mRNA	0.0235402763022163	0.0508700481219259	-0.177431213415203	0.0783516251662941	5.47197689123751	0.0313140042188756	0.00483276113188646	0.0197231475329114	0.0142138228925118	0.0197231475329114
YIR003W_mRNA	0.0235936786470115	0.0509665449749681	0.140662438611713	0.0621387795998897	6.87002515196256	0.0130307976364902	0.00103950598611692	0.00726894244263865	0.0144054057345378	0.0144054057345378
YER062C_mRNA	0.0236026558137327	0.0509670395740573	-0.232486608305398	0.102709472234811	6.68509267664004	0.0537971527082385	0.00134364267632343	0.04085330007069	0.0141476056803548	0.04085330007069
YML065W_mRNA	0.023618790121289	0.0509829830480288	-0.148633641990248	0.0656719545171257	6.07690597225278	0.0219923301527139	0.00242865024704031	0.0148225721933574	0.0134712965736158	0.0148225721933574
YER056C-A_mRNA	0.0237843662692431	0.0513213769943002	-0.219150966063539	0.0969439440388424	7.08499146101754	0.0478935845140985	0.00112198422883429	0.0364705289143905	0.0147964581720306	0.0364705289143905
YPR128C_mRNA	0.023795596308469	0.0513265990718773	-0.15247620815105	0.0674550053646336	5.540903724248	0.0103318320208664	0.00423539695755898	0.000191853335620097	0.013965314037412	0.013965314037412
YJR044C_mRNA	0.0238328409829081	0.0513879095360558	0.156867188698559	0.0694159951711736	5.41309188308041	0.024353599318392	0.00481638569063972	0.0142460950390119	0.0144579358517779	0.0144579358517779
YIL148W_mRNA	0.0238584218342767	0.0514240346305941	-0.249550944521723	0.110450022125653	8.55469898200034	0.0621505539566629	0.000229731624230295	0.0485670979259988	0.0186423356580143	0.0485670979259988
YJR036C_mRNA	0.0239188940293316	0.0515353093989962	0.217541766955421	0.0963243550536465	5.64468513285937	0.0472591359042934	0.00386206678655535	0.0332514587194485	0.0136650142911503	0.0332514587194485
YEL064C_mRNA	0.0239426343182484	0.0515673891083604	0.168192728431908	0.0744858786579663	5.1903404457308	0.0182988937419508	0.00650119140709194	0.00502225363146407	0.0156913930707052	0.0156913930707052
YDR106W_mRNA	0.024011490830979	0.0516965800374292	-0.350983228267495	0.155512507541839	3.25174851055555	0.0915674308774869	0.045908479897045	0.0170025598930988	0.0508280801107573	0.0508280801107573
YER013W_mRNA	0.0241784174020189	0.0520367417008356	0.155564310688916	0.0690083554726931	5.93260312578599	0.0242321062695348	0.00287610731337919	0.0161725051868031	0.0134745074765808	0.0161725051868031
YER151C_mRNA	0.0242608749487948	0.0521949252037217	-0.152983073275383	0.0679027660827936	6.68422450371854	0.0234546185846682	0.00138365216977954	0.0170594903969988	0.0141464504502952	0.0170594903969988
YMR047C_mRNA	0.0243430000511569	0.0523522769649465	-0.141761332914987	0.0629582486440335	7.22909942520531	0.0169401598354179	0.000740297816032045	0.0116680804333917	0.0151146664732638	0.0151146664732638
YMR204C_mRNA	0.0243881924443584	0.0524301140888679	0.169173846217191	0.0751563734425932	5.13833089369762	0.0179768595927156	0.00653216308710581	0.00455167497825578	0.0160617587890643	0.0160617587890643
YMR069W_mRNA	0.0244151692441793	0.0524494011860578	-0.397606342289566	0.176672125454009	2.91178837596721	0.101783993376602	0.059496827281468	0.00438865035663728	0.0653553323682798	0.0653553323682798
YPR032W_mRNA	0.0244120736551919	0.0524494011860578	-0.144127823684885	0.0640402674963374	5.89279822464847	0.0113453752991632	0.00292159449753881	0.00329907059152433	0.013483028946471	0.013483028946471
YPR049C_mRNA	0.0244271308362959	0.05245575534547	0.211483753117859	0.0939784200981763	5.24449400019919	0.0448993562802416	0.00565266285973033	0.0296751109168669	0.0153416682852699	0.0296751109168669
YML029W_mRNA	0.0244991049275817	0.0525909304746098	0.141019092294039	0.0626971510637306	6.27436706922524	0.0155644772750547	0.00209124457006154	0.00890315696994426	0.0136324864359715	0.0136324864359715
YDL007W_mRNA	0.0245467706657784	0.0526738437933057	0.148510866505277	0.066049989964499	7.98221634221544	0.0118405289671176	0.000366126576548764	0.00601858946817775	0.0170842781206929	0.0170842781206929
YMR274C_mRNA	0.0245748056332799	0.0526951849906104	-0.178953938766057	0.0796050758793975	4.94040192120035	0.0309123789408495	0.00757167709885867	0.0163988682806556	0.0177761953241999	0.0177761953241999
YPR179C_mRNA	0.0245700430815432	0.0526951849906104	0.148502547962586	0.0660570193668111	5.70835072239333	0.0181254706784956	0.00389446792216017	0.00922482016154794	0.0135596513083489	0.0135596513083489
YJL186W_mRNA	0.0246363984090054	0.0528078208722831	-0.139690145641155	0.0621658280763789	6.73713617287622	0.0119358676118275	0.00124440259722482	0.00596878790423402	0.0142139581244628	0.0142139581244628
YJR119C_mRNA	0.0246805080879857	0.0528829128799577	0.189808483539012	0.0844957572270075	4.77116374057821	0.0223906758754015	0.00897734666155353	0.00471916022683961	0.0195807852959081	0.0195807852959081
YDL079C_mRNA	0.0246913541633622	0.052886701969025	-0.262675233748075	0.116942175622282	6.24323250241846	0.069454638019846	0.00208833854384405	0.0526135512132465	0.0136074593732219	0.0526135512132465
YGL143C_mRNA	0.0247262720079161	0.052942028929849	-0.149390660396947	0.0665243876307137	5.55883747615164	0.0135230732710608	0.0037951409606125	0.00431741771157101	0.0139068356379533	0.0139068356379533
YML071C_mRNA	0.0247662515453595	0.0530081489725438	0.139526806726495	0.0621492140936488	6.45069603937453	0.00925376724371854	0.0016455343236615	0.0027070077816676	0.0138045649261713	0.0138045649261713
YDR013W_mRNA	0.0249790432106946	0.053443960978886	0.191714128265985	0.0855207421072357	5.12994993270136	0.0371059918946131	0.00617043348825383	0.0230847558340355	0.0161246998377838	0.0230847558340355
YBL033C_mRNA	0.0250114494058714	0.0534936506015444	0.228186060561816	0.101813059514287	6.78734964516723	0.0525843907898556	0.00108403302303045	0.0403795633276089	0.0142817592216358	0.0403795633276089
YLR456W_mRNA	0.0250949903716243	0.0536526289559938	0.260136492788392	0.11613561097435	3.95601779823272	0.0495073933926058	0.0223748323919576	0.01133423342005	0.0315750881535849	0.0315750881535849
YDL175C_mRNA	0.0251854359867079	0.0538262472701982	0.148679778265201	0.0664179973874369	5.56697658895004	0.0158354204444321	0.00376429797492443	0.00688631636839873	0.0138811035329059	0.0138811035329059
YJL167W_mRNA	0.0253498420728428	0.0541437168999181	-0.146081829389112	0.0653309057902787	7.83170765768332	0.0125441153976734	0.000391790180460615	0.00695121892342668	0.0166807188250525	0.0166807188250525
YOR319W_mRNA	0.025352567748537	0.0541437168999181	-0.231964240794148	0.103741280126426	4.29053996932672	0.054527721023728	0.0147275172987344	0.0283214955103439	0.0258103462268256	0.0283214955103439
YHL014C_mRNA	0.0253854782049349	0.0541941355888423	-0.156338244161114	0.0699347989055263	5.3507903475057	0.0184915874493567	0.00481263172833544	0.00801645579958107	0.0147508726634902	0.0147508726634902
YOR113W_mRNA	0.0254055203896855	0.0542170556008453	0.201951515064852	0.0903513347399222	5.97608950859509	0.0413524016231962	0.00287002871457843	0.0297834260425635	0.0134567582354365	0.0297834260425635
YOL030W_mRNA	0.0254411191317147	0.0542731453904687	0.145713289084347	0.0652066617785376	7.78824839660981	0.0185379656685868	0.000442796875870424	0.0133529198788216	0.016564838085332	0.016564838085332
YER096W_mRNA	0.0254882832902432	0.054333969428817	0.289905261694153	0.129774188459926	3.62875390645808	0.0615303807613478	0.0282919878590411	0.0136205455972729	0.0390733721026888	0.0390733721026888
YMR311C_mRNA	0.0254803259937597	0.054333969428817	0.140095860663376	0.0627095982120264	7.13549841871946	0.0130052430933496	0.000827109448723993	0.00749940810129005	0.0149028653829312	0.0149028653829312
YBR155W_mRNA	0.0255795518592321	0.0545085841740623	-0.248521133448748	0.111317856459283	5.988740970569	0.0627322842944814	0.00255971263215736	0.0470069480346011	0.0134533038826474	0.0470069480346011
YOL055C_mRNA	0.0256556008251689	0.0546506509716396	0.147612898746916	0.0661530224487229	5.62726857559135	0.0195902399672071	0.0037985191044309	0.0109654328957289	0.013706370411974	0.013706370411974
YHR004C_mRNA	0.025739994075233	0.0548103821207264	0.13920624833793	0.0624211855262437	6.28524862254461	0.00712315750006215	0.00194525882138406	0.000150015764019246	0.0136403587886229	0.0136403587886229
YDR025W_mRNA	0.0257920352663399	0.0549011316995601	-0.299010499306754	0.134125795313904	8.75684363616648	0.0910035958015728	0.000177253967221284	0.0717816619071283	0.0191968805286072	0.0717816619071283
YER038W-A_mRNA	0.0258547134652553	0.0550144487394367	1.01121702311531	0.453788764604512	2.01961404502594	1.04146647151366	0.370992307932621	0.452704663592536	0.132984027385286	0.452704663592536
YGR060W_mRNA	0.0261266698420014	0.0555728289519897	-0.176513877797708	0.0793561988114609	7.85955222124173	0.0318188898966512	0.000369311850950094	0.0248203133082664	0.0167551227356217	0.0248203133082664
YBR166C_mRNA	0.0261451993455151	0.0555919457616683	-0.139383612254401	0.0626711283803775	6.10069312512173	0.00749834345267078	0.00222480846968586	0.000258333411008474	0.0134858728601932	0.0134858728601932
YBL093C_mRNA	0.0261695662712854	0.0556234560731517	-0.171522849227231	0.077134467727403	6.30002896958396	0.0300576675651425	0.00192995628726075	0.0218689481590984	0.0136501344266238	0.0218689481590984
YMR037C_mRNA	0.0261877786393636	0.0556418666495013	0.174433672362206	0.0784530164290563	6.58873514973304	0.0310920978851238	0.00140168608933195	0.0232178170579391	0.0140083840237122	0.0232178170579391
YJL171C_mRNA	0.0263877363360145	0.0560462821340214	0.14791179585502	0.0666132112203724	7.34434956734282	0.0224001008214175	0.000679198132481278	0.0170700815038785	0.0154011635294369	0.0170700815038785
YNL196C_mRNA	0.0265048155168867	0.0562744370267426	0.236526590078808	0.106604294569085	4.62228435519949	0.0573459964006186	0.0117316176306739	0.033726284851615	0.0213706194266188	0.033726284851615
YOR080W_mRNA	0.0265420252424083	0.0563329104051989	-0.14455901678439	0.0651698706549657	5.69450403365986	0.0201262912718897	0.00341130606421997	0.0121819176317563	0.0135771421005199	0.0135771421005199
YDR002W_mRNA	0.0267470436553357	0.0567473693867392	-0.144737639986389	0.0653387099165232	7.82151041474149	0.0136753107627844	0.000423086794994128	0.00824360775689507	0.0166535012592281	0.0166535012592281
YNL181W_mRNA	0.026757865125464	0.0567496622573548	-0.140628465953374	0.06348823093068	5.98497944808648	0.00941941371275444	0.00266887605696584	0.00177296279629986	0.0134541458098635	0.0134541458098635
YOR337W_mRNA	0.0268832239351636	0.0569947826223665	0.16614523810818	0.0750698287931027	5.11730622042463	0.0223533597052718	0.00632057712897211	0.00974252537066944	0.0162213396511309	0.0162213396511309
YBL023C_mRNA	0.0270723900839265	0.0573749525751021	0.138073827417991	0.0624634914827437	6.24075844502471	0.0115794106597632	0.00200140663033549	0.00495813855716707	0.0136053444425237	0.0136053444425237
YBL060W_mRNA	0.027285667544469	0.0578059269505733	0.146352699375454	0.0663007445617688	5.64374571550082	0.0107897329897798	0.00391606253959608	0.00152461920245879	0.0136670923781836	0.0136670923781836
YKL149C_mRNA	0.0273066173243741	0.057808267635103	0.153884989273104	0.0697225017546185	5.37578450404049	0.0193464098502969	0.00481602001491371	0.00914639341795188	0.0146288889887774	0.0146288889887774
YOR373W_mRNA	0.027303372970872	0.057808267635103	0.144245795253614	0.0653537820412636	5.68233526748485	0.0169520432430511	0.00348964147532713	0.0087284478712711	0.0135948258330608	0.0135948258330608
YNR008W_mRNA	0.0274237260446017	0.0580350991412457	-0.138088988855687	0.0626130969470066	6.22152518738819	0.0135517687729685	0.00209313470161882	0.00697845502850864	0.0135884649355622	0.0135884649355622
YKL176C_mRNA	0.0275000442117075	0.058175474792087	-0.137610106521646	0.062426736926237	6.48660764511327	0.0153945362129263	0.00173356046438041	0.00935014507321247	0.01385482946865	0.01385482946865
YOR218C_mRNA	0.0275452993511309	0.0582500595352772	0.217926589333566	0.098891128015837	4.53348306868621	0.0476112551058591	0.0166162565157196	0.0208266601438263	0.022501564285259	0.022501564285259
YER078C_mRNA	0.0275876145588121	0.0583183753336863	0.138015024476468	0.0626457934038349	6.20480252628875	0.00856580752762945	0.00212461967233974	0.00161070354119464	0.0135733620524441	0.0135733620524441
YGL122C_mRNA	0.0277132182452178	0.0585626439958791	-0.165282739084233	0.0750833906691926	7.53803926837718	0.0283316270934782	0.000555888632452365	0.021994173585078	0.0159041205096421	0.021994173585078
YBL056W_mRNA	0.0277873393193264	0.0586841406132001	-0.140816580877441	0.063999516070384	7.50543887127615	0.01313853093944	0.000564838711359691	0.00784664173803656	0.0158189135176137	0.0158189135176137
YKL171W_mRNA	0.0277908589000719	0.0586841406132001	0.137300918081161	0.0624030954802959	6.27620804449527	0.0180163524651365	0.00194273027590504	0.0119743496207613	0.0136338550261867	0.0136338550261867
YGL084C_mRNA	0.0278679701636269	0.0588256500627863	0.136413404238697	0.0620303414911879	6.45201502559256	0.0166876943293897	0.00158470371678674	0.0109782211058479	0.0138063493452668	0.0138063493452668
YNL016W_mRNA	0.0280039002429838	0.0590911708857746	-0.198828566078311	0.0904904853452211	7.55550003359029	0.041112583952253	0.000533103067187431	0.0322210086848673	0.0159498453986953	0.0322210086848673
YIL092W_mRNA	0.028041997824724	0.0591462967735916	-0.173625239301584	0.0790391818902743	4.96831926522452	0.0260621762451401	0.00748202080295192	0.0118286755389747	0.0175067482925835	0.0175067482925835
YLR401C_mRNA	0.0280503292113686	0.0591462967735916	-0.204244961235341	0.0929830902821677	6.39009192633509	0.0434021267434481	0.00181984989684178	0.0327635704168452	0.0137292219438737	0.0327635704168452
YBR281C_mRNA	0.0280683948225691	0.0591629769306394	0.137767487198338	0.0627262489399879	6.20255517786102	0.018654919029955	0.00216701273003925	0.0123975775080713	0.0135713164942861	0.0135713164942861
YDR073W_mRNA	0.028265109595395	0.0595560681746009	-0.208161769740283	0.0948956043895492	5.89908845617683	0.0451743420362177	0.00277926175745051	0.0332414411723809	0.0134820604032615	0.0332414411723809
YHR071W_mRNA	0.0283479287070555	0.0597089778189823	0.335990530573388	0.15324976192359	7.03614676494028	0.117783064013308	0.00100377131065959	0.0929381868078882	0.0146988066393261	0.0929381868078882
YHR190W_mRNA	0.0283663439480098	0.0597261726928462	0.145999544936248	0.0666000920859251	8.11425658736973	0.0201012379437238	0.00030142852872498	0.0151453643762387	0.0174408605346898	0.0174408605346898
YKR049C_mRNA	0.0284481799279057	0.0598768411343854	0.269733292266322	0.123106867336044	5.46582748147315	0.0759814026535861	0.00458657041564537	0.0560346327255316	0.0142379004906158	0.0560346327255316
YCR008W_mRNA	0.0285591330586351	0.0600886634884826	-0.136703780981879	0.0624355284294366	6.81045733502668	0.0160055829881152	0.00127796526248286	0.0105314668720002	0.0143148155785691	0.0143148155785691
YMR153W_mRNA	0.0286694086406583	0.0602989078485471	-0.158684393219845	0.0725247716567936	5.75905126781297	0.0263516084548616	0.00326136133948512	0.0177780086759951	0.0135158538168877	0.0177780086759951
YKL207W_mRNA	0.028775444462552	0.0605000864088155	0.138427420305705	0.0633086217001704	7.32130751287738	0.0139482982835077	0.00069004134983275	0.00877966375607065	0.0153418849764684	0.0153418849764684
YLR217W_mRNA	0.0288921998225551	0.0607236494106082	-0.40817941294275	0.186813709903182	3.31290854030684	0.174720401082493	0.043978697195665	0.0956187516354954	0.0486472901666284	0.0956187516354954
YPL032C_mRNA	0.0289369144073944	0.0607956953975767	-0.1361197410255	0.0623160479648729	6.96866355502604	0.0184049241519531	0.00096076315408759	0.0134649173239053	0.0145723961817538	0.0145723961817538
YDR251W_mRNA	0.0289644833953239	0.0608316799787877	0.159728543069519	0.0731367984613463	7.53712588736415	0.0267730894718852	0.000574657173786018	0.0208213079829163	0.0159017302973416	0.0208213079829163
YCR014C_mRNA	0.0290027628816029	0.0608901248822409	0.216247951113884	0.0990396175405441	5.15034090988075	0.0490898715085424	0.00609410182230714	0.0331412815480018	0.0159731275142241	0.0331412815480018
YMR306W_mRNA	0.0290412911163577	0.0609467175810755	-0.157955352537057	0.0723594767401975	5.24741923131941	0.0143873929014796	0.00561981790919112	0.0026667049437924	0.0153237575872696	0.0153237575872696
YPL180W_mRNA	0.029050641044052	0.0609467175810755	0.137360008627076	0.0629283917407403	6.08967185647965	0.0180112109367728	0.00236120147694617	0.0115457325353017	0.0134787284713581	0.0134787284713581
YGR007W_mRNA	0.0290621837676659	0.0609489858280856	0.135675381562561	0.0621610787062968	6.6939537153481	0.0148630726814196	0.0012967472775789	0.00936859940618597	0.0141592515461428	0.0141592515461428
YMR022W_mRNA	0.0290934815205884	0.0609926676282649	0.162937679607107	0.0746661030576492	6.12593840760616	0.0278930839139107	0.00224470311000542	0.0200554046732565	0.0135043924201714	0.0200554046732565
YMR019W_mRNA	0.0292494304237155	0.0612784148680196	0.138582421652114	0.0635667585904243	5.99341134201567	0.0156328583732216	0.00271046065839576	0.00855186257263763	0.0134524705323774	0.0134524705323774
YPR152C_mRNA	0.0292508190435913	0.0612784148680196	0.191894170279273	0.0880212301904234	5.32892564723948	0.0387444506897246	0.00523717799671344	0.0257537698602286	0.0148626720680413	0.0257537698602286
YBR288C_mRNA	0.0292813962734467	0.0612983883180383	-0.150538456228211	0.0690645636971297	5.92662535000956	0.0238508325933391	0.0027790813178281	0.0163005745168714	0.0134762281843127	0.0163005745168714
YDL056W_mRNA	0.0292734974706033	0.0612983883180383	0.160844536545698	0.0737892182949748	6.09924722971772	0.0272263592663383	0.00245904532903034	0.0193203496173034	0.013484899798239	0.0193203496173034
YBR245C_mRNA	0.0293500741506212	0.0614200905177869	-0.135141018065283	0.0620267930484844	6.61292907771221	0.0151378829183808	0.00134443606630655	0.00965669712803828	0.0140448561572115	0.0140448561572115
YKL145W_mRNA	0.0294171991118675	0.0615384567417378	0.146296205484709	0.067174598462258	8.24749245886105	0.0127622292356112	0.00024702958879401	0.00731176466672536	0.0178026771254684	0.0178026771254684
YML006C_mRNA	0.0294314253919307	0.0615461178511803	-0.135933084776558	0.0624216546286328	6.25547650941068	0.0120181355150981	0.00196816907491663	0.0056290322521539	0.0136176827913886	0.0136176827913886
YML046W_mRNA	0.0294686833209485	0.0616019192780214	-0.197037368052102	0.0905020443067504	5.42862223399308	0.040931307930857	0.00413897551006195	0.0286235045847421	0.0143905669760613	0.0286235045847421
YNL152W_mRNA	0.0295962811096238	0.0618464611709714	0.139766369102069	0.0642470557988692	5.83914729762196	0.0129141640321933	0.00302098105738861	0.00523429813939682	0.0134897556579034	0.0134897556579034
YHR108W_mRNA	0.0296933720665537	0.0620271013480609	-0.138204098739976	0.0635667619358726	7.36244828503562	0.0133145181546922	0.0007151164721185	0.00809318929118627	0.0154478164199291	0.0154478164199291
YFR034C_mRNA	0.029800263068075	0.0622280762131201	0.246375922736486	0.113394369494342	5.79043016283016	0.0641912154044069	0.0033102301789634	0.048122901953114	0.0135011268166532	0.048122901953114
YPL184C_mRNA	0.0298730139923305	0.0623576422498449	0.135883868785003	0.0625682588267909	7.03497819665124	0.00569181060933415	0.00096261435461814	-0.00013979607204006	0.0146965336958471	0.0146965336958471
YGR041W_mRNA	0.0298927290829855	0.0623764468615593	-0.136345077712605	0.0627881750818693	6.09832353343247	0.012337859037979	0.00228513606068347	0.00562257570387806	0.0134842836597624	0.0134842836597624
YBR036C_mRNA	0.0299608531130494	0.062496215623568	0.139937016593903	0.064469055444033	7.63241847769761	0.0175429187773965	0.000473052511325292	0.0127279694321131	0.0161519839280579	0.0161519839280579
YBL032W_mRNA	0.0299953543473023	0.0625457889861787	-0.134849107267153	0.0621381012950281	6.84413981949736	0.0133383470069211	0.00107948570239821	0.00801609131051778	0.0143650888278065	0.0143650888278065
YMR304W_mRNA	0.0302755888927149	0.0631075423574086	0.233580598337312	0.107816411303798	6.65854706320218	0.0579469854852356	0.00139613975241388	0.0451013744333052	0.0141112482350342	0.0451013744333052
YBR022W_mRNA	0.0303927042574369	0.0633290039355606	-0.200509056854671	0.0926166865338353	4.51581435511603	0.0268977328676446	0.0115810036296639	0.00575117247688398	0.022730398868363	0.022730398868363
YJR075W_mRNA	0.0305073509236353	0.0635451649914548	-0.134441981199597	0.0621426888835596	6.77042017029503	0.00886636352680889	0.00118857258545677	0.0031469179621605	0.0142582825412588	0.0142582825412588
YOR309C_mRNA	0.030520271266209	0.0635493568252085	-0.492792700289676	0.227799702420723	4.8133682115671	0.258491335301432	0.0105984380452199	0.19697237964666	0.0191051008816496	0.19697237964666
YDR007W_mRNA	0.0306510376794047	0.063774659559797	0.135778703774538	0.062814741571372	6.09407896618222	0.0168659404257979	0.00230125834751447	0.0105020045662136	0.0134815086871985	0.0134815086871985
YDR311W_mRNA	0.030660969030661	0.063774659559797	0.136169175858041	0.0629991352714081	6.05888432566991	0.0110532815814922	0.00241301769589222	0.00413205701174711	0.0134625464838885	0.0134625464838885
YFL013W-A_mRNA	0.0306613150406782	0.063774659559797	0.247899790284249	0.114691924361903	5.33737073915583	0.0654969683244497	0.0107559938382889	0.0418609562170574	0.0148189177789843	0.0418609562170574
YDL179W_mRNA	0.0307138949622231	0.0638384416874463	-0.174904232993651	0.0809457066427619	4.86418223265456	0.0273471133144701	0.00765467775335498	0.0129053748781209	0.0185541519422293	0.0185541519422293
YER180C_mRNA	0.0307098855951543	0.0638384416874463	-0.157040595742402	0.0726766675497935	5.21643934122928	0.0249112454818025	0.00560910677389317	0.0140352994677157	0.0155184852506797	0.0155184852506797
YDR320C_mRNA	0.0308357570948849	0.0640460323831728	0.143459678068755	0.0664415631292581	5.75764078245825	0.0219689113563785	0.00351047775876973	0.014147447485467	0.0135167054976533	0.014147447485467
YPL042C_mRNA	0.0308259003447186	0.0640460323831728	0.153444403320026	0.071061680602714	5.92417731669036	0.0251311624563704	0.00284052993826379	0.0173585198620648	0.0134768787695357	0.0173585198620648
YEL063C_mRNA	0.0309519609771642	0.064264477780812	0.13633661190142	0.0631863832828826	6.58498568388728	0.0198621168527886	0.00146795867993341	0.014502117449552	0.0140026886678835	0.014502117449552
YJL074C_mRNA	0.0309944720361671	0.0643069067246117	0.150961828852887	0.0699822784538635	5.70942051894935	0.0243612650498468	0.0034923608235922	0.0160977163667841	0.0135584101876764	0.0160977163667841
YOR296W_mRNA	0.0309884941064448	0.0643069067246117	-0.156401162075751	0.0725012430776093	5.25662613307742	0.0209050019641606	0.00575769932136789	0.00965156749776266	0.0152680216698265	0.0152680216698265
YDR144C_mRNA	0.0310482128230532	0.0643954745130325	-0.139285473509803	0.0645900434902838	6.47918543783266	0.0207484467157132	0.00165960905577413	0.0150278858165329	0.0138441797362748	0.0150278858165329
YER017C_mRNA	0.0310738839863593	0.0644257822436048	0.134547608756285	0.0624025004423201	7.01832764689559	0.0106114269952386	0.000911819603490686	0.00528526388511231	0.0146644686423243	0.0146644686423243
YDL045C_mRNA	0.0312964578392514	0.0648641634192383	0.138032812477201	0.0641034289336219	5.86154263832014	0.0135194323884089	0.00295008713680339	0.00609128833067293	0.0134869112673883	0.0134869112673883
YNL128W_mRNA	0.0313669920711891	0.0649872317947182	0.282934244606322	0.131451463220277	3.64405875823957	0.0595233223090395	0.0304447188522654	0.0104583302585769	0.0386732298787419	0.0386732298787419
YCR032W_mRNA	0.0314077710626924	0.0650254705796894	-0.134901599640712	0.0626904692231357	6.10377209195303	0.0180775829554966	0.00223240047001489	0.011936883672125	0.0134879792556528	0.0134879792556528
YHR198C_mRNA	0.0314017074711514	0.0650254705796894	0.146611045347378	0.0681295588545866	5.48117974584672	0.0122911670143429	0.00438815885378721	0.00263957762790849	0.0141783883050951	0.0141783883050951
YFL048C_mRNA	0.0314331639401443	0.0650549247301176	0.133731926879247	0.062156214338781	6.69847775006027	0.0138134067827302	0.00128848842533332	0.00840181076563862	0.0141650914983806	0.0141650914983806
YHR018C_mRNA	0.0315869704157042	0.0653500318330586	0.416725180856368	0.193861848998627	7.3537036191784	0.186616988618694	0.000695697652086081	0.14963396833658	0.0154252662018607	0.14963396833658
YOR132W_mRNA	0.0316777582374092	0.0655145969084651	0.134258010377297	0.0624905400723077	6.99927643973649	0.013858481921041	0.000991753010757499	0.00870655951879484	0.0146285173833573	0.0146285173833573
YEL015W_mRNA	0.0317581344699758	0.0656551895163684	-0.133728087484725	0.0622732100090917	6.88862507959875	0.00702626655318892	0.00107653425282707	0.00134212237349754	0.0144352764865187	0.0144352764865187
YJL066C_mRNA	0.0317682765613873	0.0656551895163684	0.179424580021323	0.0835576742845876	5.8297432732591	0.0346505517231246	0.0029874066077996	0.0249401331195973	0.0134912315313595	0.0249401331195973
YIR041W_mRNA	0.0317894973500858	0.0656757487807092	0.820189280562099	0.382007974487844	2.10972745522108	0.724195133856333	0.411231351678047	0.172489018611175	0.123441355678069	0.172489018611175
YPR002W_mRNA	0.0318248716374711	0.0657255236298854	0.268604525047484	0.12513002130466	4.88574170519148	0.0776943205652932	0.00756568103565103	0.0550644078911675	0.0183280142749037	0.0550644078911675
YHR075C_mRNA	0.031861437708244	0.0657777236315484	0.159121333461378	0.0741428735467081	5.15369011275119	0.0249971909315944	0.00603992145336973	0.013508612041188	0.0159487413376829	0.0159487413376829
YNL280C_mRNA	0.0319377103636602	0.0659118315900405	-0.133511572697299	0.0622376632521511	6.9589158152087	0.0125786612952406	0.000939154168983259	0.00744502863474414	0.0145549527393694	0.0145549527393694
YMR061W_mRNA	0.0319546707686586	0.0659234815503559	-0.133274669508418	0.0621333737799957	6.40185838163989	0.0184354868289294	0.00169951661306833	0.0129778942657623	0.0137427079360703	0.0137427079360703
YBR140C_mRNA	0.0319812957516053	0.0659550545305672	-0.143902590644275	0.0670985809613353	6.93240158561333	0.0223304078753285	0.00105332876288894	0.0169555495052105	0.0145085492111534	0.0169555495052105
YKL026C_mRNA	0.0320310026420259	0.0660341901601001	0.210882226443921	0.0983581686136384	4.36988768200884	0.035780465350412	0.0140291986217068	0.0116009247023217	0.0246681187104089	0.0246681187104089
YEL022W_mRNA	0.0321311322865685	0.0662171831275374	-0.159849038441809	0.0745990613660706	6.87923369672831	0.027589865195881	0.00109167254394361	0.0211684072828514	0.014420100178168	0.0211684072828514
YIL171W	0.0321485136501589	0.0662295758577885	0.775943873186642	0.362157502322964	1.55298195175095	0.635556321066889	0.327660629897394	0.181267172864019	0.196971596057837	0.196971596057837
YGL235W_mRNA	0.0321918946517376	0.0662720771169694	-1.28565018386444	0.600204642265547	1.37124877732252	1.78568932576807	0.335638453426114	1.10534399696234	0.230158019185851	1.10534399696234
YNL031C_mRNA	0.0321818389885111	0.0662720771169694	0.161363561697683	0.0753280396440763	8.03020201551391	0.028127623689716	0.000357831565040956	0.0223394226614372	0.0172136128873803	0.0223394226614372
YLR132C_mRNA	0.0324943122956008	0.0668710220537515	0.206607665760794	0.0966234582171861	4.94270552715348	0.0462378733442668	0.00812813947476335	0.0292162312366299	0.0177536381732607	0.0292162312366299
YEL052W_mRNA	0.0326210368577915	0.0670657060434279	0.132674289334209	0.0620925957439662	6.8527232693131	0.0115897836611889	0.00104366588341007	0.0063446831677674	0.0143782959014844	0.0143782959014844
YGR046W_mRNA	0.0326035269833233	0.0670657060434279	0.197095941766275	0.0922331391398619	5.77438895342279	0.0421184367037436	0.00347341507144135	0.0305543927509312	0.0135077048745549	0.0305543927509312
YHR014W_mRNA	0.0326234484941769	0.0670657060434279	0.392622533219379	0.183752936956507	2.87516373882925	0.0921978670092206	0.0678623038668512	-0.0131224330974299	0.0671982634937175	0.0671982634937175
YDR416W_mRNA	0.0326450869789484	0.0670865173683786	-0.138910039522759	0.0650199647223874	5.74484871101746	0.00994569340323215	0.00338509036662663	0.00175786711391797	0.0135252928833754	0.0135252928833754
YBL075C_mRNA	0.0327018352608943	0.067179440137507	0.137745045401284	0.0644956842591809	5.80715927209829	0.0142223871908843	0.00314276279980367	0.00667445275254331	0.0134960103524362	0.0134960103524362
YKR005C_mRNA	0.0327654433464729	0.0672863845387914	-0.255061081225279	0.119469585409907	3.82255802789563	0.0687656704327488	0.0227129156092674	0.0323771155241609	0.0343790117427929	0.0343790117427929
YIL061C_mRNA	0.0328125143608208	0.0673593053791902	-0.172954506834962	0.0810330522801539	4.88213982911139	0.0192712669638199	0.0078999538288391	0.00420118607967511	0.0183654684185135	0.0183654684185135
YHR120W_mRNA	0.032871327847246	0.0674562719401393	-0.150474425814194	0.0705243726466408	5.33210128574092	0.0177257451574983	0.00504861480448262	0.00747395420023373	0.0148461337443264	0.0148461337443264
YJL087C_mRNA	0.0329548553994149	0.0676038688580955	-0.203764317969034	0.0955458961757876	5.56005056280782	0.0451536408378312	0.00407268050066744	0.0324433926034701	0.0139029686953272	0.0324433926034701
YML057W_mRNA	0.0330812666203434	0.0678393028265121	0.133202518440459	0.0625042433801619	7.03226775041706	0.0170388293436364	0.000935848677819151	0.0122506367849682	0.0146912730842869	0.0146912730842869
YGL228W_mRNA	0.0331039200849382	0.0678618713634237	0.134337175264601	0.0630448062235027	7.27080926266319	0.0103726942441297	0.000683427776554361	0.00527403701127832	0.0152151625904817	0.0152151625904817
YDL029W_mRNA	0.0331599426807881	0.0679099666621099	0.13913212133705	0.065315909286809	7.81131680809939	0.0149544669707277	0.000438361947250787	0.0100534963248867	0.0166263100765998	0.0166263100765998
YDR030C_mRNA	0.0331734767400233	0.0679099666621099	-0.196355654102773	0.0921867299172735	4.54193174847166	0.0324261243222129	0.0116010586054561	0.0121253480545925	0.0223925140859052	0.0223925140859052
YGL257C_mRNA	0.0331740070580784	0.0679099666621099	-0.133963235382847	0.0628943938339796	6.08106083073248	0.0188621092110433	0.00234920914315824	0.0127327226017482	0.0134736099598167	0.0134736099598167
YKL193C_mRNA	0.0331495252458808	0.0679099666621099	0.186848509068107	0.0877112844200887	5.84130529841052	0.0380315032388474	0.00313522730520191	0.0276378503532848	0.0134894475892901	0.0276378503532848
YDR284C_mRNA	0.0332369882649168	0.0680149960068161	0.132811398683186	0.0623759388966691	6.47034322108702	0.0108820488663641	0.00173137327675634	0.00488828833143828	0.0138316577362076	0.0138316577362076
YHR070C-A_mRNA	0.0333710478011586	0.0682653526999824	-0.332848258808875	0.156443758130628	4.26006231281455	0.120915481547889	0.0151997003197661	0.0826988975123717	0.0262699944246612	0.0826988975123717
YHR040W_mRNA	0.0334044964354466	0.0683097915875436	-0.243471883262678	0.114457173273397	5.6447436808259	0.0647159416351427	0.0037213803773893	0.0486803976775563	0.013664885337263	0.0486803976775563
YAL034C_mRNA	0.0334656251306435	0.0684107831617996	0.143629590502504	0.0675442365349085	6.13261092676927	0.0225334916573568	0.00228445931173507	0.0159644362445996	0.0135097092922782	0.0159644362445996
YIR033W_mRNA	0.0336756145902448	0.0688158998957441	-0.134306045171828	0.0632345490431951	7.30149780841162	0.0120724892933265	0.000702919014131525	0.00707814415166199	0.0152915137566535	0.0152915137566535
YNL229C_mRNA	0.0338515143625021	0.0691510949074113	-0.131935357116471	0.062179809648427	6.56898062040216	0.00608866517237719	0.00148700467390539	6.31541657985929e-05	0.0139783102377531	0.0139783102377531
YNL048W_mRNA	0.0339949189148414	0.0694196977209484	-0.133488638387021	0.0629624199390875	6.03179469546678	0.0173829652929495	0.00240322438030662	0.0111301765540191	0.0134538409180374	0.0134538409180374
YIL010W_mRNA	0.0341439057796707	0.0696995077338338	0.150078156247374	0.0708461181235009	5.48613728199226	0.0247444979538608	0.00437813374262845	0.0156985560700477	0.0141595946607904	0.0156985560700477
YGL077C_mRNA	0.0341998183914933	0.0697891915757757	-0.167499648512978	0.0790947860068211	7.20716684505509	0.0308373132481279	0.000755165006698977	0.0242687756871603	0.0150633348002689	0.0242687756871603
YLR358C_mRNA	0.0342616909912961	0.0698909704885474	0.267349370863462	0.126288197221499	4.73613379562714	0.078602028988127	0.012726548380686	0.051068286649139	0.0199871601427315	0.051068286649139
YJR024C_mRNA	0.0343536436399925	0.070054017447181	-0.132120765842781	0.0624419907441801	6.12550641814569	0.0191121140163646	0.00209195521354694	0.0133979107277343	0.0135040536188381	0.0135040536188381
YFR054C_mRNA	0.0344825902402266	0.070292362050231	0.58296424351319	0.275713678148135	2.23261478424413	0.277802929544949	0.192455140506428	0.00809162423032964	0.111616988765466	0.111616988765466
YMR298W_mRNA	0.0345757584699121	0.0704576316354348	0.187351682233322	0.0886539374457586	5.78610403769395	0.0387023844214844	0.00293519330704168	0.0285028891915043	0.0135027245179392	0.0285028891915043
YHR003C_mRNA	0.0347340309841955	0.0707342158334927	-0.136808836183955	0.0647939201462128	5.77457514081424	0.0148692697640616	0.00328539058080051	0.00729835340697741	0.0135076177708547	0.0135076177708547
YKL094W_mRNA	0.0347479103528074	0.0707342158334927	0.13251983786543	0.0627674151131095	7.16403776979302	0.0157818066294539	0.000793559877438384	0.0110979451032966	0.0149654337224872	0.0149654337224872
YLR293C_mRNA	0.0347401177307627	0.0707342158334927	-0.143309536462569	0.0678749898416404	8.39596221369487	0.0157949300236951	0.00022032132074745	0.0108349256357498	0.0182077356632637	0.0182077356632637
YDR476C_mRNA	0.0347780398132152	0.070770820800486	0.317160582439892	0.150246610240227	7.02976902694052	0.111100653198697	0.000920258494246827	0.0893759170604678	0.0146864374966028	0.0893759170604678
YDL027C_mRNA	0.034810853273143	0.0708128600451575	0.164231552229799	0.0778145086373081	6.02774370423257	0.029798232349421	0.00257266163745114	0.0216477293804116	0.0134530518626178	0.0216477293804116
YEL018W_mRNA	0.0348975483921903	0.0709644387200352	0.143084244885294	0.0678270579671866	5.63263657377101	0.0211990231553637	0.00470906393785899	0.0121547176902036	0.0136929752320774	0.0136929752320774
YLR154W-C_mRNA	0.0349462469339619	0.07103529639747	-0.773780614376733	0.36689791027112	8.65961272750611	0.662222269611637	0.000211727964922325	0.538244578280336	0.0189300814227244	0.538244578280336
YPL087W_mRNA	0.0349567790545051	0.07103529639747	-0.201210373737843	0.0954119745853231	6.62415145230824	0.0447823581385352	0.00132036907398679	0.0350934105030946	0.0140615396579656	0.0350934105030946
YDR158W_mRNA	0.0350122088129375	0.0710735639526738	0.141339598877537	0.0670422387829662	8.2109454279948	0.0178649593196378	0.000275394967830989	0.013157952242963	0.017703252156298	0.017703252156298
YEL043W_mRNA	0.0350073716268694	0.0710735639526738	0.168994595463245	0.0801578286234126	6.87093253262698	0.0316034821734591	0.00116389739218285	0.0245372125662987	0.0144068454784789	0.0245372125662987
YJL084C_mRNA	0.0350020257319292	0.0710735639526738	0.168246019532302	0.0798004218939866	5.9603766882573	0.0313227268722344	0.00292974732829833	0.0225426820095347	0.013463578797292	0.0225426820095347
YBR127C_mRNA	0.0350598642852458	0.071145513523456	-0.143131433861205	0.0679099124317304	8.40429292455358	0.0173804802413864	0.000216514008748491	0.01255211271869	0.0182305108171927	0.0182305108171927
YKL142W_mRNA	0.0350744206854741	0.0711502698167034	0.182097583940146	0.0864046228202104	6.78631843441453	0.036714707707381	0.0012621477445274	0.0286008876342839	0.0142803112609438	0.0286008876342839
YEL068C_mRNA	0.0351020160865838	0.0711814638776322	0.283389890847626	0.134487773730339	3.55934502359565	0.0666298090456014	0.0313912718451973	0.0170521434937674	0.0409565732865746	0.0409565732865746
YBR297W_mRNA	0.0351570030958585	0.0712681628519387	0.180191611762007	0.085538916489119	6.10661801067383	0.0359748544605985	0.00235481729369434	0.0269128076428355	0.0134899666618207	0.0269128076428355
YCR077C_mRNA	0.0351839905836879	0.071298062309762	-0.171994227801026	0.0816595827721787	7.39900959438069	0.032783477017664	0.000625500758294159	0.0260476490758111	0.0155422825061209	0.0260476490758111
YNL238W_mRNA	0.035198729556495	0.0713031287886439	-0.130437342989687	0.0619341565367164	6.83047178388984	0.0103773842139095	0.000998969093995602	0.00525854243627617	0.0143443898896623	0.0143443898896623
YAR031W_mRNA	0.0353009578573564	0.0714853599155226	-0.200940637474771	0.0954637620241721	4.58615837083254	0.0266182746631778	0.014627022316588	0.0023562320257404	0.021826297122643	0.021826297122643
YCR035C_mRNA	0.0353779211392918	0.0716163198601507	-0.132116018271092	0.0627926044311787	6.20084335783783	0.0114321614226364	0.00220188759805763	0.00505981613082209	0.0135697570869443	0.0135697570869443
YHR005C-A_mRNA	0.0354902211290917	0.0718186968732506	-0.434839653295837	0.206798612566278	2.63257501843907	0.175614902733038	0.0900114840601886	0.0441229048456538	0.0810511805771617	0.0810511805771617
YOR197W_mRNA	0.0357601129287542	0.0723397284454589	-0.137749483803069	0.0656060941289495	7.36110886165217	0.0211288412010678	0.000628641722121869	0.0165879966253044	0.0154443612861101	0.0165879966253044
YDR166C_mRNA	0.035816647936571	0.0724289451157455	-0.185331330997876	0.0882949393953463	5.8711811859494	0.0382644402050759	0.00316180346480069	0.0280221818265108	0.0134857972776252	0.0280221818265108
YMR067C_mRNA	0.0358616428421312	0.072494771408139	0.133326323086062	0.0635343273691801	5.99865730735307	0.00844415476512754	0.00269463473450575	0.0012738429630883	0.0134518082825108	0.0134518082825108
YBR132C_mRNA	0.0359096760652648	0.0725666919029596	0.246563220128981	0.1175258567876	6.11334619187894	0.0677775999230942	0.00263698780917174	0.0526123202454657	0.013494812645227	0.0526123202454657
YJL145W_mRNA	0.0359545013419597	0.0726320821145137	0.139223469211398	0.0663777570109099	6.23880172396299	0.0216179379041196	0.00205692412629367	0.0155671023769039	0.0136036613301204	0.0155671023769039
YBR257W_mRNA	0.0360322711285741	0.0727639554922263	0.196114130162427	0.0935407728880264	4.90268123158863	0.0429224049984577	0.00734655663998748	0.0276529481299699	0.018153651198545	0.0276529481299699
YPL154C_mRNA	0.0361203635678036	0.0729165759341733	0.150121414474139	0.0716375130207349	8.77030236854058	0.0251689346370293	0.000156039944591891	0.020371693142592	0.0192338094923413	0.020371693142592
YJR133W_mRNA	0.0361965576374505	0.0730450795967394	-0.147072499925845	0.0702113059104103	5.36683965894761	0.0215179818969275	0.00504666688940032	0.011828222218897	0.0146718430211806	0.0146718430211806
YHL038C_mRNA	0.0363739490366179	0.0733776409582189	0.152211181261299	0.0727335773799489	5.2258752250819	0.0241637289401075	0.00570270775093606	0.0135675036274762	0.015457985363004	0.015457985363004
YBR291C_mRNA	0.036392599549323	0.073389852881397	-0.177279973329801	0.0847210628688116	5.34472465526288	0.0351774420945362	0.00515647149491887	0.0235541624795657	0.0147814054320293	0.0235541624795657
YML012W_mRNA	0.0366447594156811	0.073847239140698	0.15369406227586	0.0735483869641252	7.59274448383138	0.0264941274477871	0.000485646275608889	0.0211518146244899	0.0160475795042759	0.0211518146244899
YPL238C_mRNA	0.0366354380170756	0.073847239140698	-0.196984811047284	0.0942599595647934	5.78916888670201	0.0435179134569399	0.00409960062998933	0.0314401592786366	0.0135015799859835	0.0314401592786366
YDR249C_mRNA	0.0367772958871808	0.0740630922359887	-0.192625098510445	0.092243338485804	4.51029783514436	0.0404318097037514	0.0112332907615401	0.0214852400421482	0.0228020432184863	0.0228020432184863
YMR196W_mRNA	0.0367764799935514	0.0740630922359887	0.215691934953939	0.103289021524849	7.17191287259981	0.0522356582266731	0.000800871530057242	0.0418736163401855	0.0149830092047695	0.0418736163401855
YER167W_mRNA	0.0368001207508226	0.0740834497215939	0.130867182344006	0.062676614322527	6.69149241143788	0.0192328616468657	0.00132418180052187	0.0143892501312173	0.0141560437406183	0.0143892501312173
YHL002W_mRNA	0.0368604050164275	0.0741791777636292	0.130234729539512	0.0623936671651547	6.59516003267474	0.0113538882428155	0.00155375713446637	0.00576509890334161	0.0140181216747981	0.0140181216747981
YBR112C_mRNA	0.0369395490731219	0.0742871290645524	-0.227640650081729	0.109105256515977	7.59103016911257	0.0582601769497262	0.000534421318151638	0.0470814066795172	0.0160430749841865	0.0470814066795172
YEL003W_mRNA	0.0369307911405151	0.0742871290645524	-0.216414612194336	0.103719948775841	4.24027015691568	0.0526519661888286	0.0146715111979052	0.0283597998983469	0.0265749471698321	0.0283597998983469
YMR172C-A_mRNA	0.0369575549192488	0.0742976932227548	0.340586558723704	0.163254352425651	3.64007565105601	0.130433859782964	0.0363939894530579	0.0702139448906167	0.038776854613535	0.0702139448906167
YFL036W_mRNA	0.0369728512391867	0.0743028048704732	-0.130413981485036	0.0625167774379991	7.08290295064424	0.0159581954795411	0.000841212801482051	0.0113974804789464	0.0147921770434472	0.0147921770434472
YKL206C_mRNA	0.0370363748011844	0.0743791518758016	0.134871585246803	0.0646753557259661	5.78692953022469	0.0102295843778008	0.00322919644122341	0.00253383124728152	0.0135024101118976	0.0135024101118976
YNL245C_mRNA	0.0370268434021561	0.0743791518758016	-0.166635941463517	0.0799033811685362	4.954028362563	0.0247268281115766	0.00789459527600722	0.0106648528471298	0.0176436060126503	0.0176436060126503
YCL067C_mRNA	0.0370627879761794	0.074380917240517	0.179597816946263	0.0861350775119264	4.9473902760135	0.0362999727849764	0.00445567357989896	0.0252213327320433	0.017707942922039	0.0252213327320433
YCR039C_mRNA	0.0370627879761794	0.074380917240517	0.179597816946263	0.0861350775119264	4.9473902760135	0.0362999727849764	0.00445567357989896	0.0252213327320433	0.017707942922039	0.0252213327320433
YNL129W_mRNA	0.0370986339772918	0.0744272181651867	0.186202750276268	0.0893197144706466	4.63240609953509	0.0203476002492736	0.010667829852045	0.00122703778347783	0.0212442157204264	0.0212442157204264
YKL048C_mRNA	0.0371722396415492	0.0745492145100399	0.159671257859243	0.0766225651517138	5.06481403379646	0.0197697281305858	0.00684019488748709	0.00705739651346839	0.0166438750742274	0.0166438750742274
YKR021W_mRNA	0.0372329405581714	0.0746452552277725	0.130269187982961	0.0625331937224637	6.18679526086619	0.0171637897536887	0.00208464868038282	0.0114565371020722	0.0135569525881418	0.0135569525881418
YKR028W_mRNA	0.0373686921727034	0.074891641072642	-0.130630670970702	0.0627515275929077	7.13502280075729	0.00792081084841133	0.000849179260952982	0.0027618688771289	0.0149018376000209	0.0149018376000209
YDR107C_mRNA	0.0373882712251167	0.0748974419053672	0.133946071780249	0.0643507793287626	5.82195487275268	0.0199926242530764	0.00307143651604708	0.0132230751421463	0.0134926546848293	0.0134926546848293
YIR031C_mRNA	0.0373972980608845	0.0748974419053672	0.146920930921481	0.0705875481516597	5.35456743296003	0.0209698913972403	0.00519836271527059	0.0111020180838198	0.0147320451009809	0.0147320451009809
YBR290W_mRNA	0.0374843531654623	0.0750459936570389	0.12876653040648	0.0618936199892143	6.57620743701602	0.0114096163598377	0.00133395299846688	0.00615325900052411	0.0139893277830102	0.0139893277830102
YGR147C_mRNA	0.0375190143191345	0.0750895834501126	-0.180801109500613	0.0869206402544521	6.58697232575714	0.0369231490741512	0.00133910921489907	0.0288816815940765	0.0140057073606934	0.0288816815940765
YOR042W_mRNA	0.0375534033685482	0.0751325989097396	0.132314868808014	0.0636222090438269	7.38888501453639	0.0178162996747279	0.000675048568952473	0.0134117797946326	0.0155160933655131	0.0155160933655131
YFR031C_mRNA	0.0376535945046717	0.0752898356789686	0.180952626761843	0.0870548056641463	6.42913795861598	0.0370249071416327	0.00174809835327929	0.0285660584036098	0.0137761899383554	0.0285660584036098
YHR152W_mRNA	0.0376578409146094	0.0752898356789686	-0.144647959987784	0.0695904774579465	5.38789386337425	0.0221789419305824	0.00479937451430002	0.0129857683174305	0.0145719636969998	0.0145719636969998
YJR117W_mRNA	0.037696475173359	0.075341222765005	0.130306799905423	0.062703574287206	7.08728320065522	0.0136119237124714	0.000925786156670837	0.00880702864909362	0.0148011667568938	0.0148011667568938
YGL064C_mRNA	0.0378339938483205	0.0755901399726732	-0.161527028728032	0.0777825484405696	4.98207683823883	0.0190348135279271	0.00682334685574358	0.00611653020711939	0.0173771525118947	0.0173771525118947
YPR088C_mRNA	0.0378562785380175	0.0756087345774735	-0.132299277347993	0.063715468949028	7.42280399270003	0.0112846034040652	0.000634724671290207	0.00645503646540784	0.015603919262288	0.015603919262288
YKL169C_mRNA	0.0378854134692297	0.075637245918316	-0.225262925777855	0.108503327984615	4.31663703695948	0.035337438265825	0.0216657550867715	0.00169767570375554	0.025426133648176	0.025426133648176
YPR189W_mRNA	0.0378965191959431	0.075637245918316	-0.130056910299779	0.062648675279427	6.23707550082678	0.0147363286940007	0.00209725686855343	0.00885886675595451	0.0136021691885149	0.0136021691885149
YBL002W_mRNA	0.0380119201065595	0.0758415912811012	0.167412156561541	0.0806912057249794	6.8640969616308	0.0317818185875998	0.0011020124555467	0.0249422702698571	0.0143960435791768	0.0249422702698571
YMR127C_mRNA	0.0380376144539691	0.0758668749773447	-0.195269686354205	0.0941308607666105	4.59454946452559	0.0432477108507071	0.0110724020968871	0.024370073697765	0.0217198589931444	0.024370073697765
YER040W_mRNA	0.0380626292074668	0.0758907863664276	0.224660518433474	0.108312950688435	5.95029175035619	0.057257622015598	0.00288473345666218	0.0440420476906793	0.0134681646816897	0.0440420476906793
YEL017W_mRNA	0.0381341503554282	0.0760073759735631	0.131925125175857	0.0636271325456762	5.92958920771663	0.00893076799716231	0.00271824884750038	0.00187779153441194	0.0134753991364398	0.0134753991364398
YDL223C_mRNA	0.0382053800504319	0.0761233051210042	0.197508732576096	0.0952931080574693	5.94058752453748	0.0443041519064936	0.00285607975313015	0.03346702601988	0.0134718911703058	0.03346702601988
YER059W_mRNA	0.0382432080027686	0.076172625580899	0.129408067397568	0.0624484438783748	6.28660840919799	0.00866646770612885	0.00195792830088549	0.00254287341066016	0.0136413042704366	0.0136413042704366
YGL104C_mRNA	0.0383265092027653	0.0763124547557453	0.190919502524639	0.0921717269204239	5.5587912879891	0.0414370767608427	0.00408472392443535	0.0298977850495374	0.0139069830918298	0.0298977850495374
YJL180C_mRNA	0.0384979050722545	0.0766275350020344	-0.136066428073788	0.0657480192895722	5.60920586272116	0.0106936805193582	0.00353574981800541	0.00263202992451863	0.0137554583440024	0.0137554583440024
YPL112C_mRNA	0.0387861533526605	0.0771749075931011	0.131753827897497	0.0637585838068763	5.89703845374392	0.00896627433029547	0.00277824074462319	0.00186874713336675	0.0134823872916107	0.0134823872916107
YLL067C_mRNA	0.0388692460132279	0.077313836556185	1.81743018267172	0.879869259383702	1.17632046678989	3.77104833584109	1.3765286820022	1.72015097243149	0.273166708920741	1.72015097243149
YBR251W_mRNA	0.0390648052393126	0.0776762987454728	-0.135167467107403	0.0655038675476971	5.7230864482486	0.0152340186012547	0.00361916396877197	0.0074829290570778	0.013543862686053	0.013543862686053
YJR066W_mRNA	0.039084148352467	0.0776882457528054	-0.128124774010931	0.0620970209605728	6.67563933603334	0.0147912125178684	0.00128926303571706	0.00986819102904123	0.0141348970129942	0.0141348970129942
YLL021W_mRNA	0.0392562660747836	0.0780037538034411	0.155169196382837	0.0752703901261654	7.1088065669095	0.0275723526193406	0.000907628898426554	0.021754897620554	0.0148459433278526	0.021754897620554
YJL149W_mRNA	0.0392948314194441	0.0780537633309518	0.134687495086579	0.0653478272164325	5.75008604422416	0.0108012321675962	0.00355977012901587	0.00282991538406656	0.013521583958619	0.013521583958619
YLR240W_mRNA	0.03949561149786	0.0784258461440123	0.151211746297594	0.073439921742652	5.94912219613774	0.0262327737856811	0.00295405249538479	0.0186196359268826	0.0134686478968377	0.0186196359268826
YBR210W_mRNA	0.0395911509585156	0.0785887718856258	0.188013958961986	0.0913580793835695	4.5775642594112	0.0336574445905375	0.011449535741533	0.0145122266727401	0.0219356589330853	0.0219356589330853
YFL033C_mRNA	0.0398522980737455	0.079080207281213	-0.128987998590992	0.0627594358076092	6.70803445874114	0.0191414289975898	0.00126726995414969	0.014487717177408	0.0141771783108872	0.014487717177408
YOR241W_mRNA	0.0399358257719781	0.0792189720624939	-0.127537002257892	0.0620795623622287	6.54353338407314	0.00967021208004292	0.00147594776349014	0.00423765462371883	0.0139395404888532	0.0139395404888532
YMR098C_mRNA	0.0399790512567158	0.0792777238330926	0.136188196907733	0.0663050137955903	5.63506233115181	0.0160354610483222	0.00389830490881539	0.00798333907810712	0.0136871145089183	0.0136871145089183
YLR378C_mRNA	0.0400096659671792	0.0793114371979537	0.132678456393827	0.0646061959587299	7.64554863828527	0.0104933428072995	0.000509239949662028	0.00570403511785919	0.0161866022753692	0.0161866022753692
YNL331C_mRNA	0.0400854985596053	0.0794347328599525	0.153396137811365	0.0747228892110287	5.11333218518395	0.0159008614345127	0.00608190984656245	0.00423176309171745	0.0162521308416122	0.0162521308416122
YIL085C_mRNA	0.040269437966891	0.0797720998283261	-0.12729268721847	0.0620644928680371	6.65346788953941	0.0121931672544501	0.0013039343504468	0.00713062250237856	0.0141040707494197	0.0141040707494197
YDR157W_mRNA	0.0403504414605909	0.0799053949522102	-0.592383988344454	0.288947590052979	1.95455833347613	0.234654023106728	0.193591000282879	-0.0424384868533505	0.140371838906819	0.140371838906819
YOR322C_mRNA	0.040460499691054	0.0800961166157256	0.127448237860031	0.0621997122531499	6.82383986246341	0.0137302883272793	0.00114072346501436	0.00892942736174864	0.0143344933524842	0.0143344933524842
YNL299W_mRNA	0.0404797624052403	0.0801070298141746	-0.291110161448072	0.142086773855478	4.73946756942486	0.0979696651636082	0.00992827713690648	0.0708263280817244	0.0199480563783671	0.0708263280817244
YDL080C_mRNA	0.0406031168764197	0.0802894249488468	-0.129513232221569	0.0632524675175893	6.052807090695	0.0116467791080127	0.00254339643612117	0.00514281623089876	0.0134601021521336	0.0134601021521336
YDR235W_mRNA	0.0406226579686908	0.0802894249488468	-0.164187844886843	0.0801948700021186	5.45434417910319	0.0311985836943413	0.00450214448043321	0.0212227242181936	0.0142837304608779	0.0212227242181936
YJR021C_mRNA	0.0406270553980776	0.0802894249488468	0.129965383451807	0.0634808575441089	5.92689876010956	0.0179216225967216	0.00264312346616295	0.0117326147743886	0.0134761536319788	0.0134761536319788
YLR330W_mRNA	0.0406075743967087	0.0802894249488468	0.136289846382013	0.0665635494327858	8.10621376570506	0.0136176087452274	0.000303744579635764	0.00897942986829845	0.0174190798727279	0.0174190798727279
YER141W_mRNA	0.0408103840313451	0.0806243802531763	-0.127403485472895	0.0622862467391347	6.91281612426906	0.0149231082041638	0.00104305379588514	0.0103083769626782	0.0144752523355083	0.0144752523355083
YJR031C_mRNA	0.0410015050445621	0.0809744977591928	-0.130255336339985	0.063740833751788	5.92350185412488	0.0115233771231424	0.00277452253228288	0.00472439505821469	0.0134770530172095	0.0134770530172095
YJL137C_mRNA	0.0411093497790496	0.0811599701161447	0.169761946685334	0.083117818911272	4.83453777858208	0.0265778391085728	0.00876170628313727	0.0114805160353639	0.0188725809991307	0.0188725809991307
YER086W_mRNA	0.0411669888303306	0.0812462320208353	-0.132033615224311	0.0646639031428951	7.66709284554273	0.0157451903059985	0.000482207432983338	0.0114068177379575	0.0162434740457116	0.0162434740457116
YGR125W_mRNA	0.0412550278606139	0.0813924118916141	0.127076683967963	0.0622632607793654	6.50215133891647	0.010016945034903	0.00162936185099442	0.00448922679831774	0.0138774927205226	0.0138774927205226
YLR122C_mRNA	0.0414837498783023	0.081815953551452	0.328368707313999	0.161070677924612	3.13525777467801	0.0651590338515142	0.0484531627344071	-0.00944734302008943	0.0553218904139691	0.0553218904139691
YPL274W_mRNA	0.0415057683777886	0.0818316773499141	0.126429615030511	0.0620226754959874	6.55287666144829	0.0159732399167536	0.00143349415754244	0.0111137064513327	0.0139537549451798	0.0139537549451798
YOR158W_mRNA	0.0415555200521454	0.0819020500080511	-0.171845766295929	0.0843230995944153	5.98762962463928	0.0344203624391388	0.00249659197829491	0.0259449485225439	0.013453536625601	0.0259449485225439
YJL098W_mRNA	0.0416318813216479	0.0820248023604736	-0.260451214262732	0.1278488172244	5.78294402318201	0.0791118175814461	0.00301681112877445	0.0623644691339374	0.0135039709883098	0.0623644691339374
YHR093W_mRNA	0.0418116069416584	0.0823510554571	0.662663468357908	0.325570696279432	1.82362865067405	0.361392118018417	0.267362185024771	-0.00562002208964751	0.156622928078726	0.156622928078726
YGR029W_mRNA	0.041855687036012	0.0824100144210225	0.186823281902633	0.0918072108620723	5.86979469103805	0.0407740891169848	0.00288669624829002	0.030827559616802	0.0134859583849054	0.030827559616802
YIL128W_mRNA	0.0421282734699634	0.0829186896067591	-0.12746233458737	0.0627197859608374	6.09864700236344	0.0157467544172161	0.00225058726944464	0.00997903625229751	0.0134844989344484	0.0134844989344484
YAL022C_mRNA	0.0421762227481521	0.0829850299664756	0.15572048537369	0.0766425030237653	6.79871138602074	0.0283962387577299	0.00115427029826553	0.022342022780726	0.0142978666829511	0.022342022780726
YNL013C_mRNA	0.0422447747814964	0.0830918493845368	0.509457752286167	0.250828399696461	2.2812177673848	0.304094828449201	0.140970669192322	0.110688875184829	0.107289965791483	0.110688875184829
YLR188W_mRNA	0.0423067744150696	0.0831857130415779	0.125743886017611	0.0619278582339026	6.49226270179161	0.0105105136387787	0.00147721701727189	0.00526646906118804	0.0138630214844815	0.0138630214844815
YJL020C_mRNA	0.0423705386380402	0.0832829818168766	0.241939690727162	0.119190198914489	7.5502812582772	0.06864615018427	0.000596558189820489	0.0562286558792817	0.0159361725058877	0.0562286558792817
YDR188W_mRNA	0.0424762290309565	0.0834625667232218	-0.135399814866064	0.0667380812059778	8.13699094273984	0.0215006149686992	0.000313419318393719	0.0174849224721371	0.017502466613829	0.017502466613829
YMR027W_mRNA	0.0425424398853877	0.0835644823911897	0.126702837505333	0.062471368476223	7.03769351196021	0.0110708224885342	0.000908867802606181	0.00636598228313688	0.0147018197145619	0.0147018197145619
YGL090W_mRNA	0.04266228762423	0.0837434257745162	0.155882975349957	0.0769032468250962	5.04295599922199	0.0275797583450177	0.00682668944291064	0.015780336782764	0.016829748046056	0.016829748046056
YOR135C_mRNA	0.0426599834834541	0.0837434257745162	-0.264244736063938	0.130360946970068	4.15859320934602	0.0820642537244166	0.0163711275898451	0.0516047783898868	0.0278893406803174	0.0516047783898868
YML105C_mRNA	0.0428627576792358	0.0841085975881536	-0.126386324465157	0.0624116170129021	6.21058150800147	0.0152249098680203	0.00200223043394589	0.00974631499270096	0.0135786093187148	0.0135786093187148
YAR002W_mRNA	0.0429772371246565	0.0843048429253362	-0.126310952248819	0.0624087201448815	6.45013103383391	0.0169045117375456	0.00177559124531608	0.0117779694283389	0.0138038021551725	0.0138038021551725
YMR077C_mRNA	0.0431537106715177	0.0846225238546826	0.165512538420614	0.0818469816139455	4.87230155928771	0.0233594905379962	0.00832727303709953	0.00887378100377205	0.0184684405601546	0.0184684405601546
YDR511W_mRNA	0.0431811189582788	0.0846477789538804	0.194747330572868	0.0963164069278665	4.50418252974219	0.0447473136464478	0.010236253966523	0.0268711470074545	0.0228815646878405	0.0268711470074545
YGR106C_mRNA	0.0432616522182882	0.0847771227123266	-0.127807760016009	0.0632343858059613	7.30665960893375	0.0127500510132283	0.000689793349761472	0.00830388315860889	0.0153045568432672	0.0153045568432672
YJL080C_mRNA	0.0439308814982368	0.0860306943222614	-0.135243644737812	0.0671267723877413	8.22804537925596	0.00879121782470132	0.000274257890384809	0.00391894879551875	0.0177497563943977	0.0177497563943977
YKL140W_mRNA	0.0439247754051863	0.0860306943222614	0.125321782695907	0.0622003613292036	6.61624873420593	0.00876043066220266	0.0014257298027464	0.00347314613016213	0.0140498099951876	0.0140498099951876
YJR057W_mRNA	0.0441090137208952	0.086350508715704	0.147101703725093	0.073073920940238	5.22177219963973	0.0219695992791086	0.00587502856453717	0.0114812817377006	0.0154841631217834	0.0154841631217834
YDR006C_mRNA	0.0442046667592216	0.0865086961838176	0.125132433510558	0.0621885802944502	6.75446526546385	0.0121884098377448	0.00123294599689385	0.00735231428175433	0.0142367320792633	0.0142367320792633
YDR475C_mRNA	0.0442352550687493	0.0865394882573987	0.125149876326836	0.0622062199016641	6.81808941321121	0.016877152642943	0.00115246525632696	0.0124552007055056	0.0143259899214898	0.0143259899214898
YPL053C_mRNA	0.044269394984685	0.0865772054987495	0.125497134069638	0.0623888627669476	6.69235086047159	0.00970072256552986	0.0014123158285491	0.0044814495888921	0.014157164960863	0.014157164960863
YDR096W_mRNA	0.0445033146118103	0.0870054734659084	0.161457206380258	0.080354192986628	7.26630686752237	0.0310569541652184	0.000741300312145609	0.0250858850099834	0.0152041328231969	0.0250858850099834
YGL110C_mRNA	0.0445984856015823	0.0871622868550213	0.137462193738199	0.0684428898500909	6.09263242431409	0.0225274301604698	0.00251420448466072	0.016223512199466	0.0134805845819167	0.016223512199466
YNL322C_mRNA	0.0446215441864441	0.0871781074548033	0.213899747788084	0.106512920816059	7.48214317614169	0.054555502483883	0.000564469630023581	0.044815539573049	0.0157581593000399	0.044815539573049
YNL049C_mRNA	0.0447044964340731	0.0873108938065403	-0.124699468511674	0.062119136624523	6.30653131093557	0.0108797170503029	0.00178094086266132	0.0054330538492078	0.0136542076772433	0.0136542076772433
YJR080C_mRNA	0.0447303110854562	0.0873320349811889	0.126185359440029	0.0628669315324435	6.10967493954954	0.0128814814903915	0.00231686101806233	0.00693537059678301	0.0134921433031574	0.0134921433031574
YGR149W_mRNA	0.0448588984992945	0.0875537496337988	-0.183911889542701	0.0916820374389661	5.63034494656636	0.0404005138561617	0.00353498024930916	0.0300874037065308	0.0136986214203347	0.0300874037065308
YLL033W_mRNA	0.045004081003748	0.0878076945505144	-0.279982554490651	0.139668899360854	3.47078373881964	0.082828450137606	0.0344983418241409	0.031849217374977	0.0435312639705486	0.0435312639705486
YJL191W_mRNA	0.0450736143991646	0.0879139194809283	-0.243342092263064	0.121430200029073	6.44544834423129	0.070839862019833	0.00171005021766194	0.0572711236987403	0.0137975182557439	0.0572711236987403
YLR198C_mRNA	0.0451860848159469	0.0880743158707616	-0.356417779586749	0.177949256941376	5.1726990323018	0.152095137666501	0.00700268114065299	0.119661071043298	0.0158130818769058	0.119661071043298
YPL070W_mRNA	0.0451722041916242	0.0880743158707616	0.124362588131838	0.0620866934894251	6.62825916947387	0.0154905551306958	0.00135143217123787	0.0108267188039793	0.0140675978625614	0.0140675978625614
YGL130W_mRNA	0.0452149974799452	0.0881011957585822	0.125921490628849	0.0628774702506375	6.0849905028325	0.00510167250907534	0.00233841218085808	-0.00140268357890343	0.0134758928796211	0.0134758928796211
YHL043W_mRNA	0.0452620490893167	0.0881633894999529	0.229910682825774	0.114828401796777	3.94249662244529	0.0442556936718619	0.0208975547031835	0.0114167107802649	0.0318446927336247	0.0318446927336247
YJR059W_mRNA	0.0453685824657924	0.0883302509996385	-0.176054204095881	0.0879733957696897	7.37115019433326	0.0371588106307575	0.000636392962511146	0.0303208804904907	0.0154702733294861	0.0303208804904907
YNL329C_mRNA	0.045378036601771	0.0883302509996385	-0.125694823808219	0.0628118225057735	6.20837683798563	0.0122378417928325	0.00220469010739711	0.00639322931858652	0.0135766100785901	0.0135766100785901
YER099C_mRNA	0.0454679864938072	0.0884757813336409	-0.153789912742173	0.0768834621307701	6.35646302458588	0.0283750058000627	0.00179835731385897	0.0218459096829952	0.0136943304375611	0.0218459096829952
YOR018W_mRNA	0.0456376554083716	0.088755469979127	0.123746879768269	0.0619127774262729	6.65850355907956	0.0180407389333514	0.00122158100169227	0.0137325563547893	0.0141111870328486	0.0141111870328486
YOR169C_mRNA	0.0456421881320742	0.088755469979127	-0.287239553143737	0.143714096786813	5.5987191198922	0.0991090516009882	0.00486934232706267	0.0777456241339351	0.0137854498760231	0.0777456241339351
YFL013C_mRNA	0.0457501451165924	0.0889060525181011	0.164733484370702	0.0824619348231949	6.48220727983513	0.03262312282664	0.00212434439608398	0.0250755383830554	0.013848501029704	0.0250755383830554
YPL105C_mRNA	0.0457360804149149	0.0889060525181011	-0.126178938410403	0.0631582832485757	7.30360462265831	0.0145664960439008	0.000659044603127689	0.0103990227300872	0.0152968303685016	0.0152968303685016
YKL047W_mRNA	0.0459726886947042	0.0893087310221229	-0.135430394008554	0.0678630032807194	5.47096570395385	0.0201032591524479	0.00420378883881346	0.012095019789863	0.0142177600183022	0.0142177600183022
YER107C_mRNA	0.0461674366497321	0.0896571619737797	-0.123874268080036	0.0621278894792701	6.55568457332168	0.0101465731260102	0.00148146517883066	0.00500562480121887	0.0139580334257629	0.0139580334257629
YKR044W_mRNA	0.0462003148774389	0.089691114453835	0.125059881390296	0.0627319819811029	6.14089950333737	0.0187188573623057	0.00222468987937894	0.0133626647421329	0.0135165163737307	0.0135165163737307
YKR062W_mRNA	0.0462573470621065	0.0897719200479122	0.126499463457029	0.0634706908497872	6.07492927648902	0.011128188775495	0.00264388115538483	0.00470714560266942	0.0134702332324122	0.0134702332324122
YJL096W_mRNA	0.0462824617038543	0.0897907498790061	-0.167212429048874	0.0839079422321855	5.00114621123015	0.0337406920542351	0.00704426357555124	0.0211179075030079	0.0172010673998673	0.0211179075030079
YJL003W_mRNA	0.0463280932037738	0.0898493578579181	0.258986542988631	0.129987762003209	3.64924164722534	0.0776207364205231	0.029048344658393	0.0349527216638241	0.0385389284240184	0.0385389284240184
YJR062C_mRNA	0.046426998689629	0.0900112127673139	0.126658757767939	0.0635999838323016	5.95789817507187	0.0157862494917916	0.00271505399245169	0.00961523020037719	0.0134647777814244	0.0134647777814244
YNL162W_mRNA	0.046475521801821	0.090061692272591	-0.279228537182262	0.140241934951245	7.31223638878351	0.0942180747842973	0.000800722527137063	0.0778704787483397	0.0153187135458736	0.0778704787483397
YOR220W_mRNA	0.0464839527400757	0.090061692272591	0.126150961233316	0.063361490674408	6.67182263024916	0.0192318837404942	0.0013769265598591	0.0146817874420733	0.0141296880175217	0.0146817874420733
YDR145W_mRNA	0.0467258492383434	0.090476487816631	0.124082260520408	0.0623912462817712	6.99688002467144	0.0153363045463129	0.000946619609105633	0.0110861617259855	0.0146240508412649	0.0146240508412649
YHR094C_mRNA	0.0467291026159016	0.090476487816631	-0.234919512108224	0.118124365250362	7.87358983563918	0.0668091457307682	0.000410016160348997	0.055403446502855	0.0167926785515168	0.055403446502855
YBR037C_mRNA	0.0469445627271603	0.0908126478505744	0.127650349605593	0.064249219096517	5.83925343460194	0.0190888290148083	0.00302210834983178	0.01277460509334	0.0134897402682172	0.0134897402682172
YDR201W_mRNA	0.0469425806551118	0.0908126478505744	0.155530034952864	0.0782809714135295	4.96844604463999	0.0268915077670489	0.00700609759977189	0.014894920215655	0.0175055443420114	0.0175055443420114
YNL190W_mRNA	0.0469494842646636	0.0908126478505744	-0.134496952231092	0.0676967768526451	7.16217327445585	0.0219331681351382	0.000767764403349181	0.0175636499815981	0.0149612922446106	0.0175636499815981
YGR132C_mRNA	0.047005001184373	0.0908898562562751	-0.12390467860848	0.0623810487358103	6.98775541631415	0.0162563559841237	0.000958423017533781	0.0120727099994357	0.0146071579479844	0.0146071579479844
YBR111W-A_mRNA	0.0470533648054422	0.0909531862496702	0.367507781564292	0.185066051247736	3.13376227862899	0.163881113613953	0.0534461749387629	0.0835515983589558	0.0553826428223825	0.0835515983589558
YPL136W_mRNA	0.0470860437667336	0.0909861661641757	-0.772779664848213	0.389206631844931	1.60310354810383	0.668318169712255	0.417190443438604	0.128239478280836	0.188736765649698	0.188736765649698
YAL024C_mRNA	0.0473203753436549	0.0914086560849249	0.154186534992422	0.0777376570903351	5.39590084744113	0.0289006651177314	0.00491742477039336	0.0192551485491847	0.014535087521122	0.0192551485491847
YDR490C_mRNA	0.0474268938750364	0.0915840516128478	0.124409890168314	0.0627550582880984	6.24129663238587	0.0108336479707642	0.00214698357915799	0.00503826188332021	0.0136058057838125	0.0136058057838125
YLR418C_mRNA	0.0478542788769445	0.0923787371560897	-0.126483871079381	0.0639239987896138	5.91084929071752	0.00784770040191347	0.00286517670573917	0.000972168112532223	0.013479933779279	0.013479933779279
YFR052W_mRNA	0.0483509728987913	0.0932915558045237	0.122460814542404	0.0620283812995197	6.88500851175577	0.0158038064003912	0.000960670893323114	0.0116872213646992	0.0144294094532313	0.0144294094532313
YPL143W_mRNA	0.0483591655560696	0.0932915558045237	-0.255159104006425	0.129246928085506	7.63441952245702	0.079726113661579	0.000504681244256898	0.066314392433903	0.0161572577015336	0.066314392433903
YER179W_mRNA	0.0483970788459988	0.0933337905848358	0.185740808829422	0.0941000499487684	4.92941157716636	0.0422578985785754	0.00801668038365139	0.0274025972177915	0.0178846045976821	0.0274025972177915
YBL090W_mRNA	0.048427421490117	0.0933614022506359	-0.179705267885161	0.0910546261171342	4.8881824899091	0.0395645899808834	0.00798370272737335	0.025180077021951	0.0183027088585513	0.025180077021951
YGL223C_mRNA	0.0484495664088024	0.0933731967905004	0.128310416872365	0.0650198463943032	5.72786401998877	0.0116317052103829	0.00337099785558795	0.00438766827611948	0.0135393238449672	0.0135393238449672
YPR185W_mRNA	0.0485964329075339	0.0936252705420941	0.212311243411415	0.107656601669416	6.30503263178073	0.0552894075842674	0.00192439003124756	0.0444353855007815	0.0136532473087836	0.0444353855007815
YOR131C_mRNA	0.0486752233111395	0.0937460664498177	0.125823089376162	0.063823404682068	5.92284496425405	0.0175362236729936	0.00281648760350312	0.0114490520975152	0.0134772203373409	0.0134772203373409
YKR105C_mRNA	0.048907759452841	0.0941627913325353	0.171270729137809	0.0869661681371487	4.67780257758479	0.0208872519783734	0.0095674918203702	0.00443066025377367	0.0206849657814651	0.0206849657814651
YJL207C_mRNA	0.049108816500007	0.0945186537591809	-0.149675473029576	0.0760683045208031	6.19021114360456	0.0275765772170672	0.00224302339613702	0.0209025244145415	0.0135600633233214	0.0209025244145415
YGL193C_mRNA	0.0491675357517614	0.0946004172026956	0.348685310183529	0.177255315847378	2.96634898138372	0.103981772808345	0.0629588764086905	0.013712610018027	0.062718911575925	0.062718911575925
YOR103C_mRNA	0.0496845916077806	0.0955636945219312	0.147242874932343	0.0750217376967848	5.09685633882544	0.0210921476581334	0.00613114862869421	0.0102731626569225	0.0163818958794865	0.0163818958794865
YML067C_mRNA	0.0497160053967893	0.0955925569114502	0.121424225731864	0.0618753895020349	6.55630290908785	0.0140070801791506	0.00135527941410017	0.00943978003653751	0.0139589758900139	0.0139589758900139
YPR178W_mRNA	0.0497883929478448	0.0957001574774475	0.126292429660732	0.0643765304147913	5.90607916825733	0.010523128805116	0.00309649851759575	0.00362120297656821	0.0134808521553904	0.0134808521553904
YLL013C_mRNA	0.0499656174772988	0.0960091317357331	-0.21709499177118	0.110748160778482	5.52150671719654	0.0583579752196161	0.00479233286521244	0.0442682875980538	0.0140313751675146	0.0442682875980538
YDR231C_mRNA	0.0500044756509083	0.096052118411537	0.160652300572658	0.0819685668959672	5.37824180255338	0.0319661346946636	0.00494584998862234	0.0219295338472923	0.0146172239983739	0.0219295338472923
YDR529C_mRNA	0.0500644539954291	0.0961356324908931	0.159664456129014	0.081485866563919	5.58695774369787	0.0315871970257049	0.0039006354894001	0.0226591503092912	0.0138200296037232	0.0226591503092912
YBR275C_mRNA	0.050117691067879	0.096206150959296	0.152737936137796	0.0779689643304657	6.22287193632904	0.0289165623248932	0.00203693628757074	0.022279701307491	0.0135896678090733	0.022279701307491
YNL310C_mRNA	0.0501851237394168	0.0963038639347307	0.208276601114294	0.106351328362575	5.32062288898524	0.0537940301852008	0.00544170898675738	0.0398007111911798	0.0149064008658366	0.0398007111911798
YOR136W_mRNA	0.0503959945197908	0.0966766756905833	-0.127904357277375	0.0653711434352969	7.82132034418477	0.0149314211495038	0.000440551478284256	0.0108832498646017	0.0166529940978684	0.0166529940978684
YNL159C_mRNA	0.050421567747088	0.0966938952253241	0.13057661564432	0.0667443309241243	5.82884954685308	0.0211780086667335	0.00322451222708725	0.0145947106149488	0.0134913847016528	0.0145947106149488
YOL054W_mRNA	0.0504853463269159	0.0967843460679868	0.153306814549685	0.0783845849590556	5.76251190184334	0.0292055956309918	0.00345515594862018	0.0211214166881935	0.0135138400579357	0.0211214166881935
YGL227W_mRNA	0.0507212620798787	0.097204629235978	0.166485728874147	0.0852099125592619	6.75842120213256	0.034498055118868	0.00121923989967047	0.0278236768937577	0.0142420233702465	0.0278236768937577
YNR070W_mRNA	0.0509779967223903	0.0976645211787721	-0.165784842075701	0.0849453397337576	5.44248967917613	0.0342678838018224	0.00456122073529004	0.024301622234644	0.0143322429796958	0.024301622234644
YLR082C_mRNA	0.0512950197495187	0.0982072905227394	0.148855917550344	0.0763754020283744	5.07068713271941	0.0223165735526689	0.00673789234128779	0.0108418409823561	0.0165949157986955	0.0165949157986955
YNL101W_mRNA	0.051290170226169	0.0982072905227394	0.141470771450249	0.0725846986306497	6.24073475316216	0.025006271421056	0.0020112518065731	0.0190629020946358	0.0136053241175437	0.0190629020946358
YNL242W_mRNA	0.0513243763716418	0.0982312144353434	0.156087208185912	0.0800957523505621	6.29716037129174	0.0304474213823222	0.0019953505029619	0.0236659676754484	0.0136483267344938	0.0236659676754484
YMR318C_mRNA	0.0513958796448877	0.098335761842731	-0.136239321530463	0.0699323236349657	7.93887617517851	0.0232076189805011	0.000347162452145363	0.019214957103797	0.0169677317700314	0.019214957103797
YMR078C_mRNA	0.0516221718635469	0.098736301141505	0.127970820373377	0.0657517928360963	5.6705050770173	0.0145486934700371	0.0036789428573993	0.00722993418420182	0.0136142501872444	0.0136142501872444
YBR072W_mRNA	0.0517138754072715	0.0988467972843714	0.38417797129487	0.197469238758639	4.19948179637978	0.184936031256286	0.0167252092969857	0.13925119172668	0.0272198790809082	0.13925119172668
YHR024C_mRNA	0.0517125129040906	0.0988467972843714	-0.120740589140501	0.0620608549473649	6.62533531631866	0.0100927987382956	0.00134291034600755	0.00530557691188192	0.0140632885211839	0.0140632885211839
YER168C_mRNA	0.0517871151179104	0.0988570552676756	-0.125338592639577	0.0644447767038367	5.80993232785207	0.0183319240641275	0.00311720995425239	0.0120356335987786	0.0134953070233771	0.0134953070233771
YJR115W_mRNA	0.0517632412498717	0.0988570552676756	-0.21837692244263	0.112270423042469	6.37131253833807	0.0597742801913081	0.00177025464098778	0.0486483369195525	0.0137090338898471	0.0486483369195525
YOR033C_mRNA	0.0517737116438896	0.0988570552676756	0.122269008162343	0.0628629031178311	6.21596059174508	0.0110801781015821	0.00222350854384973	0.00537676503441596	0.0135834698097576	0.0135834698097576
YOR387C_mRNA	0.0517570462308057	0.0988570552676756	0.256173185171325	0.131698488564542	3.63530926489341	0.0519250806391385	0.0304766371070666	0.00640746334891828	0.0389013304536722	0.0389013304536722
YMR044W_mRNA	0.0518361966779994	0.0989183366675482	0.143294587561939	0.0736925719397449	6.35059678956179	0.025749778947165	0.00192340528133091	0.019798975355047	0.0136888490569817	0.019798975355047
YBR130C_mRNA	0.0519096609123755	0.0990260918387359	-0.138613276127403	0.0713074473946684	6.19268986828535	0.024106711753061	0.00227752409529862	0.018061484120475	0.0135623227741489	0.018061484120475
YMR306C-A_mRNA	0.0519485676558206	0.09906787403038	0.759158383416727	0.390602036656866	1.55646472058799	0.412206358370426	0.413892543204388	-0.136906145268045	0.196387260957579	0.196387260957579
YNL206C_mRNA	0.0519906502024034	0.0991156832719902	0.120866411457628	0.062199319315672	6.34118205104856	0.0129116308022304	0.00179456347307921	0.0078654154096978	0.0136804578202525	0.0136804578202525
YDR350C_mRNA	0.0520522255521788	0.0992006104242702	0.122359125808107	0.0629840049728652	6.17418862007148	0.0188025450726483	0.00226276445050178	0.0136051750791858	0.0135455346784807	0.0136051750791858
YIR015W_mRNA	0.0521938779885346	0.0994380422371492	0.221878268969229	0.114280042571292	3.95203520283595	0.0615889029957011	0.0205855396026243	0.0313368661096892	0.0316541729177609	0.0316541729177609
YPL037C_mRNA	0.0522636509510481	0.0995384211967329	-0.183069499806897	0.0943192571579364	8.17749425005616	0.0421493742802924	0.000288840214751818	0.0352956488685479	0.0176123626869484	0.0352956488685479
YAL012W_mRNA	0.0523721840498918	0.0997125308087155	0.154677636555042	0.0797282021491112	8.40686134877083	0.030111300880338	0.00022715609133935	0.0251991887803788	0.0182375334503575	0.0251991887803788
YGR261C_mRNA	0.0524387874429713	0.099806721869569	-0.120570516324622	0.0621653256301789	6.66385251546533	0.012645448761603	0.00133943573185667	0.00805575953935053	0.014118675110968	0.014118675110968
YGR023W_mRNA	0.0524831368574304	0.0998585092525765	0.25398114635639	0.130975536689311	6.40357304965945	0.0812455199091335	0.00193202520365326	0.0666863396405595	0.013744723810814	0.0666863396405595
YPR122W_mRNA	0.0525357320894268	0.0998933339272195	-0.139060700786159	0.0717281874589831	6.26733932517532	0.0243645170051339	0.00196379989957059	0.0186159316050335	0.013627134398481	0.0186159316050335
YPR175W_mRNA	0.0525286110013776	0.0998933339272195	0.167285981786117	0.0862843235136515	5.19726727064237	0.035257168661617	0.00613844949127248	0.0236414884455614	0.015644694079619	0.0236414884455614
YMR020W_mRNA	0.0526322452445418	0.100044196017847	0.125838170018736	0.0649344540269277	6.3179830930936	0.0199642697361379	0.00189991187506828	0.0149660214040325	0.0136620398260734	0.0149660214040325
YFL067W_mRNA	0.0527618820431513	0.100257901103522	0.76074484533271	0.392771285194646	4.72346114783342	0.730267379820973	0.174510833933128	0.442566295960689	0.0201366007696822	0.442566295960689
YKL135C_mRNA	0.0528329912383265	0.100360289192856	0.120695737844749	0.0623337126143214	6.76102066830061	0.0123355769923255	0.00129644792364406	0.00775810995845083	0.0142455189894952	0.0142455189894952
YLR201C_mRNA	0.0528525183349428	0.100364658350514	0.128446890166212	0.0663422857030809	5.60051859355072	0.0170415826510237	0.00382494801017172	0.00972000380353346	0.0137802474790651	0.0137802474790651
YOL050C_mRNA	0.0529014143508049	0.100424776802799	0.487273774809514	0.251726780952223	2.37388445890211	0.299883984825885	0.134223267776402	0.119242221217872	0.0995467068738944	0.119242221217872
YFR043C_mRNA	0.0530557077987576	0.100684870891063	0.165750782237227	0.0856829104905537	4.72953282749665	0.0294062420180593	0.00930139940230423	0.0143557679564014	0.0200648451982247	0.0200648451982247
YDR469W_mRNA	0.0532787734051697	0.101075263386037	0.132117571166924	0.0683606774761226	5.45219453126291	0.0202940053042064	0.00440029248000567	0.0123561267427733	0.0142924364199722	0.0142924364199722
YNL010W_mRNA	0.0534247192871516	0.101319145366844	-0.120864265302542	0.0625762478860951	7.08923192076412	0.0158933309947645	0.000857967675033757	0.0119968382116073	0.0148051795229743	0.0148051795229743
YOL064C_mRNA	0.0535145910406598	0.101456559519324	0.120022413195652	0.0621637819679324	6.72376345173933	0.0159071279116739	0.00126050862321652	0.0116670199480604	0.01419683453101	0.01419683453101
YML041C_mRNA	0.053584940342515	0.10155688433165	0.151883393321956	0.0786888520490066	4.94674975676428	0.0125660731505812	0.00705356531062012	-0.000180934125566594	0.0177141764365417	0.0177141764365417
YMR058W_mRNA	0.053614284494493	0.101579454134932	0.196575578157458	0.101855802789978	8.33808394459609	0.0490363791455496	0.000247708287421785	0.0412507099605418	0.0180496311080425	0.0412507099605418
YNL320W_mRNA	0.0536928656639852	0.101695265070994	0.126776313186935	0.0657108321713255	5.63829381093915	0.0114707322730548	0.00359216377134944	0.00410583978256021	0.013679490087243	0.013679490087243
YLL025W_mRNA	0.0537592676012174	0.101787940541012	0.383075268907256	0.198611043542573	2.75840462378617	0.173673549578139	0.0842935432621907	0.0598576422434253	0.0734918432060888	0.0734918432060888
YIL159W_mRNA	0.0539225582731145	0.102039285638354	0.223057603719026	0.115726301645498	5.06590914675726	0.0632668722860001	0.0071066951723786	0.0464636123978004	0.0166347142238877	0.0464636123978004
YMR074C_mRNA	0.0539270443667169	0.102039285638354	0.121492896957295	0.0630338810095032	6.07051762657245	0.0178644776790875	0.00242513136644424	0.0124980878579849	0.0134679492540366	0.0134679492540366
YER173W_mRNA	0.0540566771770736	0.102251364036893	0.131473869060929	0.0682491116715402	5.49030813898066	0.0129075574994288	0.00448782309378397	0.00440302329964681	0.0141439418820335	0.0141439418820335
YGR014W_mRNA	0.0541074741719833	0.102314230615376	-0.183721236021269	0.0953912795913005	6.93524070063425	0.0429723839130939	0.000914077141123781	0.0354839077471389	0.0145134450857797	0.0354839077471389
YPL173W_mRNA	0.0541482993187328	0.102358206304652	-0.1206150952857	0.0626360967512541	6.12836709512672	0.0131812488323633	0.00218681274151463	0.00777938209008082	0.0135063097234152	0.0135063097234152
YGL159W_mRNA	0.0541957737521202	0.102414718741438	-0.13580496453791	0.0705381940766408	5.32904204235655	0.0182441648192467	0.00504048321792489	0.00923741097608421	0.0148620640764505	0.0148620640764505
YMR025W_mRNA	0.0542832881886652	0.102546834301934	0.234026836036851	0.121599601688846	3.77117205142382	0.053703595511139	0.0235980171842309	0.0182933894390126	0.0355478353393129	0.0355478353393129
YFL038C_mRNA	0.0544010244681449	0.102735937942111	0.196920877242456	0.102369434476542	8.17217179224644	0.0494642260012252	0.000300033966061805	0.0416179704941259	0.017597911593462	0.0416179704941259
YDR523C_mRNA	0.0544510353011115	0.102763761472068	-0.487690167904125	0.253578559689494	3.67731890238655	0.303485574119767	0.0341841990897898	0.223024144647002	0.0378218131738748	0.223024144647002
YJL206C_mRNA	0.0544447575017923	0.102763761472068	0.139061849856214	0.0723044854030963	5.24350117286967	0.0167239350680708	0.00556398494318467	0.00682931746248203	0.0153477694944416	0.0153477694944416
YBR055C_mRNA	0.0546546442952211	0.103081242364506	0.155158754593447	0.0807440755928223	5.94304140504473	0.030759658542331	0.00287028079990569	0.0232081421734519	0.0134710081245533	0.0232081421734519
YLR006C_mRNA	0.0546467078789585	0.103081242364506	0.119897421881656	0.0623921543408068	6.69982267821189	0.00980464453677183	0.00140431040755354	0.0049934110893112	0.0141668132855947	0.0141668132855947
YLR165C_mRNA	0.0547666341272912	0.103259032500194	0.158304717632335	0.0824193362865892	4.84317948329519	0.0213990853641448	0.00839291036533486	0.00737457148920501	0.0187788776103527	0.0187788776103527
YDL194W_mRNA	0.0548291032481725	0.103309946805903	0.120239047380361	0.0626170672740917	6.14131778670145	0.011865477405615	0.0021667231023186	0.00641559454228705	0.0135168653537139	0.0135168653537139
YPL122C_mRNA	0.054819960311339	0.103309946805903	-0.142661318784596	0.0742911450227303	5.57022987695288	0.0260321842881058	0.00406583234589958	0.0180108645692538	0.0138709574766521	0.0180108645692538
YGR282C_mRNA	0.0549125625189627	0.10343375015696	0.134992581174295	0.0703244802468901	8.92185050192947	0.0159307985606954	0.000132746081055401	0.0117293960990901	0.0196493840069255	0.0196493840069255
YGL125W_mRNA	0.0549412041644057	0.1034542519269	0.295105896044088	0.15375376772861	6.19204888467724	0.111480156040104	0.00234460541314987	0.0922162789498235	0.0135617383739804	0.0922162789498235
YOR147W_mRNA	0.055248475722001	0.103999230874436	0.124309575276538	0.0648486995672894	5.78597614149898	0.0165012062135887	0.00331864170217297	0.00994611623940541	0.0135027736401013	0.0135027736401013
YIL035C_mRNA	0.055307980656723	0.104077614762942	-0.11934773739455	0.0622754600604272	6.49530347970922	0.0165775469308613	0.00164547931674381	0.0120464974174081	0.0138674523862076	0.0138674523862076
YGR114C_mRNA	0.0553502369443398	0.104123500302784	-0.359428687053863	0.187581830482927	2.84109364583611	0.125816495187778	0.071780281189045	0.0261119690614992	0.0689674913202568	0.0689674913202568
YBR151W_mRNA	0.0554215102801372	0.104223924755352	-0.11909975692662	0.0621750009976407	6.90190637189498	0.0103335065166056	0.00100585662741414	0.00601297118324046	0.0144570663688124	0.0144570663688124
YDR090C_mRNA	0.0554799288979948	0.104300118025078	0.125089374230107	0.0653174585842428	5.71191546438186	0.00870847533755039	0.00350990673005948	0.00134993069009311	0.0135555748535576	0.0135555748535576
YLL049W_mRNA	0.0556240766775295	0.104537377652673	-0.154039013375137	0.0804814435646793	4.86961763318248	0.0302623021232521	0.00741235039021413	0.0182321111299601	0.0184967006428045	0.0184967006428045
YGL020C_mRNA	0.0556611448959342	0.104573308662919	0.118860443062766	0.062110951786095	6.615961598482	0.0120527494831217	0.0013816992276417	0.0074954452399667	0.0140493820994568	0.0140493820994568
YPR173C_mRNA	0.0557151110076628	0.104640953169131	0.12067831255554	0.0630747926634638	7.26160191047519	0.00883821932282881	0.00072106406416999	0.00458752660421728	0.0151926538139858	0.0151926538139858
YKR043C_mRNA	0.0557555294591687	0.104683117830847	-0.135612289113894	0.0708920174384471	7.59736740531355	0.0236667164985636	0.000535663832144482	0.0195670487138279	0.0160597294877918	0.0195670487138279
YJR113C_mRNA	0.0558357419897783	0.104797472278929	0.184129026447524	0.096285905102307	6.43886042362373	0.0436525748479199	0.00164497475583753	0.0354389273296444	0.0137887958007873	0.0354389273296444
YPL030W_mRNA	0.0558524118479361	0.104797472278929	-0.212255459120272	0.111001503157172	5.50148358631027	0.0580136138054612	0.00450629736448607	0.0447790374481203	0.0141027099134862	0.0447790374481203
YIL065C_mRNA	0.0561532168645257	0.105327959257156	0.178501560300711	0.0934639155946163	5.55083544067709	0.0411092950095131	0.00418904513617398	0.0307529689369363	0.0139326240082604	0.0307529689369363
YKR011C_mRNA	0.0564014462314202	0.105759519067993	0.166194216446159	0.0871075002490982	6.02617418965103	0.0356929466600548	0.00273845665784942	0.0276124097407371	0.0134527845108247	0.0276124097407371
YCR094W_mRNA	0.0564951034948877	0.105870020408256	0.122566011178537	0.0642650035254176	5.78314324281398	0.0117971375258503	0.00301607234802546	0.00533159583075195	0.0135038903644623	0.0135038903644623
YGR100W_mRNA	0.0564967204684635	0.105870020408256	0.122568720019399	0.0642668447720966	6.74758259147279	0.0194256730252385	0.00126096523533003	0.015259944112513	0.0142276079358054	0.015259944112513
YLR375W_mRNA	0.0566110015152364	0.106050062645584	0.118888796725605	0.0623661836677652	6.94177043671754	0.0158207699282016	0.00103339183673343	0.0118789913758076	0.0145247716243923	0.0145247716243923
YER054C_mRNA	0.0566665074041611	0.106085820095322	0.246015347860997	0.129082667815979	5.6632721412772	0.0783456648560083	0.00381837226181764	0.0628309682601436	0.0136272746481407	0.0628309682601436
YLR394W_mRNA	0.0566573223858478	0.106085820095322	0.125316489621946	0.0657503127172851	5.64851442829868	0.0138782907093974	0.0036356969731931	0.00674697948082777	0.01365671751649	0.01365671751649
YOR245C_mRNA	0.0568670056405577	0.106426975541885	0.121009144808607	0.0635441548538851	5.97626597067281	0.0128482763816744	0.00269474076570211	0.00688749446400319	0.013456697698676	0.013456697698676
YGR263C_mRNA	0.0569219647316447	0.106495621877509	0.139523639965448	0.0732827038652298	5.20406396263399	0.0149485112743216	0.00588197555683187	0.00457233049159618	0.015599443186364	0.015599443186364
YBR066C_mRNA	0.0569515760976593	0.106516816162107	-0.287439333200631	0.150991232515117	5.18779946104537	0.107146213978907	0.00620431714473588	0.084989092041001	0.0157086720962899	0.084989092041001
YFR011C_mRNA	0.0570192308582524	0.106609126758722	0.149884776231264	0.0787556015395959	5.22644458231459	0.0291465794613298	0.00547109993045258	0.0193386791650018	0.0154543684777516	0.0193386791650018
YCL026C-A_mRNA	0.0571023781056246	0.106730335208011	0.387359578846095	0.203602741150406	2.65042714506372	0.127603035786643	0.0858901081023381	0.0079567321479721	0.079926196713498	0.079926196713498
YNR052C_mRNA	0.0571362732356875	0.106759438060011	-0.117752898301445	0.0619013554452989	6.6493606766099	0.0130934496238229	0.00122889012854962	0.00883816445172045	0.0140982210953113	0.0140982210953113
YKR086W_mRNA	0.0571794686508417	0.106805894312217	-0.119847817712539	0.0630135777298773	5.9720466052514	0.0184036874052103	0.00242460046827969	0.0131897790628862	0.0134582434449975	0.0134582434449975
YPR180W_mRNA	0.057212459410838	0.106833265553699	0.123209235195766	0.0647895368378656	5.75711465887678	0.0101652007407285	0.00327370848975389	0.00328028783601935	0.0135170278449067	0.0135170278449067
YKR065C_mRNA	0.0574430767651608	0.107229530674087	-0.119221360373604	0.062750590105035	6.11678399123759	0.016829269047626	0.00225318144419995	0.0117171117441614	0.0134973647899205	0.0134973647899205
YOL081W_mRNA	0.0576219587710576	0.107528998014152	-0.119035557678783	0.0626977132064482	7.06903192831079	0.0162303748877998	0.000960029746462881	0.012381239349923	0.0147639832188092	0.0147639832188092
YDR305C_mRNA	0.0578031713563382	0.107821395090774	0.135135101780763	0.0712291686853356	5.26506105399183	0.0125656487506622	0.0050765788154358	0.00316904606504594	0.0152177990709802	0.0152177990709802
YPL051W_mRNA	0.0578156605327116	0.107821395090774	0.135556177511698	0.0714546809953074	5.27386985850864	0.0165590615218976	0.00525688818944711	0.00723482708070508	0.0151661975551175	0.0151661975551175
YDR154C_mRNA	0.0582761789581652	0.108645445955287	-0.206532781338122	0.109068010492831	7.77402496942872	0.0557859793459631	0.000417248046844367	0.0471660756046131	0.0165269796993763	0.0471660756046131
YFL021W_mRNA	0.0584004175176386	0.108842236870685	0.197842061433388	0.104530108411177	6.03704243283569	0.0512301576465457	0.00282109038513449	0.0408850838726752	0.013455070665775	0.0408850838726752
YPL058C_mRNA	0.058522584025019	0.109035041423013	-0.177183447126311	0.0936604957396316	6.30321475287767	0.0411216033083392	0.00193474293229247	0.0331544109164817	0.013652102847697	0.0331544109164817
YLR053C_mRNA	0.0588175182615183	0.109549508117521	-0.694609933150781	0.367605061640038	2.00675743107765	0.633160452810399	0.124781184654666	0.415752740718838	0.134409851578739	0.415752740718838
YGR186W_mRNA	0.0588749755655694	0.109615359613038	0.127675071777026	0.0675842087940657	7.60789139400781	0.0213993807599326	0.000509340798515072	0.0177611603147644	0.0160874040246151	0.0177611603147644
YPR029C_mRNA	0.0588905038772413	0.109615359613038	-0.117507167956207	0.0622056923843728	6.81024458458798	0.0152068026317388	0.00116368675244652	0.0111841919183912	0.0143145059076303	0.0143145059076303
YML077W_mRNA	0.0589401298021315	0.109672691225557	-0.153005502682806	0.0810136027751217	4.86513755170015	0.0206146187680686	0.0077087822195251	0.00768954250305751	0.0185440331188957	0.0185440331188957
YDL145C_mRNA	0.0590621985713673	0.10982967407494	-0.146684955508088	0.0777044125861154	8.03822270934939	0.0282795030579614	0.000340748288295825	0.0238111546531172	0.017235260046535	0.0238111546531172
YGR143W_mRNA	0.0590621262475691	0.10982967407494	-0.149836765490493	0.0793740195432197	6.85534783363478	0.0295078255975777	0.00118838176597646	0.0240125581478132	0.0143823662928576	0.0240125581478132
YNL126W_mRNA	0.0593202387183645	0.110274317413271	-0.172498837748602	0.0914718968398577	4.97421116121819	0.0391720959427628	0.00774235398918663	0.0257260776567397	0.0174509864319369	0.0257260776567397
YDR199W_mRNA	0.0593920481147218	0.110372590850516	0.235619633315165	0.124978590075754	3.73881445544388	0.0577057717892609	0.0261675946787213	0.0197981289230375	0.0363109972305717	0.0363109972305717
YML099W-A_mRNA	0.0594406374670212	0.11042766386571	0.649802634604547	0.344737511151304	1.92208710299569	0.556282343004306	0.247955038887215	0.227420767491967	0.144224849756168	0.227420767491967
YDR457W_mRNA	0.0594901125236729	0.110458423607727	-0.119652664516947	0.063491245598142	7.38527472677104	0.013950035884257	0.000617792948780138	0.0102381711769223	0.0155067601216342	0.0155067601216342
YOR234C_mRNA	0.0594951138484464	0.110458423607727	-0.20320564609191	0.107829048552391	6.52110643860815	0.0544191964180335	0.00157635787857271	0.0449320569682829	0.013905669725714	0.0449320569682829
YOR298W_mRNA	0.0597185158356493	0.110837869786076	-0.263561620064298	0.139978949911408	4.5195895892403	0.0916752579805662	0.0119688436186223	0.0664075820545795	0.0226814210458708	0.0664075820545795
YKL038W_mRNA	0.0597850126519951	0.110925950226281	0.119094766255234	0.0632683270915114	6.71270269644498	0.0187263734215487	0.00131780482907448	0.0146937200227594	0.0141829685147033	0.0146937200227594
YDR219C_mRNA	0.0598207469704239	0.11095691558411	0.122689496708117	0.0651871228970565	5.72330123345672	0.0198783377292891	0.0034522818147168	0.013545162151667	0.0135436527476026	0.013545162151667
YOL065C_mRNA	0.0599046967372904	0.111077263905619	0.124521696194733	0.0661823369703846	5.621506059451	0.00917408448973887	0.00379899029618613	0.00160019942190175	0.01372141661126	0.01372141661126
YGL136C_mRNA	0.0599491031925193	0.111124236461857	0.148853275608825	0.0791281243197117	4.94658693505529	0.0267741185897245	0.00732927850588774	0.0150266206518237	0.0177157617275353	0.0177157617275353
YLR364W_mRNA	0.0600578848586725	0.111290469843075	0.389085633732314	0.206919894147415	2.59640934198735	0.104233803119103	0.0878772587908877	-0.0194517926995275	0.0833861115850215	0.0833861115850215
YGR259C_mRNA	0.0601265771681442	0.111382333412276	-1.16594304713495	0.620227246999907	2.37539366572268	1.798658378682	0.771645809029475	0.767081542654858	0.0994258634533783	0.767081542654858
YGR121C_mRNA	0.0603908091722227	0.111836253730887	0.159700084167192	0.08504051060657	6.09043459001104	0.0338001480272465	0.00249651778710796	0.0264310359897966	0.0134792020858416	0.0264310359897966
YGR013W_mRNA	0.0605203811498658	0.112010065160836	0.117632850409892	0.0626712287079295	6.20605535429002	0.00852723949438012	0.00213623027968432	0.00304652989413555	0.0135745013513621	0.0135745013513621
YNL077W_mRNA	0.0605231179413512	0.112010065160836	0.126792831253309	0.0675521083695407	5.96810024805721	0.02132331863723	0.00252898704534693	0.0157241623353337	0.0134598770729406	0.0157241623353337
YGR239C_mRNA	0.0605726896015677	0.112066208199026	0.171697876180979	0.0914940375647114	4.56385763756817	0.0373898673227371	0.011373865312593	0.0202638037660371	0.0221107703269782	0.0221107703269782
YEL053C_mRNA	0.060762648327261	0.112381964810991	-0.126527129247634	0.0674732670204	5.97447874622845	0.0212656264291558	0.00260928610406539	0.0156012809455594	0.0134573273408498	0.0156012809455594
YJL041W_mRNA	0.0608173948060446	0.112447522100925	-0.141353835200529	0.0753959220758708	6.92994924446209	0.0265505433720772	0.001034892648626	0.0217032876140571	0.0145043343945768	0.0217032876140571
YCR043C_mRNA	0.0609300301787922	0.112620036745445	-0.156800675102782	0.0836715236673381	4.79550455858378	0.0316373971134989	0.0086991814504287	0.0181733292532664	0.019304514040827	0.019304514040827
YJR103W_mRNA	0.0610954152089587	0.112889910880873	0.15480613855127	0.0826600725341908	7.15594936572375	0.0318993511499101	0.000852088224365412	0.0264786621410653	0.0149475219999988	0.0264786621410653
YMR164C_mRNA	0.0611688788533018	0.112989818706194	0.247191851309486	0.132027692769933	5.75417406171721	0.0813712465514496	0.00349003095239286	0.0662352156802143	0.0135188768619735	0.0662352156802143
YEL025C_mRNA	0.0613849994982593	0.113353092575867	0.116902157154398	0.0624907266008853	6.3351130687226	0.0155912319052029	0.00194504135745218	0.0108552458703077	0.0136753222869742	0.0136753222869742
YKL129C_mRNA	0.0616346930910041	0.113778112150884	0.216573561098616	0.115881998069098	6.90960198737141	0.062641341876732	0.00112143720829416	0.0525931126976512	0.0144698676589317	0.0525931126976512
YML131W_mRNA	0.0617036646965491	0.113869353982292	0.153956605966593	0.0823993925054566	5.89486488317596	0.031668766643869	0.0029445722738078	0.0242140672672654	0.0134827217484048	0.0242140672672654
YFL029C_mRNA	0.0618018482226702	0.114014429305027	0.140628723149636	0.0752945420278043	6.25066749068248	0.0264389841608459	0.0019666368979929	0.0207104353387142	0.0136137188015727	0.0207104353387142
YOR265W_mRNA	0.061858679242138	0.114083148231939	0.18558486979332	0.0993863541242906	4.36690506339241	0.0412097615769292	0.0148009145670318	0.0195119031521914	0.0247096749774437	0.0247096749774437
YKL202W_mRNA	0.0618850891341516	0.114095434377465	0.623251219102254	0.333803844278252	3.03469009375484	0.519571245995094	0.115173543454582	0.330526482365176	0.0595919686390674	0.330526482365176
YNL068C_mRNA	0.061904508765391	0.114095434377465	0.201517421503065	0.10793769637085	6.29031608531323	0.0543245118237561	0.00204610611235583	0.0445560790790275	0.01364383641458	0.0445560790790275
YKR029C_mRNA	0.0619667175361379	0.114173971020095	0.171928111411093	0.0921109009476685	5.79907118963867	0.0395576342722299	0.00335235296203499	0.0305853193315298	0.0134982861747399	0.0305853193315298
YEL002C_mRNA	0.0619901933852176	0.114181114973847	0.118575435451926	0.0635327921084721	7.38998020421726	0.00655191884590438	0.000626737497191915	0.00237599443981605	0.0155189251952014	0.0155189251952014
YDL110C_mRNA	0.0624048104226807	0.114908478357313	0.183847808126912	0.0986621048899153	6.59189115224187	0.0453543919283709	0.00151851653844755	0.037418327226787	0.0140131710416051	0.037418327226787
YDL076C_mRNA	0.0625052568683184	0.115057069988886	0.118828691115673	0.0637939767540688	5.91755362403149	0.0120750796870496	0.00280019165347911	0.00610303434485576	0.0134784942269156	0.0134784942269156
YJL143W_mRNA	0.0625852242036429	0.115167882568043	-0.115735580005093	0.0621523637382934	6.63628203991117	0.00767169987327044	0.00137232027247857	0.00302029402627823	0.0140793450005499	0.0140793450005499
YIL135C_mRNA	0.0627141309337065	0.115368653874258	0.206406707488491	0.110899036933353	6.75460033310284	0.0572757542385796	0.0012406560819153	0.0479537294890659	0.0142369121739664	0.0479537294890659
YNL194C_mRNA	0.0629214831075686	0.115713560790623	-0.302174220895357	0.162481454610361	4.19410377136513	0.122909968817574	0.0160082899616466	0.089592602407549	0.027306602509816	0.089592602407549
YDL044C_mRNA	0.0630196111151752	0.115857448519095	0.146196278285525	0.0786401839277728	4.95435974175448	0.0112268100297284	0.00709670716754942	-0.00117465407413715	0.0176404069452263	0.0176404069452263
YOR208W_mRNA	0.0630503108278606	0.115877322045147	0.154747134298372	0.0832494577302167	6.66824564858429	0.0322595430791494	0.00138319797128142	0.0263386908782191	0.0141247675418629	0.0263386908782191
YGL145W_mRNA	0.0631032854402518	0.115938108159857	-0.174841465637205	0.0940785265248735	5.55842017522174	0.0411947483331852	0.00426063495496134	0.031142441657404	0.0139081684418424	0.031142441657404
YKL220C_mRNA	0.0633225074644766	0.116304201919307	-0.133403094438598	0.0718410484519996	5.23306612281427	0.00970368715343211	0.0052319611715184	8.01648912178293e-05	0.0154125837992118	0.0154125837992118
YER103W_mRNA	0.0635252380656837	0.116639784737054	-0.117629949406771	0.0633953746942314	5.99106103035809	0.0176574458793004	0.00262303328795316	0.0123422858691716	0.0134528608425348	0.0134528608425348
YOR388C_mRNA	0.0637792478450456	0.117069281016142	0.450899003816832	0.243240098864044	3.33515148639954	0.275101427034259	0.106303669536363	0.130359313245197	0.0478828470697416	0.130359313245197
YGR137W_mRNA	0.0639425645760556	0.11733208857326	0.121048636562017	0.0653405677254485	5.68597656161927	0.017296446028126	0.00348826193456045	0.0108571381202822	0.0135892972281752	0.0135892972281752
YCL022C_mRNA	0.0639850519956981	0.117345923060145	0.438409246289628	0.236685759970935	3.06740068261224	0.176638005095477	0.165919486508891	-0.0315795288300912	0.0581611093831861	0.0581611093831861
YDR147W_mRNA	0.0639903874977823	0.117345923060145	0.123351149134836	0.0665954166609739	5.58106764303546	0.0154181412044713	0.00390207177604471	0.00827007780220758	0.0138377263049502	0.0138377263049502
YLR271W_mRNA	0.0643381822789005	0.117946585889514	0.232847318628458	0.125875042200525	4.93432883135853	0.0736109976741968	0.00895347225371611	0.0544246327422197	0.0178359394447304	0.0544246327422197
YNR055C_mRNA	0.0645872276235224	0.118365897494382	-0.11484296083409	0.0621409455635021	6.79183044615626	0.00660510309956543	0.00115791056268452	0.0021507268573812	0.01428807789942	0.01428807789942
YOR214C_mRNA	0.0646096064471949	0.118369675207974	0.682710921289398	0.369442354031373	1.34228425176428	0.599081649285259	0.309982298827582	0.198721124821532	0.235968312981387	0.235968312981387
YDL192W_mRNA	0.0646410253200447	0.118390007392197	-0.122149737210893	0.0661079057506393	8.00350299429275	0.0187792886554382	0.00033940664853722	0.0155182431106636	0.0171416141624044	0.0171416141624044
YNL072W_mRNA	0.0647148356840651	0.118467241646184	0.161929433121045	0.0876610123454142	5.38981618467962	0.0356809292018195	0.00472070179501959	0.0260171105466719	0.0145630552960881	0.0260171105466719
YPL197C_mRNA	0.0647238637418131	0.118467241646184	-0.274391608207294	0.148547778716888	7.46734869610409	0.102458920138316	0.00063356889500209	0.0876322013518837	0.0157196344459567	0.0876322013518837
YLR051C_mRNA	0.0648716508867745	0.118700451654004	-0.210876546253641	0.114225554845683	5.46166768229134	0.0605689602872323	0.00457831427774422	0.0476115952414721	0.0142543711288304	0.0476115952414721
YJR152W_mRNA	0.0650041631702699	0.118905574452117	0.137305063095351	0.0744108330381746	5.1470947855743	0.0249234778372028	0.00615098745294791	0.0151662587007356	0.0159969008407925	0.0159969008407925
YJL179W_mRNA	0.0656290970042462	0.120011022958801	-0.252514441025808	0.137165397375654	3.55679693308862	0.0524904012968209	0.0342294832042971	0.0037920773489892	0.0410279017445867	0.0410279017445867
YGL075C_mRNA	0.0656857574926274	0.12007694482336	0.17699997604298	0.0961662619219275	4.62024076312236	0.0428800774847281	0.0103817003943111	0.026610099333836	0.0213962110155114	0.026610099333836
YBR167C_mRNA	0.0657407823233363	0.120102163002746	0.156920273194594	0.0852740889693786	4.74663541920294	0.0266415178977889	0.0092223999736749	0.0122866628769658	0.0198642810245551	0.0198642810245551
YHR039C_mRNA	0.0657340130056789	0.120102163002746	-0.11663767507449	0.063382009060048	7.34111632793234	0.00617254063499583	0.000676279295000129	0.00205020074341473	0.0153928369949519	0.0153928369949519
YIL022W_mRNA	0.0658757232776282	0.120310960443718	-0.11477467391983	0.0624023529980271	7.01054777488067	0.00730467064196663	0.000926522299516238	0.00313613173876144	0.0146496923392453	0.0146496923392453
YPR130C_mRNA	0.0659009437438506	0.120319303745432	0.331176490178217	0.180075612655052	4.65137610917574	0.150309076125349	0.015697270112537	0.114011634979833	0.0210089407162445	0.114011634979833
YDL152W_mRNA	0.0660253353918784	0.120508647867507	-0.410126335072786	0.223106743877989	2.73876781812803	0.23068700773706	0.0802016747675709	0.118904801887783	0.0746162594476831	0.118904801887783
YBR246W_mRNA	0.0660975094751673	0.120564837258085	-0.114804889491241	0.062469950162711	6.3092321785435	0.013082159898173	0.00195400208700809	0.00829683704643554	0.0136559766063183	0.0136559766063183
YNL218W_mRNA	0.0660827127594723	0.120564837258085	0.124086593231464	0.0675168099997386	5.49728379991335	0.0202226297233094	0.00411599385513894	0.0131518286713237	0.0141180846750243	0.0141180846750243
YFR049W_mRNA	0.0661198361136947	0.12056781383361	0.220284730463676	0.119875644581602	5.17701840761001	0.0665887319385117	0.00536089283214515	0.0521197878232733	0.0157829113099731	0.0521197878232733
YPL193W_mRNA	0.0663067699769256	0.120870851653808	-0.165061466842677	0.0898859096779364	5.57936622583677	0.0374287899885542	0.00410027881765011	0.0282176282168704	0.0138428856797049	0.0282176282168704
YHL029C_mRNA	0.0663398836532095	0.120893388227588	0.167037992129657	0.0909733434213655	5.93442617652658	0.0383380746134323	0.00284784140378873	0.0302567554492581	0.0134739433743677	0.0302567554492581
YFR018C_mRNA	0.0665402111947223	0.121220534840667	0.123935401535858	0.0675483031132967	6.68507772692979	0.0211303491473748	0.00138154564446901	0.0168695473694742	0.0141475858085279	0.0168695473694742
YKL033W_mRNA	0.0666479513210331	0.121378857266752	-0.12614535121719	0.0687800169944445	5.4378107790089	0.0151554098413471	0.0045710324131155	0.00712043537869691	0.0143517305379088	0.0143517305379088
YER071C_mRNA	0.0666870064374248	0.121412031095136	0.236027676386264	0.128711175083486	3.69867078126174	0.069836370076536	0.0289781953322836	0.0299296114582053	0.0372880710332036	0.0372880710332036
YGL201C_mRNA	0.0668259010184892	0.121626897636276	0.114031468932047	0.0622156180230188	6.58544981432193	0.0160840588571008	0.00147973839522361	0.0120379886925843	0.0140033941087211	0.0140033941087211
YGR084C_mRNA	0.0670454085129257	0.121912156677998	-0.11996275223172	0.0655043951286011	5.71579484454901	0.0133713021682641	0.00361197509004852	0.00660268811223191	0.0135513280346071	0.0135513280346071
YKL148C_mRNA	0.0670183981295041	0.121912156677998	0.259514924206613	0.141691373469746	7.05639741225415	0.0929115280816974	0.00081096338792849	0.0794948178750433	0.0147386652522795	0.0794948178750433
YMR088C_mRNA	0.0670273004600024	0.121912156677998	0.113880678437902	0.062179220577829	6.55828990451278	0.00720679579945817	0.00150301684100305	0.00251317610942299	0.0139620050456622	0.0139620050456622
YNR031C_mRNA	0.0671264550216247	0.122021443668014	0.114228517486036	0.062391778927697	6.92545646042715	0.00703318275460709	0.00107428973701228	0.0027332191551931	0.0144966465740382	0.0144966465740382
YOR144C_mRNA	0.0673839529146454	0.122451313063233	0.154739934610393	0.0845987385876899	4.7834547976153	0.0330443989104939	0.00918715065080108	0.0193762917923771	0.0194406356317121	0.0194406356317121
Q0050_mRNA	0.0674568465781843	0.122507352919109	-0.691819742541171	0.378329275522073	2.00670179046949	0.661993900322274	0.181306420054142	0.391225742814085	0.134416058259074	0.391225742814085
YML085C_mRNA	0.0674498282778621	0.122507352919109	0.118422120307897	0.0647587878291003	7.68283460102371	0.0132809957406336	0.000489719933976731	0.00973311876578274	0.016285082470401	0.016285082470401
YOR081C_mRNA	0.067633454508307	0.122789811768587	0.127741663323746	0.0699019268085306	6.06284301809548	0.0225935583334266	0.0026032469331602	0.0169418705530205	0.0134642809066571	0.0169418705530205
YBR295W_mRNA	0.067858484810603	0.12315997897401	-0.114680542235084	0.0628061175707207	6.11717257790825	0.0138559041733687	0.00228077724909735	0.0088072267174169	0.0134976563681314	0.0134976563681314
YCR071C_mRNA	0.0679767532671982	0.1233362082014	-0.148745037431311	0.0814969452673788	4.85768122212205	0.0286129675385278	0.00794375769445698	0.0163915400509822	0.0186232506571996	0.0186232506571996
YCL045C_mRNA	0.0680810035394394	0.123450607828203	0.117250079659767	0.0642652720236989	7.55331628588558	0.014123216130982	0.000575977307199624	0.0106281596387892	0.0159441234459204	0.0159441234459204
YJL123C_mRNA	0.068089165724376	0.123450607828203	0.116392668294103	0.0637972105828118	7.43060607110489	0.00861136291011017	0.000656179952284589	0.00469963652779884	0.0156241563603059	0.0156241563603059
YMR052C-A_mRNA	0.0681033734225616	0.123450607828203	0.380245941594019	0.208431349390154	2.64037726224946	0.137333408782142	0.093217214612541	0.0126151587686903	0.0805572950218604	0.0805572950218604
YGR116W_mRNA	0.0683466690003629	0.12385309287593	-0.116294922772396	0.0638031538739319	7.43244501101659	0.0165709504716478	0.000654441652494542	0.0132360026920889	0.015628928124548	0.015628928124548
YMR187C_mRNA	0.0685137165995449	0.124117199287608	-0.170967915578363	0.0938552311329791	4.44895744420655	0.0323531747950875	0.0116317914100293	0.0146808878255044	0.0236034262340704	0.0236034262340704
YMR119W_mRNA	0.0687162539791997	0.124445413640913	0.112977671782815	0.0620660679793397	6.57670604232719	0.014455201114136	0.00141869970860306	0.0104221716789811	0.013990087469061	0.013990087469061
YIL142W_mRNA	0.0688233233655399	0.124600584812814	-0.120307998676624	0.0661186336614334	7.980609836494	0.020180652423238	0.000352839079871544	0.0171338557891478	0.017079953434738	0.0171338557891478
YNL254C_mRNA	0.0688894827411333	0.124681617412191	-0.197274560780341	0.10844362748549	4.63938160155358	0.054282009899211	0.00971398912712419	0.037326092241723	0.0211574501157811	0.037326092241723
YDR163W_mRNA	0.0689546381789331	0.124760783239275	0.138700099519723	0.0762626127180948	5.10624419428808	0.025678154392733	0.00695640338394475	0.0150594141491889	0.0163075410104157	0.0163075410104157
YER077C_mRNA	0.0689782301193598	0.124764721724741	-0.128512777720071	0.0706672386092541	5.81984565735296	0.0230478812305413	0.00311975174542345	0.0168556827052056	0.0134930770966205	0.0168556827052056
YCR013C_mRNA	0.0691627275273451	0.125059606013132	0.183282762235823	0.100851364755791	9.95155465813755	0.0469297439350061	9.01130758271877e-05	0.0405938780165954	0.0224055680109678	0.0405938780165954
YEL033W_mRNA	0.069237352791301	0.125116878834404	-0.599023564238926	0.329701232316507	4.27774657623134	0.501511964476755	0.0224325889563598	0.412379021407734	0.0260018372774263	0.412379021407734
YJL197W_mRNA	0.0692289623173129	0.125116878834404	-0.112842894559728	0.062106604438311	6.62792673675168	0.0136520561382707	0.00136181262865952	0.00962724213302539	0.0140671086307678	0.0140671086307678
YJL116C_mRNA	0.0694097969947403	0.125389605361661	0.152241082373995	0.0838450585837005	5.0541339427649	0.0324259362792171	0.00666558046362543	0.0214543949319913	0.0167339769271873	0.0214543949319913
YPL227C_mRNA	0.0695609880672576	0.12562378068191	-0.115168888970047	0.0634623678195855	5.97322733558679	0.0115972365846493	0.00265209838448821	0.0059838342457517	0.0134577901325853	0.0134577901325853
YHR145C_mRNA	0.069903185533096	0.126202652282559	1.68894822330378	0.931814225158495	1.68999366648126	4.00224922770911	0.871378529784147	2.60173247104676	0.17531507536585	2.60173247104676
YJL031C_mRNA	0.0699564368478265	0.126259665760668	0.116406258262689	0.0642350355501238	5.91191591359258	0.0139434330081161	0.00302484228986128	0.00804300251520025	0.0134797168786414	0.0134797168786414
YJR090C_mRNA	0.0701257203020277	0.126525997670986	-0.112999154994217	0.0623926314316081	6.50760812900195	0.00742131256852166	0.00168581150837298	0.00261736366378392	0.013885550319469	0.013885550319469
YMR065W_mRNA	0.0701890746654805	0.126601098761947	0.154248210071709	0.0851875984953493	4.76759948257848	0.019306572163734	0.00940603904380974	0.00448171390009784	0.0196216687058096	0.0196216687058096
YBR165W_mRNA	0.0705718516484324	0.127233220497339	0.129404310079121	0.0715643666096434	5.25976357324538	0.0163748911164702	0.00523658661861712	0.0075235180155857	0.0152492476543406	0.0152492476543406
YDL222C_mRNA	0.0705832078007892	0.127233220497339	0.215793992460707	0.119345203997276	3.88225630794715	0.0655927827259337	0.0223310143893482	0.0346420964792575	0.0330847815132455	0.0346420964792575
YMR288W_mRNA	0.0706693580496764	0.127349112278817	-0.116498367202585	0.0644493290138381	5.81999374136654	0.0160000246719428	0.00312181715615068	0.01014338940354	0.0134930468851851	0.0134930468851851
YOR008C_mRNA	0.070724214935742	0.127408557889806	0.117186672877051	0.0648427445871933	7.21618798316106	0.019359162042238	0.000785353729031706	0.0160329723733682	0.0150843219441163	0.0160329723733682
YDR307W_mRNA	0.0709278826820095	0.12769888456324	0.115188234497339	0.063783018329453	5.92267022699547	0.0136431193157953	0.00279582921484414	0.008030847375904	0.0134772644940172	0.0134772644940172
YGR030C_mRNA	0.0709292122290843	0.12769888456324	0.182838403347043	0.101243327861946	4.24329321412682	0.0371280589100283	0.0144728107415469	0.0157558575939131	0.0265280350046992	0.0265280350046992
YMR183C_mRNA	0.0710432998652557	0.127864771397893	0.11223287530071	0.0621719693646602	6.81348318677505	0.0090428554683179	0.00114218450761748	0.00494766969464748	0.0143192305911035	0.0143192305911035
YNL227C_mRNA	0.071110271734795	0.127945782312204	-0.238707659660279	0.132264673115751	5.37890871555862	0.0805057491579518	0.00663655691422283	0.0633392181034432	0.0146140681103769	0.0633392181034432
YHR188C_mRNA	0.0714591537113525	0.128533815845119	0.112738173092681	0.0625437673719675	7.06133626836152	0.0122223814035788	0.000898370407958253	0.00856563947522615	0.0147485209403569	0.0147485209403569
YJR012C_mRNA	0.0715280895344872	0.128618101737013	0.233368000937862	0.129497084945676	5.2970267541696	0.0771289477316586	0.00496394643287545	0.0621140336048347	0.0150346001790829	0.0621140336048347
YGR241C_mRNA	0.0717615448197449	0.128958285046216	0.112460205972148	0.062456104597222	6.98133902090667	0.0170159481798021	0.0010076729860214	0.0136101863702529	0.0145953870198151	0.0145953870198151
YPL007C_mRNA	0.0717529065658225	0.128958285046216	0.121585287756503	0.0675217727384468	5.52791646404008	0.0128123132845843	0.00422754144829037	0.0052762278712409	0.0140092177266794	0.0140092177266794
YPL234C_mRNA	0.0718735515399685	0.129079935657169	0.113068948244719	0.0628189362717999	7.19189652606498	0.00719866640205546	0.000756663884848824	0.0033034538153058	0.015028211132433	0.015028211132433
YPR166C_mRNA	0.0718517742286971	0.129079935657169	-0.235515510193639	0.130837869456055	4.25332667870577	0.0787005943239913	0.0168200243206183	0.051654168014581	0.026373198369176	0.051654168014581
YDR150W_mRNA	0.0719609807837589	0.129197126054292	0.144246051502834	0.0801649809262671	7.24853806113367	0.0295404964562349	0.000746010452395225	0.0249596862152398	0.0151610327597242	0.0249596862152398
YCR061W_mRNA	0.0722319666929649	0.129643696227114	0.225475299287619	0.125427578069898	6.00882431949789	0.0722901848948181	0.00269500600980296	0.0602333033521189	0.0134513220295216	0.0602333033521189
YHR122W_mRNA	0.0723988835775266	0.129863268387521	-0.130734141534546	0.0727674619068499	5.22429304191898	0.014811627715714	0.00571235770925345	0.00527398176821889	0.015468056340206	0.015468056340206
YKL066W_mRNA	0.0723786376728129	0.129863268387521	0.308201949320622	0.171535013384908	4.04062131600715	0.135180824800661	0.0227770005201193	0.0949200427477224	0.0299575222970028	0.0949200427477224
YBR173C_mRNA	0.0724991749166481	0.130003137292826	0.176486638969379	0.0982681051902794	6.49122179524205	0.0443573921872899	0.00150822662214794	0.0371182553686034	0.0138615088043713	0.0371182553686034
YDR122W_mRNA	0.0727026697756321	0.130287835777555	0.136046307749901	0.0758047913224147	7.37068699271253	0.026388727273725	0.000648571117314886	0.0223368944324245	0.0154690775260771	0.0223368944324245
YER034W_mRNA	0.0726913639576343	0.130287835777555	0.146054410603421	0.0813780746460204	4.88187609304126	0.0210408084940275	0.00812134807392016	0.00832754935347709	0.0183682160584529	0.0183682160584529
YDR411C_mRNA	0.0734702951325925	0.13162298260839	0.112455600457323	0.0628279345958825	6.31509182271233	0.0153659930028746	0.00212941637712186	0.0107209298190389	0.0136599810852161	0.0136599810852161
YFR006W_mRNA	0.0735489375441304	0.131723366164188	0.111243534568531	0.0621677445807625	6.82341058017793	0.00692726179092949	0.00112545780405478	0.00276085869099829	0.0143338560609809	0.0143338560609809
YCL017C_mRNA	0.0737661818989118	0.132071842576232	0.110987115840479	0.0620712166052149	6.79199656166357	0.015556259772785	0.00112303072895151	0.0120249219182931	0.0142883129944545	0.0142883129944545
YOR200W_mRNA	0.0738101057135229	0.132109885065126	0.229330460749151	0.12827604380025	4.34169355879461	0.0754556981360077	0.0165633820923399	0.0492555915598346	0.0250651816638233	0.0492555915598346
YHR063W-A_mRNA	0.0742940468301507	0.132853627020398	-0.243736781101559	0.136562651094404	4.95158732684267	0.085466300239146	0.00769034820977686	0.0669070824859512	0.0176672085093718	0.0669070824859512
YKL017C_mRNA	0.07427531925116	0.132853627020398	0.116621356181549	0.0653372526882615	5.71407250439513	0.0151117144905621	0.00352263690935074	0.0087826169826447	0.0135531894460482	0.0135531894460482
YLR461W_mRNA	0.0742715615368707	0.132853627020398	0.769934746964699	0.431351254492926	1.64775038253104	0.852718448298743	0.301638217089026	0.442617401921457	0.181708796808981	0.442617401921457
YLR442C_mRNA	0.0746107242190504	0.133378974931018	0.113698842237918	0.0637736446107993	6.29171236734499	0.0186310707155911	0.00192196879567404	0.0143463421921041	0.013644772193665	0.0143463421921041
YLR425W_mRNA	0.0747979288732731	0.133672617673524	0.113214820787998	0.0635430926001413	6.02039564982633	0.0174651045455605	0.00269890943389368	0.0123515323946187	0.0134519890348668	0.0134519890348668
YLR216C_mRNA	0.0748557412295788	0.13373491211393	-0.134069139975722	0.075262776839481	7.35079303906371	0.0259406219680221	0.000699765210146775	0.0219581771002113	0.0154177643744766	0.0219581771002113
YLL004W_mRNA	0.0751576106824439	0.134233059422415	-0.154940205576756	0.0870694530550229	4.66881991309752	0.0219600724422105	0.00952978344188258	0.00713987494500937	0.0207945751793208	0.0207945751793208
YLR045C_mRNA	0.0752562776941088	0.134368088828035	0.110213134192766	0.0619558037947903	6.43914200249806	0.0141953282848275	0.0015649207923997	0.0101738066703176	0.0137891657030345	0.0137891657030345
YNL334C_mRNA	0.0754546033365804	0.134680918823198	0.504135162468776	0.283589856759891	4.01160007508906	0.204852310722163	0.29119364235744	-0.144323955737242	0.0304991850709416	0.0304991850709416
YGL037C_mRNA	0.0755144176502872	0.134746400376898	-0.146498472539787	0.0824262808243779	8.57054648396842	0.0310877565984106	0.000182733906336537	0.0269936331758203	0.0186857826394172	0.0269936331758203
YDR373W_mRNA	0.0758283308626743	0.135265111943031	0.133882387956726	0.0754087941786899	5.76804627275257	0.0260094136420724	0.00337998874975179	0.0193659562081843	0.0135108361762883	0.0193659562081843
YJR053W_mRNA	0.0759880412417129	0.135508517990272	-0.260766639932676	0.146955965871823	3.6271639041743	0.0987584061803371	0.0286924988270133	0.0576917247942686	0.039115249041753	0.0576917247942686
YBR119W_mRNA	0.076039524289557	0.135558833693684	-0.126669744810144	0.0713977145143124	5.27135802803454	0.0110586251767561	0.00520971046254687	0.00205446672675842	0.0151808240889221	0.0151808240889221
YNR027W_mRNA	0.0760756734854048	0.135581790677873	-0.115436664887212	0.0650741777465551	5.67940210348763	0.0149346522730862	0.00333916362618958	0.00885492849489352	0.0135994308113714	0.0135994308113714
YMR210W_mRNA	0.076974457964704	0.137141648960968	-0.110302405800912	0.0623699887215817	6.29989549808366	0.00687258682666808	0.00191001065030871	0.00197729788527307	0.0136500513222122	0.0136500513222122
YOR053W_mRNA	0.0770177675684619	0.137176861465564	0.222290379947794	0.125711502043193	4.41023901424471	0.0721760953228569	0.0142505337320203	0.0489629932518023	0.0241161331242095	0.0489629932518023
YDL103C_mRNA	0.0774327885172647	0.137873907671633	0.110075611580581	0.0623382416061965	6.31874488948583	0.0130418060551847	0.00188163420092517	0.00862983221110453	0.0136625912652849	0.0136625912652849
YKL079W_mRNA	0.0775026418151515	0.137956123194339	-0.110093507587956	0.0623630704635389	6.30751033407296	0.0123228110461755	0.0019017670010102	0.00783822185902954	0.0136548432295511	0.0136548432295511
YJL159W_mRNA	0.0778414168266145	0.138516827865564	-0.179441299176874	0.101761569019723	10.0211159319751	0.0472466711630047	4.51306724091186e-05	0.0413765370450146	0.0225836259537575	0.0413765370450146
YNR020C_mRNA	0.0778808156412005	0.138544620435308	0.139655828004723	0.079209635438597	5.64262929701775	0.0286245544384269	0.00376387432336975	0.021332791061892	0.0136695840894843	0.021332791061892
YAL034W-A_mRNA	0.078020365231777	0.138750503003765	0.15696107676489	0.0890665580204916	4.6361163978785	0.0158778028030733	0.0105333781346484	-0.00056052645112524	0.021198028895822	0.021198028895822
YGL231C_mRNA	0.0781279274166046	0.138866975057243	-0.116422432640259	0.066087036670607	6.56873877852802	0.0199197687052015	0.00148100521800859	0.0159889804456	0.0139779413919969	0.0159889804456
YOR155C_mRNA	0.078133529735263	0.138866975057243	0.109467971524	0.0621405150867392	6.6811583511812	0.0139974340879359	0.00130342354807013	0.0102700453205528	0.0141423509129109	0.0141423509129109
YBR258C_mRNA	0.0783276409570571	0.139127084212139	0.184574627703402	0.104843770600024	4.18130270875263	0.0278901049876806	0.016454228899076	0.00369437124719623	0.0275146360354454	0.0275146360354454
YDR043C_mRNA	0.078317355577625	0.139127084212139	-0.250588685674891	0.142336771506489	4.78708520308896	0.0923816748556629	0.00846471120953449	0.0725743148820274	0.0193994899598933	0.0725743148820274
YGR141W_mRNA	0.0783628229844028	0.139147152303301	0.115562147889116	0.0656504126599027	6.21744017507964	0.0196518089542835	0.00223151938574946	0.0150083873439126	0.0135848016155028	0.0150083873439126
YNL039W_mRNA	0.0787093404491155	0.13971987125428	0.109428380576154	0.0622380070039431	6.50834000447434	0.00869794017712905	0.00160764346765306	0.004290272300551	0.0138866345956384	0.0138866345956384
YOR358W_mRNA	0.0787717285979006	0.139788026442695	0.175222165422639	0.099679381151067	5.85824843140553	0.0452817369676358	0.00315918663936476	0.036584729467274	0.0134872957290328	0.036584729467274
YGL024W_mRNA	0.0789368001152372	0.139969785609312	-0.490583097367385	0.279234038495119	2.01519207584048	0.255805197142174	0.178414025857472	0.0268996066741206	0.133472567159703	0.133472567159703
YGL080W_mRNA	0.0789462264868177	0.139969785609312	0.127207711524058	0.0724073884397172	5.21096756167003	0.0188066332852117	0.00541726574548665	0.0101093265254722	0.0155540538571537	0.0155540538571537
YGL215W_mRNA	0.0789421730462007	0.139969785609312	-0.142192690842807	0.0809358328151392	6.76002811530985	0.0298472767460907	0.00134714786281375	0.0248552882711069	0.0142441825101697	0.0248552882711069
YLL051C_mRNA	0.0791946844956501	0.140367578908323	-0.108927423765615	0.0620535452120293	6.40783375856565	0.0114154355524558	0.00165278309738053	0.00718798823790385	0.0137497867961449	0.0137497867961449
YPL252C_mRNA	0.0793911340382984	0.140672976553262	-0.210122645031181	0.119780567860425	5.67474727594192	0.0653373088193126	0.00358625950880774	0.0538032782390558	0.0136070221967495	0.0538032782390558
YDL113C_mRNA	0.0797061254228539	0.141103049290615	0.155563375085436	0.0887719298794925	6.25043607753454	0.0358736909737028	0.0021649142701135	0.0293569078680047	0.0136135263000323	0.0293569078680047
YDL135C_mRNA	0.0797294755949371	0.141103049290615	0.129136759135611	0.0736973483293652	5.72711405083096	0.0247238641789242	0.00332105269859363	0.0184041439045255	0.0135400183642158	0.0184041439045255
YGL224C_mRNA	0.0797307309070895	0.141103049290615	-0.157828602997785	0.0900719368470575	5.71205804465848	0.0369309923273485	0.00330954283061793	0.0291422723989033	0.0135554153023601	0.0291422723989033
YPL135W_mRNA	0.0797000413506389	0.141103049290615	0.134665606716811	0.0768451073239331	6.18250105361498	0.0268819234419152	0.00213607270224274	0.0214846093762645	0.013553049833391	0.0214846093762645
YKL089W_mRNA	0.0799859726458797	0.141382972280005	0.140802951424462	0.0804235594276734	4.91436482512202	0.0133207399893736	0.00783667070584157	0.000771130388533195	0.0180351249382245	0.0180351249382245
YKR018C_mRNA	0.0799793394377067	0.141382972280005	0.111622830042896	0.0637551119424537	7.45211695688804	0.0166833249152106	0.000578838186449643	0.0137362510264802	0.0156800190087296	0.0156800190087296
YLR076C_mRNA	0.0799735028504793	0.141382972280005	-0.179921982877306	0.102763245005911	7.97548785048064	0.0480575742028082	0.000637098558310583	0.0416040395382692	0.0170661674770573	0.0416040395382692
YLR145W_mRNA	0.0799652020813828	0.141382972280005	0.138369198328153	0.0790280116970484	4.95576752502967	0.0222314867145309	0.00735487655039586	0.0109942777734655	0.0176268299807594	0.0176268299807594
YHR182W_mRNA	0.0801541131615772	0.141637204512996	0.127836841455423	0.073058283374206	5.20793186603543	0.0137020450238903	0.00577610915792251	0.00423543678673168	0.0155739419204206	0.0155739419204206
YBL019W_mRNA	0.0802839578314835	0.141823631997035	0.131026980666902	0.0749136193093689	5.11230375590586	0.0171887223191159	0.00618806991469169	0.007323255523594	0.0162601315174245	0.0162601315174245
YPL110C_mRNA	0.0803878161267427	0.141964054790665	-0.163058941280686	0.0932596566438175	6.4802136200507	0.0395603488357591	0.00162179647204581	0.0331676577572451	0.0138456477509303	0.0331676577572451
YKL077W_mRNA	0.0806313303968152	0.142350948755105	-0.108686831374248	0.0622121789602121	6.88062056793649	0.00898330353768706	0.00105909158583826	0.00519078297191952	0.0144223292580716	0.0144223292580716
YNL079C_mRNA	0.0812379776041277	0.143378508791775	0.114595144588212	0.065725268081711	7.91186267894836	0.0147619661961467	0.000384019446199468	0.0116803594316167	0.0168952240114516	0.0168952240114516
YMR188C_mRNA	0.0812677032179696	0.14338753450875	-0.140658375368527	0.0806815384265556	5.32107083841539	0.0295781140164199	0.00531751605276908	0.020720526518734	0.0149040234692657	0.020720526518734
YML098W_mRNA	0.081413651340926	0.143601553954658	0.120823510200416	0.0693375030108755	5.42326697882872	0.0151113263717945	0.00481720668007632	0.00720255139908927	0.0144135506150563	0.0144135506150563
YEL039C_mRNA	0.0815923253474239	0.143873149961892	-0.21399434752798	0.122877857033965	4.67692134109981	0.0685811011369491	0.00992806423972759	0.0504678067573104	0.0206956948985947	0.0504678067573104
YEL005C_mRNA	0.0816631392450472	0.143910904186825	0.135760179764852	0.0779730538834916	4.99889023669348	0.0124977604296747	0.0070975066137186	0.00102700058670862	0.0172216819139529	0.0172216819139529
YMR197C_mRNA	0.0816438431219289	0.143910904186825	0.128180351560338	0.0736149687771617	6.24231972686888	0.0246129315517351	0.00199023292591434	0.0196864215863356	0.0136066808511197	0.0196864215863356
YJL216C_mRNA	0.0819197621309221	0.144319484177427	-0.142160487216564	0.0817176712893982	4.86110421391089	0.020714372731203	0.00812429519654764	0.00829550297955529	0.0185868160073009	0.0185868160073009
YLR101C_mRNA	0.0820739822092788	0.144547466853464	0.162221417549743	0.0932962710976962	5.39729170788616	0.0395132018992362	0.00481808667121964	0.0299986901317197	0.0145287433374122	0.0299986901317197
YJL001W_mRNA	0.0821671697083667	0.144667854554531	0.123273003906788	0.0709179714638254	7.12692846655582	0.0228286013236851	0.000848829333802976	0.0192686053723729	0.0148844213041917	0.0192686053723729
YIR014W_mRNA	0.0823404478887004	0.14492913879141	0.264492485593053	0.152246503209806	3.99185606973701	0.105189931543941	0.0205316958716305	0.0721842950868233	0.030875491711776	0.0721842950868233
YDR038C_mRNA	0.0828884751152535	0.145849669592711	-0.134510169487576	0.0775647199429322	6.30003231991326	0.0272855964301689	0.00884691634400597	0.0152182267752961	0.0136501365113923	0.0152182267752961
YFR045W_mRNA	0.0833023614506148	0.146533682914034	0.115029657029864	0.0664205536770708	5.59869609775477	0.0198055924605806	0.00386124321755845	0.0135785138483755	0.0137855165855161	0.0137855165855161
YPR154W_mRNA	0.0834402119050537	0.146731866754858	0.176928095491824	0.102207668913	6.17345771056612	0.0473475352424472	0.00219367444096755	0.0395919558975505	0.0135448771386125	0.0395919558975505
YNL117W_mRNA	0.0835208277007663	0.146829312668879	-0.199961859973379	0.115543954926826	3.91186148579791	0.0566862582249706	0.0209343353834045	0.0283767283022031	0.0324672866971255	0.0324672866971255
YMR146C_mRNA	0.083570957079452	0.146850832540031	-0.144021870794168	0.0832336581970887	8.21304151582569	0.0313952227368611	0.000276232267809807	0.0274351351596694	0.0177089510724721	0.0274351351596694
YOR117W_mRNA	0.0835944255756176	0.146850832540031	0.111640735507465	0.0645247319090144	7.61650407231034	0.00649611966328775	0.000543695878840642	0.00285538838192545	0.0161100682328801	0.0161100682328801
YPL208W_mRNA	0.0836086871842231	0.146850832540031	-0.112842976206612	0.0652225980144806	5.6962236873722	0.00560242056551398	0.00344112736153924	-0.00107668740682169	0.0135748218054949	0.0135748218054949
YER087C-A_mRNA	0.0837354229116773	0.147029106052873	0.173158447700318	0.100125632050375	4.38221873767754	0.0281083626495824	0.0156031434034899	0.00594614571821019	0.0244974253704587	0.0244974253704587
YGL129C_mRNA	0.0837849570247487	0.14707175644055	-0.111537528172957	0.0645048163562248	5.81412354239002	0.0115627712713682	0.00314917296112862	0.00568504763221364	0.0134943123714725	0.0134943123714725
YMR016C_mRNA	0.0839219653368216	0.14726788254588	-0.146611890623973	0.0848266960260131	6.76365934011104	0.0325954675983975	0.00119571461633081	0.0275865588184277	0.0142490824823068	0.0275865588184277
YFR001W_mRNA	0.0840103587231684	0.147334241397104	-0.171570479220448	0.0992955653369459	5.92774799700472	0.0446589225274949	0.00284091722986513	0.0365975199524697	0.0134759195943497	0.0365975199524697
YKL186C_mRNA	0.0840046106237324	0.147334241397104	0.143385785688481	0.0829822740273906	5.97056304698903	0.0311904780736267	0.00249952997385909	0.0250447012371687	0.0134588360878621	0.0250447012371687
YIL162W_mRNA	0.0841040311821683	0.147383621017423	-0.206741101621832	0.119686556048258	6.91324700167358	0.0648773565017359	0.00104678475097876	0.0562527020437929	0.0144759758956321	0.0562527020437929
YLR262C_mRNA	0.0840971545736121	0.147383621017423	0.111144888289164	0.0643425702009319	5.87076076610167	0.013048715528062	0.00307401914753212	0.00737726572030268	0.0134858462127153	0.0134858462127153
YPL254W_mRNA	0.0841144078068884	0.147383621017423	-0.119927675592426	0.0694308521976226	5.80750632766828	0.0218324407171828	0.00295009705919303	0.0163324758883594	0.0134959202781182	0.0163324758883594
YDL121C_mRNA	0.0841795756381287	0.147409139665686	0.1414338301632	0.0818988199509077	5.45006846440558	0.0303752965988133	0.00467830720545562	0.0221513596319492	0.0143010864461749	0.0221513596319492
YOR125C_mRNA	0.0841766376906568	0.147409139665686	-0.112748193195107	0.0652874669543692	5.70454714882873	0.0130059356148825	0.00348562404673052	0.00681726266385468	0.0135641893185409	0.0135641893185409
YJL063C_mRNA	0.0843298509867755	0.147627918223844	-0.185766829512536	0.107622435015258	6.37585106208675	0.0524441477887274	0.00185525198676289	0.0444751020876908	0.0137137551488268	0.0444751020876908
YDL098C_mRNA	0.0844865654256106	0.147857834235388	0.168464592326315	0.0976477813837411	4.43819420637852	0.0388641493495018	0.0143957035756466	0.0191357939080562	0.023744653261021	0.023744653261021
YIL125W_mRNA	0.0846079645424238	0.148025826253502	0.143867158179171	0.0834228429860539	7.14862428648193	0.0315010531863498	0.000830780963877795	0.0270067019636254	0.0149314228933313	0.0270067019636254
YLR315W_mRNA	0.0847140236119696	0.148166887290104	0.287846581258168	0.166967689879833	3.79965072505793	0.126173489822754	0.0267831789002801	0.0847296589549516	0.034893641301214	0.0847296589549516
YKR090W_mRNA	0.0850423627381769	0.148696520201866	0.107342471102481	0.0623305029322963	6.38854091760714	0.0119647093669115	0.00181287553918194	0.00771433989611271	0.0137274908439901	0.0137274908439901
YKL059C_mRNA	0.0852408550414521	0.148993908056632	-0.109514474114819	0.0636321779335927	5.92908007172755	0.00873154647694944	0.00272067141262494	0.00320786551535072	0.0134755448616647	0.0134755448616647
YOR013W_mRNA	0.0852635924237577	0.148993908056632	-0.243503888766139	0.14149555171082	3.71920242788407	0.0905568053332062	0.0306546403806496	0.0494293242351479	0.0367840882232208	0.0494293242351479
YLL064C_mRNA	0.085508466818918	0.149332232520089	-0.247191176279365	0.143750742472524	3.50285041955126	0.0934408909573337	0.020427008150777	0.0622300956948302	0.0425758981404472	0.0622300956948302
YNR076W_mRNA	0.085508466818918	0.149332232520089	-0.247191176279365	0.143750742472524	3.50285041955126	0.0934408909573337	0.020427008150777	0.0622300956948302	0.0425758981404472	0.0622300956948302
YBR033W_mRNA	0.0856873021978783	0.149599707103638	0.124046325827806	0.0721787232397005	5.25221683012909	0.0148049367742479	0.00554447814278942	0.00592152812922526	0.0152945942112637	0.0152945942112637
YBR175W_mRNA	0.0858587395571732	0.149832096710912	0.113576413467684	0.066122775251668	5.62908585391554	0.0136815456767578	0.00378711629986399	0.00718608215489585	0.0137017693280664	0.0137017693280664
YGL216W_mRNA	0.085881701373658	0.149832096710912	0.108257125771362	0.0630305684233553	6.01815309075448	0.0131528333756213	0.00243964840051024	0.00830421442186216	0.0134517618225748	0.0134517618225748
YJL027C_mRNA	0.0858975631676014	0.149832096710912	0.570998815464207	0.332469575574453	1.75145159661254	0.383522952050211	0.27570597559882	0.042057288094542	0.166438099131808	0.166438099131808
YDR494W_mRNA	0.0860465265466661	0.150047010973025	-0.108331939639209	0.0631072777044767	6.08982851740234	0.0142029015222008	0.00245128850965728	0.00941301765098843	0.0134788254874225	0.0134788254874225
YIL137C_mRNA	0.0861528960666696	0.150187544130586	-0.106725650049305	0.0621926235368288	6.72027988699307	0.00758622291049271	0.0012792512703549	0.00359445488275968	0.01419243841922	0.01419243841922
YHR177W_mRNA	0.0862531167513834	0.150317277353742	0.147841596921012	0.0861797561886834	4.70483447187659	0.0193517830992332	0.00934932216308432	0.00513983464890686	0.0203584793438793	0.0203584793438793
YLR466W_mRNA	0.0865156053273825	0.150729640142742	0.42475450713975	0.247804435661381	8.00140499684201	0.277363980801043	0.0049506242512454	0.240677529082577	0.0171359604804999	0.240677529082577
YPR093C_mRNA	0.086581275986548	0.150798957816929	0.188848282356684	0.110198253199437	5.89958002510258	0.0548466250303923	0.00265015240039617	0.0459244676324328	0.0134819802843947	0.0459244676324328
YHR123W_mRNA	0.0867226681648757	0.151000079117922	0.107599294137991	0.0628153837058468	6.17484545615058	0.0139745750242225	0.00223696362861486	0.00942790729762533	0.0135461260918362	0.0135461260918362
YDR153C_mRNA	0.0867656824136024	0.151029837389199	0.106340353057839	0.0620888989618576	6.55687060521304	0.00833835034180824	0.0014602842469432	0.00424272806543251	0.0139598412502399	0.0139598412502399
YOL068C_mRNA	0.08686656655229	0.151160279789021	-0.10621068910059	0.0620330344773755	6.53286710490027	0.010644533801506	0.00146901288903898	0.00671278461851108	0.013923376576846	0.013923376576846
YDR367W_mRNA	0.0870026258610026	0.151351835851359	0.142342514956168	0.0831719111922705	5.65990689939538	0.0312286205128789	0.00320419655955989	0.0244660706859398	0.0136336435768886	0.0244660706859398
YNR074C_mRNA	0.0875026038126394	0.152176170093265	0.111023144977397	0.0649744057070416	5.73339532070185	0.0130710559611416	0.00335229050113628	0.00713065839418046	0.0135344030867967	0.0135344030867967
YEL048C_mRNA	0.0879285363361917	0.152853857704067	-0.282058055926435	0.165291567128758	3.07422293874817	0.0993217621388823	0.0514173298954898	0.0322683447067412	0.0578678787600329	0.0578678787600329
YKL114C_mRNA	0.087944753007901	0.152853857704067	0.107971058734041	0.0632763954124833	6.09066998142658	0.01495576276844	0.00253625996951237	0.0101569859897734	0.0134793488960754	0.0134793488960754
YPL101W_mRNA	0.0881028656018421	0.153082998805945	-0.108636500621093	0.0636980743301572	5.98067595768468	0.00687693322307445	0.00277447891477498	0.00122169546217714	0.013455299778706	0.013455299778706
YNR019W_mRNA	0.0882028682833691	0.153211064585244	-0.110318721974839	0.0647047808429744	7.05359436876624	0.0188757711235427	0.000958911967378848	0.0157879226883705	0.014733095162786	0.0157879226883705
YOR027W_mRNA	0.0883058353839718	0.153344201772584	-0.112284058910299	0.0658788226614166	7.95157769382037	0.00965860358836397	0.000358216704247601	0.0063880843160362	0.0170018603967699	0.0170018603967699
YKR007W_mRNA	0.0884353101412307	0.15352327678272	0.125681270391818	0.0737691759083332	6.12817780950609	0.0245286027002736	0.0022201293743549	0.0195474358824235	0.0135061595391998	0.0195474358824235
YLR280C_mRNA	0.088902332760761	0.154288052029846	1.06931303781739	0.628557865225423	1.27105355129641	1.77989872852283	0.631386107254729	0.948953852492236	0.250968751678704	0.948953852492236
YCL031C_mRNA	0.0894349489408267	0.155166174070654	-0.119462709677528	0.0703389663717281	6.40404498465127	0.0222766191111736	0.00172816342473054	0.0180621173362418	0.0137452808464176	0.0180621173362418
YNL321W_mRNA	0.0894995245573388	0.15523198275411	0.153688855757403	0.090509367155849	6.79981782749579	0.0368820005294271	0.00121931946836399	0.0315484627034451	0.014299450363324	0.0315484627034451
YIL154C_mRNA	0.0896253889012251	0.155404022541231	0.199514918093836	0.117543071557865	7.39501726262197	0.0621961157172244	0.000640792816606325	0.0546247018684228	0.0155319529000242	0.0546247018684228
YHR027C_mRNA	0.0896907785409706	0.155471132335524	-0.11868958015939	0.0699395428097927	8.11230000668119	0.0220183390710965	0.000326295373534948	0.0192398632202364	0.0174355612637492	0.0192398632202364
YER147C-A_mRNA	0.089841733248604	0.155686477664	-0.128985645263977	0.0760424029143759	5.15254877725817	0.0260244147354817	0.00656444831997744	0.0165653398439917	0.0159570353916745	0.0165653398439917
YPL148C_mRNA	0.0898926954764562	0.155728469772772	0.205899776361986	0.121405746097399	3.8416263869341	0.0498856401459677	0.0249990830458087	0.0163370405660378	0.0339583376960558	0.0339583376960558
YER149C_mRNA	0.0899416986030083	0.155767044013415	-0.148087464845195	0.0873308954165537	4.82833032071722	0.0257203374096011	0.0115664138554479	0.00972540558504565	0.0189403273215802	0.0189403273215802
YPL277C_mRNA	0.0900378457681829	0.155887218260159	0.210387933404794	0.124108169094466	4.38429490441395	0.0693074158469512	0.0184174641135324	0.0431938864303895	0.0244688613132534	0.0431938864303895
YML116W-A_mRNA	0.0901399005100346	0.156017546159079	0.363521564999683	0.21451000365467	2.52167458345238	0.169196155375176	0.0956003957652219	0.047924648359661	0.0884577709064844	0.0884577709064844
YDR065W_mRNA	0.0903285668778002	0.156297662794792	-0.209026676613262	0.123416627354001	4.37778719603522	0.0685161189973583	0.0135004245948602	0.0474262310348849	0.0245585635698498	0.0474262310348849
YKL018W_mRNA	0.0907123981327001	0.156915211259237	-0.125033157239915	0.0739118788187492	5.19053542042221	0.0121473896336672	0.00616179280568387	0.00238661311342204	0.015690070516386	0.015690070516386
YDR034C_mRNA	0.0907467734137243	0.156928080115274	-0.125564987870585	0.0742341699293048	5.97976710447254	0.0247777423920642	0.00284048321776538	0.0192023647226062	0.0134555698929917	0.0192023647226062
YKL013C_mRNA	0.0909733493759817	0.157273214677884	0.117948791362887	0.0697803962362285	6.48197093287235	0.0218885784448951	0.00149886795037763	0.0179783468451626	0.0138481623133141	0.0179783468451626
YBR274W_mRNA	0.0910447512835257	0.157349961725844	-0.113924239582179	0.0674142946000048	5.57218495153652	0.00678234438735546	0.00431385023456038	-0.000755261923644611	0.0138648982311046	0.0138648982311046
YFL025C_mRNA	0.0910923676889444	0.157371506167263	-0.10909000141466	0.0645631555569938	5.71554934744751	0.0183304572333037	0.00312201319641293	0.0131175828653695	0.0135515910254934	0.0135515910254934
YJL178C_mRNA	0.0911112410405384	0.157371506167263	0.105112614824327	0.0622128334803615	6.67191414619015	0.00638929068370446	0.00135193317716505	0.00233697489960194	0.0141298134214557	0.0141298134214557
YOR086C_mRNA	0.0912233366814498	0.157518423090138	0.109654613910825	0.0649235863971134	7.7301220498219	0.0127684714631608	0.000449948974776389	0.00979508920662958	0.0164103393078774	0.0164103393078774
YPL233W_mRNA	0.0917416100377842	0.158366405949668	0.13494227559116	0.0800235801931074	5.04267893561293	0.0287632653756367	0.00681412262677669	0.0188009709209141	0.016832140865032	0.0188009709209141
YDR488C_mRNA	0.0921658021573227	0.159051529433816	-0.164074038734773	0.0974263892543828	5.2644308829888	0.042615175656211	0.00598848588434706	0.031979119408239	0.0152215236400792	0.031979119408239
YJL185C_mRNA	0.0922939555359192	0.159225521158503	0.151864877262146	0.0902121533288403	4.59866388030487	0.0207873183377293	0.0108851342430811	0.00479758084852983	0.0216677961898237	0.0216677961898237
YPL118W_mRNA	0.0923495114735315	0.159274201848666	-0.104724576007207	0.0622200555417152	6.43383540930846	0.0106699640093907	0.00170310162374809	0.00659550643777348	0.0137822396227084	0.0137822396227084
YER003C_mRNA	0.0924402901910674	0.159383584093862	-0.105231312900854	0.0625385440550926	7.0276806869211	0.00566156991663938	0.000961871501420118	0.00194020220502569	0.0146824064687029	0.0146824064687029
YDR432W_mRNA	0.0925383368748839	0.159458252183695	-0.11288890650742	0.0671096007775457	8.20749464324585	0.0135985783817757	0.000320923093825855	0.0106078665402364	0.0176938709722604	0.0176938709722604
YGL070C_mRNA	0.0925257304323877	0.159458252183695	-0.163153861201543	0.0969870959932694	4.57587980691577	0.0422160366597012	0.0107253280488262	0.0269006591080044	0.0219571339675536	0.0269006591080044
YDR185C_mRNA	0.0926808828651181	0.159651627056481	-0.136726627974767	0.0813160463384207	4.8912739979319	0.0212721534521804	0.00817845322248037	0.00927194810561281	0.0182707443459684	0.0182707443459684
YDR204W_mRNA	0.0927053646296043	0.159651627056481	0.130781287343809	0.0777859813879887	6.00445027852512	0.0271501252603199	0.00255949104274579	0.0216431445592243	0.0134514047609982	0.0216431445592243
YKL007W_mRNA	0.0927334351944173	0.159652775840034	0.104298734914748	0.0620400463594734	6.74454594508684	0.0156866800794578	0.00117225400792907	0.0125268386186852	0.0142236154012134	0.0142236154012134
YGL107C_mRNA	0.0928412967331818	0.159791253993358	-0.107667183061351	0.0640648583235556	5.92174078790761	0.00828521703641874	0.00293972737972236	0.00262522735690731	0.0134774969083466	0.0134774969083466
YBR283C_mRNA	0.0928948590990882	0.159836222419164	-0.110093169909963	0.0655191262628005	7.84598553899296	0.00476597004874489	0.000452167827209474	0.00119122692192458	0.0167188557977537	0.0167188557977537
YHR041C_mRNA	0.0929418809835727	0.1598699139682	0.190803693441514	0.113568263991852	5.90764118387034	0.0578598820364388	0.00277765632234833	0.0488133460221437	0.0134805604187466	0.0488133460221437
YGR055W_mRNA	0.093337394212473	0.16050285085061	-0.175235399255543	0.104428014107907	6.91431698429707	0.0489014365278794	0.00100322095038211	0.042617619571703	0.0144777744319785	0.042617619571703
YPR186C_mRNA	0.0934428232385734	0.160636733015028	-0.133403233836123	0.0795245602503884	4.93270145745946	0.0250025454243119	0.00744460627623215	0.0142591430218348	0.0178520164558384	0.0178520164558384
YPL119C_mRNA	0.0937864613149599	0.161179918472258	0.162007690118808	0.0966775113824909	5.322537251876	0.0418928182819187	0.0053369495055201	0.0320492153229265	0.0148962553094077	0.0320492153229265
YDR162C_mRNA	0.0939067613317275	0.161339071518326	0.110145721138854	0.0657531426828691	5.65916677040291	0.00984241733334127	0.00365883192137915	0.00342030668285846	0.0136350711693158	0.0136350711693158
YJL042W_mRNA	0.0940634579437137	0.161560644451673	0.124438830721596	0.0743210472561151	7.16457275160006	0.0247508468012794	0.000815156263226068	0.0212793159977567	0.0149666234313972	0.0212793159977567
YCR047C_mRNA	0.0942542443754436	0.161840621199922	-0.228367677757042	0.136471619774966	5.95120882606775	0.0834386235467161	0.00225566478601214	0.0722423472299996	0.013467778959353	0.0722423472299996
YPL246C_mRNA	0.0943356320642008	0.161932643608142	0.103725466953743	0.062001250617415	6.71864184001993	0.00745273842739113	0.00118623981266813	0.00372484493245893	0.0141903804998259	0.0141903804998259
YJR099W_mRNA	0.0944112200418626	0.162014659194077	0.127989876728784	0.0765227062288812	5.27223656367076	0.0262297473347553	0.00512024187029707	0.0183026564040695	0.0151757004004142	0.0183026564040695
YJL121C_mRNA	0.094600481292905	0.162291638401786	-0.125462640168625	0.0750547957804685	6.87848226282607	0.0252282632675071	0.00109089543830899	0.0214419940402824	0.014418894167803	0.0214419940402824
YPL247C_mRNA	0.0947301182118013	0.162466196261982	-0.12600901289835	0.0754112718355156	6.71996525458023	0.0254651493892046	0.00129228095303255	0.0214551587263676	0.0141920426806486	0.0214551587263676
YCR088W_mRNA	0.0947991558254498	0.162536751571239	0.107353290200946	0.0642600168188259	7.55925599586618	0.0103953457360099	0.000557709895542075	0.00728738084533468	0.0159596891506811	0.0159596891506811
YNL168C_mRNA	0.0949241621377359	0.162703197591777	-0.109422979975075	0.0655236940757985	5.66068411222207	0.0161701713314333	0.00354126301768157	0.0103629523955326	0.0136321549236738	0.0136321549236738
YIR016W_mRNA	0.0956277577981938	0.163860975568317	0.177812570464732	0.106702680588113	6.50567861539985	0.0509370076909121	0.00152224934373144	0.0440195988350243	0.013882695711547	0.0440195988350243
YGR250C_mRNA	0.0957046720423882	0.163944551402221	-0.113055032391824	0.0678583756182544	7.11128288273208	0.0205994848882106	0.00086149793800877	0.0175575386281836	0.0148511593154251	0.0175575386281836
YBR098W_mRNA	0.0957583003574105	0.163988200435706	0.121330608548124	0.0728373469393444	5.21261542778049	0.016178197307874	0.00567781203902095	0.00744993748494167	0.0155433043976287	0.0155433043976287
YMR290W-A_mRNA	0.0958753241655723	0.164140358092455	-0.422483715451139	0.253715378881862	2.29095171655582	0.210992969384474	0.151040069168049	0.0240259723663458	0.106445904756618	0.106445904756618
YMR228W_mRNA	0.0963285885883648	0.164867907495832	-0.144130140338151	0.086672960925835	4.68457722903787	0.0187352270700353	0.00944614747542902	0.00469202514135304	0.0206026611471763	0.0206026611471763
YNL054W_mRNA	0.096430843435839	0.164994447535154	0.103579346898538	0.0623067859832018	6.33266730298886	0.0165433898230126	0.00185522737520531	0.012804495691186	0.0136733149430207	0.0136733149430207
YEL060C_mRNA	0.0965066438726769	0.165027210801942	0.165610110380023	0.099643239250802	8.33100222183498	0.0443812161220211	0.000268973441419296	0.039446127072151	0.0180303025094326	0.039446127072151
YHL044W_mRNA	0.0964805244197388	0.165027210801942	0.144656337698588	0.0870290840817229	4.68110303104284	0.0180004728583179	0.00965141637870605	0.00365610281624366	0.0206448295257083	0.0206448295257083
YNL153C_mRNA	0.0968517311294574	0.165568716420252	-0.18553334885979	0.111746084201814	5.94259129747428	0.0557981989923397	0.00254127881392158	0.0474074705238342	0.0134711730056628	0.0474074705238342
YOR143C_mRNA	0.0969478300973562	0.165684381973364	-0.162107419496552	0.0976648321210844	5.02211157452671	0.0426177833389828	0.00726032685823813	0.0308933508747203	0.0170123093455415	0.0308933508747203
YHR202W_mRNA	0.0970271082494832	0.165771241249703	0.12158974661364	0.0732715417164614	5.16924182971652	0.0151259411741157	0.00563746970447304	0.00634487684448831	0.0158374055975555	0.0158374055975555
YDR435C_mRNA	0.0972284137803722	0.166066472789343	0.111185219291987	0.0670419960640274	6.29371401746339	0.0200765232790651	0.00192172088098733	0.0160567960640089	0.0136460962612765	0.0160567960640089
YBR223C_mRNA	0.0973356016844057	0.166200825150454	0.111729952762636	0.0673920430898336	5.53797713971869	0.0178353010823553	0.00419165749598786	0.0113508558510097	0.0139750923913001	0.0139750923913001
YBR254C_mRNA	0.0974000149415535	0.166229839014029	-0.138540351189613	0.0835793254959127	4.8225636975548	0.0124192160019059	0.00893842753612671	-0.00111596150772494	0.0190035870652801	0.0190035870652801
YOL102C_mRNA	0.0974096584953477	0.166229839014029	0.11942560875793	0.0720497620165297	5.27246131381726	0.0214915547440201	0.0055902818162264	0.0133613908303088	0.0151743910103279	0.0151743910103279
YCR099C_mRNA	0.0974448496757475	0.166241198890455	0.219942499492877	0.132705794421765	3.60096540890954	0.0448461450936959	0.0306296357701816	0.00359846166358575	0.0398136757222659	0.0398136757222659
YDR404C_mRNA	0.0975656416171662	0.166398544514523	-0.104676512886345	0.0631810123208902	5.92842580766115	0.0092472691458637	0.00249163118127823	0.00428553651784859	0.0134757300902917	0.0134757300902917
YKL015W_mRNA	0.0976588965492056	0.166508847320946	0.103910723323028	0.0627362473041922	6.24873364210606	0.0103857838771937	0.00213124152525021	0.0059114016513102	0.0136121053780009	0.0136121053780009
YPR203W_mRNA	0.0980635369308748	0.167149843814885	-0.64361372103383	0.389051504964094	2.0064232193362	0.675544973629489	0.266140621480431	0.339303672578875	0.134447137408414	0.339303672578875
YDR238C_mRNA	0.0982091338092192	0.167349053399389	-0.107385350258853	0.0649404044637777	7.72245304694733	0.0151668017194353	0.000479026010346884	0.0124763719889862	0.0163899985173293	0.0163899985173293
YKL189W_mRNA	0.0983468955772329	0.167534799307883	0.110976942659066	0.0671398857790978	5.57334499666716	0.00791538297804046	0.00416974060647399	0.000792203498011202	0.0138613164432472	0.0138613164432472
YLR133W_mRNA	0.0989553643045475	0.168522055667435	0.118233326621764	0.0716592004655397	6.24935471332401	0.0228985849821585	0.00211678073433848	0.0184233833111031	0.0136126247099805	0.0184233833111031
YGR146C_mRNA	0.0990421276654707	0.168620524774703	0.123161699734535	0.0746653915193931	6.11852140407496	0.0248580517205118	0.00225649966939309	0.020043183093584	0.0134986732486895	0.020043183093584
YJR096W_mRNA	0.0992368903192866	0.168849851028262	0.136083110789775	0.0825464289129837	6.18284621592482	0.0303769050693947	0.00207902427666938	0.0251766274284757	0.0135533631204477	0.0251766274284757
YLL042C_mRNA	0.0992178826232878	0.168849851028262	-0.356562611445488	0.216274560228404	2.74013107655003	0.208528664402315	0.0882892162450393	0.0988095253629191	0.0745375594517007	0.0988095253629191
YNL246W_mRNA	0.0992637727037069	0.168849851028262	-0.103254935551503	0.062638222042738	6.12175214642792	0.0105017423265249	0.00219304898710988	0.00601265158681115	0.0135011384555915	0.0135011384555915
YMR295C_mRNA	0.0993246727387777	0.168904128247554	0.164948492772638	0.100081817944971	7.38528609058422	0.0446499171286261	0.000641222103912014	0.039424259028769	0.0155067894946321	0.039424259028769
YOR105W_mRNA	0.0995157069902699	0.169179605755854	0.267840203257085	0.162602734629662	3.09794501038848	0.100087569317165	0.0488966371085516	0.0378433658796125	0.0568619601276254	0.0568619601276254
YKR015C_mRNA	0.0995903904793435	0.169257180552116	-0.125115683999444	0.0759730647660216	5.08818056189373	0.0161805954974054	0.00663604277681816	0.00622775686107379	0.0164515835029503	0.0164515835029503
YNL204C_mRNA	0.099660967053446	0.169323585785297	0.235435817668191	0.142991735208953	4.51646915431362	0.0911154487930752	0.0122382383105036	0.0695483070417657	0.0227219007738558	0.0695483070417657
YOR217W_mRNA	0.0996875899834482	0.169323585785297	-0.124793953833576	0.0757994545931618	6.50878511502488	0.0256030222256287	0.00173154772676087	0.0212506815397223	0.0138872944267344	0.0212506815397223
YCR060W_mRNA	0.099779389214908	0.169430114125927	0.180777783216941	0.109833609385235	4.43042347702631	0.0537516030434854	0.0126407829643534	0.0356129040380006	0.0238470316219229	0.0356129040380006
YIL044C_mRNA	0.0999642610513243	0.169694576015447	-0.105588831094852	0.0641866891216429	5.86409363883958	0.00968123713306074	0.00299310790242023	0.00419421723957997	0.0134866163391735	0.0134866163391735
YPR117W_mRNA	0.100129087197158	0.169924865135637	-0.131275379796088	0.0798401249308567	6.54371146049043	0.0283934568070012	0.00155237868465468	0.0239454035112445	0.0139398110014104	0.0239454035112445
YER132C_mRNA	0.100164663853252	0.169935740130765	-0.124639098335523	0.0758119606302909	5.80721734493231	0.025599800554244	0.00316295738505438	0.0198268561133807	0.0134959952387738	0.0198268561133807
YML019W_mRNA	0.100250072949948	0.17003112809502	-0.103907654314805	0.0632179171106367	5.99219501786639	0.00570744378523079	0.00253335496093091	0.000496963201757801	0.0134526652142984	0.0134526652142984
YDR008C_mRNA	0.100309860809371	0.170083017775145	0.198768689703289	0.12095310988148	4.14930868955979	0.0651531090843685	0.0169691402974678	0.0415494788625379	0.0280446420305115	0.0415494788625379
YCR041W_mRNA	0.100604111112846	0.170532310545081	0.442816272490023	0.269692222653612	2.24630063343319	0.290554813438559	0.180556234457555	0.0747278510317706	0.110379345381828	0.110379345381828
YPR193C_mRNA	0.100856596027132	0.170910566740567	0.415433508746121	0.253202729561735	2.31284760099455	0.140047572705926	0.151872427022741	-0.0511314563204235	0.104574062007311	0.104574062007311
YDR239C_mRNA	0.101004726569853	0.171069207617498	-0.108316758408284	0.066046718610585	5.63103253395966	0.0112347951589884	0.00375176008133382	0.00493337183127417	0.0136969160755694	0.0136969160755694
YDR295C_mRNA	0.101008938243082	0.171069207617498	-0.129581251051926	0.079013831819708	5.73307944224771	0.0277855731434255	0.00346996378496204	0.0215027786903704	0.013534674682173	0.0215027786903704
YOR067C_mRNA	0.101126273899004	0.171218155110607	0.101892170525196	0.0621514354572732	6.50731746484156	0.00591073859994559	0.00156608379030662	0.00180056059125348	0.0138851199272917	0.0138851199272917
YHR158C_mRNA	0.101567871128627	0.171915867866178	0.116056486671707	0.0708828623322934	6.77508134811364	0.0223494481366518	0.00117826313648555	0.0189192575531899	0.0142646837438335	0.0189192575531899
YKR025W_mRNA	0.10204741425691	0.172677384682184	-0.119220601563224	0.0729174516304793	6.22192636251234	0.0236402448984168	0.00209265906157871	0.0191751599475545	0.0135888235190933	0.0191751599475545
YDR221W_mRNA	0.102148813024659	0.172798776039972	0.10376086475482	0.0634807731122986	6.02058321846712	0.0121530976615437	0.00266722409336092	0.00727786138553082	0.0134520101263796	0.0134520101263796
YLR168C_mRNA	0.102208608099551	0.172849738980547	-0.130197700275464	0.079668686351056	4.90288985099002	0.0265200187214929	0.00723687603022816	0.0163341608407943	0.0181515223093836	0.0181515223093836
YCR082W_mRNA	0.10241308103429	0.17314527281073	0.126045119952557	0.0771736668098103	5.61710461811038	0.0264715253728152	0.00393136495193272	0.0198917344435537	0.0137333848288802	0.0198917344435537
YKL131W_mRNA	0.102463719791685	0.173180629969933	-0.311438874506627	0.190712853287617	2.84375338254873	0.123648705232405	0.0766581378584992	0.0281099970179481	0.0688274317779167	0.0688274317779167
YKL196C_mRNA	0.102522866470622	0.173230342244155	0.101567245934475	0.0622064763498764	6.87376045265639	0.0155766505739387	0.00106723875069438	0.0126746281651788	0.0144113440487766	0.0144113440487766
YBL099W_mRNA	0.102636902451271	0.173372743891303	0.108905170499899	0.0667228435740712	8.13625601099744	0.0155297769594203	0.000307277237709694	0.0129431020297799	0.0175004741807302	0.0175004741807302
YCR091W_mRNA	0.102846095669861	0.17362542838963	0.187283769234219	0.114812815401817	6.07898147624156	0.0585661243587895	0.00255780891478108	0.0501701214071859	0.0134724390769464	0.0501701214071859
YKL201C_mRNA	0.102834366019521	0.17362542838963	0.102221121077349	0.0626637036115522	6.24266305715535	0.00720344796358251	0.00209998507335121	0.00263252128925577	0.0136069739279146	0.0136069739279146
YDR258C_mRNA	0.10332102409484	0.174376676238859	-0.180230078642484	0.110641045036619	6.8486425836749	0.0543634808273622	0.0011205820947103	0.0478451812924703	0.0143719970556133	0.0478451812924703
YOR231W_mRNA	0.103453427146474	0.174549570389621	0.102361576783265	0.0628626448740639	6.17795495475114	0.00648005959961793	0.00225791649764871	0.00169132095864018	0.013548931984602	0.013548931984602
YJL192C_mRNA	0.103791012708574	0.175068453978041	0.10079892312458	0.0619635215884119	6.50088290432149	0.0113866120261035	0.00148228529102458	0.00781467819320771	0.0138756267395258	0.0138756267395258
YPL192C_mRNA	0.103978802411951	0.175334443661947	-0.34067140558626	0.209532663774381	3.03383535988714	0.19485656725908	0.0650790633191422	0.110536685434409	0.0596299167487795	0.110536685434409
YDR408C_mRNA	0.104173008060221	0.175611095184851	-0.152883586876173	0.0940850465254111	6.60104773245991	0.0392803559604713	0.00137580980789287	0.0340321741108622	0.0140270159292534	0.0340321741108622
YDR524C_mRNA	0.104392251331981	0.175929781967059	-0.104751942912101	0.0645054878748628	5.86245483993081	0.01335228883094	0.0031570262502093	0.00801386334183786	0.013486805613687	0.013486805613687
YBL091C_mRNA	0.104539237761967	0.176126546906079	0.126467894324146	0.0779110331587317	7.79461989065463	0.0269269161399566	0.000455827872827727	0.0238246884786162	0.0165818079229312	0.0238246884786162
YLR182W_mRNA	0.104772598487774	0.176468678459025	0.110480437906589	0.068107679235612	6.4539304961223	0.0205725628672229	0.00170267537838158	0.0168519485050625	0.0138089499937845	0.0168519485050625
YIR005W_mRNA	0.104883621899099	0.17660461883935	0.233263648123303	0.143845598248825	3.38893759343518	0.0639483593464442	0.0366712626341147	0.016298571083992	0.0460949619081343	0.0460949619081343
YDR440W_mRNA	0.105117196322166	0.1768999289227	-0.104795198412939	0.064666999713797	5.74147900241298	0.00872077071457956	0.00319945595652674	0.00300650306326354	0.0135278274514101	0.0135278274514101
YNL195C_mRNA	0.105119731192995	0.1768999289227	0.308446889559531	0.190337731039947	4.27719095608635	0.160623415915478	0.014556759713645	0.130357047716095	0.0260102011500554	0.130357047716095
YDL132W_mRNA	0.105259582002653	0.177046034400328	0.101986658373719	0.0629596669428612	7.21226595313038	0.011466754983303	0.000780502739258138	0.00853351231821294	0.0150751759069659	0.0150751759069659
YGL116W_mRNA	0.105267329756735	0.177046034400328	0.131730291940315	0.0813231854499771	5.93928038399727	0.0293176844530452	0.00252736266368721	0.0239264793032383	0.0134723459375059	0.0239264793032383
YJR032W_mRNA	0.106043940474849	0.178300720694507	-0.151876490085085	0.0939694261163493	5.44224962066104	0.0391173362307918	0.00464213346885582	0.0306788787096883	0.0143332381128287	0.0306788787096883
YAL044W-A_mRNA	0.106435929095075	0.178908171641057	0.21949623205715	0.135959641227073	4.38898331075552	0.0818583819956287	0.0140026489362576	0.05993744723412	0.0244045428040923	0.05993744723412
YMR113W_mRNA	0.106753221306992	0.179389751178117	0.104171654494107	0.0645841566575593	5.85939202209134	0.0100910882946911	0.00319729152632627	0.0045140934751172	0.0134871616383464	0.0134871616383464
YOL039W_mRNA	0.10684488955187	0.179492020337138	-0.209733261051927	0.13006406309216	7.35362954210547	0.0748856767744146	0.000714258173673369	0.0669523838584919	0.0154250752495299	0.0669523838584919
YDR230W_mRNA	0.106921789289969	0.179569427616996	0.222911381835147	0.138266666648027	4.00708850231795	0.0846231679026788	0.0212271154895905	0.0552435689342356	0.0305846103005434	0.0552435689342356
YKL006C-A_mRNA	0.10695994402492	0.179581738872963	0.313454048518453	0.194449296022811	2.75460842950436	0.072393074271169	0.0775344346658873	-0.0280428380989514	0.0737076802291799	0.0737076802291799
YLR351C_mRNA	0.107117812661235	0.179794980283595	0.126611471682764	0.0785779931383769	7.11861446823639	0.0273262610242247	0.000810407334079866	0.0238875966885394	0.0148666800385372	0.0238875966885394
YKL076C_mRNA	0.107173828423883	0.179837190206666	0.192046609047144	0.119207563853809	3.85156919885796	0.0524175692676405	0.0231000516050653	0.0225239440255477	0.0337417215147749	0.0337417215147749
YPR048W_mRNA	0.10787607128157	0.180963429682242	-0.131229866752305	0.0816200895255732	5.07153688555259	0.0294632064336278	0.00610909254032761	0.0205382635163228	0.0165878668417406	0.0205382635163228
YGR196C_mRNA	0.108165941329505	0.181397459466233	0.100045944518239	0.0622760462290018	6.33565352231605	0.0137569012474415	0.00183745301321058	0.0100423151763206	0.0136757707224565	0.0136757707224565
YOR094W_mRNA	0.108371404449843	0.181689727287708	-0.150451298556272	0.0937066399368687	4.4774497082102	0.0339816640064234	0.0118934617954833	0.0180481515721794	0.0232302756775486	0.0232302756775486
YML117W_mRNA	0.108951693511814	0.182610059378546	0.104060748539304	0.0649193753157307	7.72444634082001	0.0165442160469827	0.000462816746349962	0.0141692320506858	0.0163952844191888	0.0163952844191888
YPL280W_mRNA	0.109815133332816	0.18400430451452	0.79579327401939	0.497674186221724	1.44886027439974	1.09354700635063	0.594849651697501	0.395868730828321	0.215317181443997	0.395868730828321
YBR137W_mRNA	0.110210620338705	0.184567379841863	0.1321097602185	0.0827109054355275	4.8389712350326	0.0265002888475597	0.00853995629518839	0.0148666421143428	0.0188244192166707	0.0188244192166707
YML003W_mRNA	0.110214540760357	0.184567379841863	-0.354666303808848	0.222050923449829	3.42330396042081	0.217621536940356	0.0475967373204412	0.149629713099245	0.0449960388930495	0.149629713099245
YGL094C_mRNA	0.110774536842644	0.185451853921047	-0.0996236238537109	0.0624708617307395	6.39504237521	0.0149819201645595	0.00187561355239112	0.0113407676439953	0.0137348207091336	0.0137348207091336
YMR209C_mRNA	0.110812418841379	0.185461979939636	-0.102062119708195	0.0640067616150832	5.88008913198192	0.0101312771322556	0.00290273080803134	0.00497601575386254	0.013484731321769	0.013484731321769
YGL209W_mRNA	0.111148064951387	0.185970312006543	-0.133828655810471	0.084007604961766	7.31734353781892	0.0311231991455487	0.00069545302525078	0.0275336577403977	0.0153317373435215	0.0275336577403977
YCL033C_mRNA	0.112268852516459	0.187791655113664	0.235512285555786	0.148300262343549	6.02666479558557	0.0968980229344069	0.00246390573176848	0.0855079655128932	0.0134528657555663	0.0855079655128932
YGL240W_mRNA	0.112354662265263	0.187881246371246	-0.199835466730118	0.125864916404308	3.72927326220181	0.0563284823850784	0.0268277600200877	0.0221144100315694	0.036540148705766	0.036540148705766
YPL248C_mRNA	0.112673215834077	0.188359872438833	0.102589813452912	0.0646727402151667	5.80167301680761	0.00813757499137251	0.00323273737271281	0.00247904445395681	0.0134975159350409	0.0134975159350409
YDL238C_mRNA	0.112830206718095	0.188568211227659	-0.198682147167532	0.125304124110341	5.35124401579565	0.0691440866319835	0.00476141206498738	0.0580430820112518	0.014748603787606	0.0580430820112518
YJR154W_mRNA	0.113224526573883	0.189172954350284	0.297361004587268	0.187743951018188	3.95914549341789	0.15517137148374	0.0226445034868421	0.118346661088837	0.0315131695074879	0.118346661088837
YJL099W_mRNA	0.113384224604796	0.189385462312943	-0.100852134550763	0.0637029217053097	5.85901562076424	0.00597332135539968	0.00274504324578934	0.000748900194011655	0.013487205689382	0.013487205689382
YLR390W-A_mRNA	0.113430289041125	0.189408100875206	0.10572865529816	0.066791687434435	8.14636493187042	0.0080871102764493	0.000316632942490535	0.00515425705337452	0.0175278850988665	0.0175278850988665
YBL051C_mRNA	0.11358139701312	0.189551767114991	-0.149428496896607	0.0944376031798403	6.90648172681333	0.0392499541881923	0.000986464587207223	0.0346873789902047	0.0144646617356485	0.0346873789902047
YDR304C_mRNA	0.113576520567779	0.189551767114991	0.0998280290350318	0.0630896559606733	7.2831487002082	0.0126349943063308	0.000675602119466096	0.0100145673855971	0.0152456166374784	0.0152456166374784
YER068C-A_mRNA	0.113765480134396	0.189804606890891	0.501641191502039	0.317194803108759	1.8779155241498	0.442725196981453	0.243199179005275	0.159250993471544	0.149650911449293	0.159250993471544
YGR080W_mRNA	0.113929738888781	0.190024236692253	0.0996749467089646	0.0630545236255797	6.08833953123763	0.0140019909707744	0.00242558290162836	0.00973795170950571	0.0134779088969668	0.0134779088969668
YGL211W_mRNA	0.114038402353637	0.190151039528418	-0.107097385908681	0.0677703295431695	6.18541856096786	0.020205145599448	0.00209034427138274	0.0162809259941764	0.0135557002656913	0.0162809259941764
YDR079W_mRNA	0.114508932807653	0.190880984989237	0.31740365324451	0.201111551291443	3.288364651681	0.177863217059432	0.0504198687314062	0.111363555519997	0.0495083643726316	0.111363555519997
YPL167C_mRNA	0.114584038152937	0.190951546418481	-0.108270503672745	0.0686159742880075	5.69647014749536	0.020703101053452	0.00370883281065916	0.0151237748993109	0.013574492786733	0.0151237748993109
YHL026C_mRNA	0.114713890772935	0.191010751280376	0.148190178422639	0.0939485337869952	5.05266930505383	0.0388077085309601	0.00613792334339376	0.029167384659511	0.0167464404680978	0.029167384659511
YML012C-A_mRNA	0.114717922885348	0.191010751280376	0.211000177432372	0.133769848021178	3.80226853365968	0.0752385456890367	0.0367431764206146	0.0311492439957839	0.0348343125378217	0.0348343125378217
YNR071C_mRNA	0.114658277031173	0.191010751280376	0.166521900525531	0.105554159763531	4.1928981420867	0.0489901526298731	0.0159735828839159	0.0285931396896239	0.0273260986232819	0.0285931396896239
YBR010W_mRNA	0.114915684264591	0.191285364721573	0.129080325762281	0.0818789260051773	7.71831185533901	0.0294719866217479	0.00050234533116006	0.0263142887638851	0.0163790189541673	0.0263142887638851
YLR026C_mRNA	0.114954797022405	0.191295814753651	0.0984221765459582	0.0624384100101907	6.18289425653217	0.00827703139516425	0.00204081344749074	0.00405974166560129	0.013553406730912	0.013553406730912
YKL150W_mRNA	0.115198491242655	0.191591895512335	-0.0993069136837901	0.0630419571141622	7.24494968371647	0.0130875390789653	0.000744741549250963	0.010459946576669	0.0151524118778845	0.0151524118778845
YLR444C_mRNA	0.115177940546323	0.191591895512335	0.425228850419066	0.269928267903625	2.09521385589869	0.302649638301355	0.16651871475762	0.10608601907134	0.124926364496183	0.124926364496183
YBR208C_mRNA	0.115251389995025	0.191625170693783	-0.0984605073286186	0.0625137386544685	6.70545256513149	0.0171749378109967	0.00129762088538125	0.0143342491968555	0.0141739472492002	0.0143342491968555
YJL195C_mRNA	0.11538517266551	0.191792634180466	0.620208641257969	0.393922687158202	1.96492827229328	0.301885259666456	0.481535377322037	-0.267989387305422	0.139164956509718	0.139164956509718
YJR019C_mRNA	0.115417949783164	0.191792634180466	0.21573517277398	0.137035557321531	6.23530354674367	0.0825184214287294	0.00205300652562695	0.0730619693560634	0.013600630702497	0.0730619693560634
YCR031C_mRNA	0.115559328701267	0.191972811238546	-0.191620095333853	0.121764894863484	8.61340637951502	0.0651445108350319	0.000174006478078052	0.0591327520063833	0.0188033214568325	0.0591327520063833
YOR110W_mRNA	0.115794247487036	0.192308234281491	0.0985398682226151	0.0626575169178961	6.19572760546484	0.0116476782401508	0.00213876476060961	0.00756657460260049	0.0135650929446561	0.0135650929446561
YGR120C_mRNA	0.115908733035169	0.192443510590737	0.139681969248578	0.0888460219841557	4.62413699365355	0.0267881382692764	0.0102270231123375	0.0128999671666984	0.0213474393772988	0.0213474393772988
YHR164C_mRNA	0.116036121032996	0.192600125680408	0.0990376413456461	0.0630158305160445	6.06263357975265	0.00983087437919336	0.00241979318079605	0.00531087096739432	0.0134641864017113	0.0134641864017113
YBR278W_mRNA	0.116367202367208	0.19309465137891	0.118618481310091	0.075543262464167	5.07739226491642	0.0245399583476711	0.00628760378838878	0.0159851104103124	0.0165395342265313	0.0165395342265313
YDL224C_mRNA	0.116453778926327	0.193183290439858	0.0973209469646831	0.0619944265210903	6.5828384209681	0.012417901481451	0.00137381213472397	0.0092249775330871	0.0139994235439915	0.0139994235439915
YHL027W_mRNA	0.116890522173639	0.193852599539886	0.128838548935811	0.0821695503185446	7.17706506873771	0.0296333497828297	0.000799247137682858	0.0262080928605245	0.0149945804399628	0.0262080928605245
YJR034W_mRNA	0.116974542530071	0.193936734428057	0.181998841048876	0.116100316513101	3.90099825708628	0.0522601008813484	0.021225095688508	0.0253039900720412	0.0326920382892609	0.0326920382892609
YAL047C_mRNA	0.117262722110531	0.194359208823884	0.117791466969473	0.075200426457727	5.10099114390273	0.0119831863817766	0.00627140488792908	0.00260348632373998	0.016349011669767	0.016349011669767
YIL145C_mRNA	0.117383286534649	0.194503705162361	-0.097805730069445	0.062461672414916	6.5502320255471	0.00778401026392747	0.00165611445458505	0.00395076487550377	0.0139497276288881	0.0139497276288881
YHR001W_mRNA	0.117915864019339	0.19533062945029	0.0986683039560515	0.0631040333097477	5.99330930434572	0.00736846516756395	0.00247598981587926	0.00263724166206389	0.0134524862639517	0.0134524862639517
YJL108C_mRNA	0.118015887008485	0.195440749775847	-0.0998343140643591	0.0638671436297761	5.86543427855447	0.0104000148997122	0.00282958634821839	0.00546560382584434	0.0134864617934874	0.0134864617934874
YGL049C_mRNA	0.118319883646483	0.195888503019156	0.0985761277226482	0.063114386584937	7.22985701062223	0.0166543609103801	0.000817245000525256	0.0142503551300843	0.0151164581754462	0.0151164581754462
YOR354C_mRNA	0.118396998987497	0.195960487528738	-0.0977737945420981	0.0626138013210476	6.19543635232649	0.010236975559905	0.00211712513674649	0.00611971584910592	0.01356482732674	0.01356482732674
YBR080C_mRNA	0.118514073871349	0.195987225198546	-0.0974047892402291	0.0623973286481963	6.88979080581736	0.00742002529538456	0.00113653282109543	0.0041027248619785	0.0144371736686286	0.0144371736686286
YPL109C_mRNA	0.11850531329711	0.195987225198546	-0.109754378895534	0.0703067806325328	5.34183244530272	0.0153252552808401	0.00497608000023173	0.00800211531874139	0.0147960936114126	0.0147960936114126
YPL210C_mRNA	0.118508528666713	0.195987225198546	-0.126584787420586	0.0810887608380186	6.64972870239834	0.0288211008762001	0.00135540688156346	0.0249461416554181	0.0140987468617048	0.0249461416554181
YPL081W_mRNA	0.118578636930332	0.196038348114674	-0.201061680833179	0.128822320431776	5.74033624030753	0.0727355901011847	0.00319384656166624	0.0631869144040422	0.013528714071641	0.0631869144040422
YKR103W_mRNA	0.118814526670767	0.1963726049316	-0.157867974621602	0.101212419745011	4.3200235333069	0.0448900405760239	0.0133958689611211	0.0275799466814397	0.0253768987010274	0.0275799466814397
YCR042C_mRNA	0.119153387334506	0.196865037241787	0.109317953864481	0.0701503945117623	6.76669416804036	0.0215588013171465	0.00123034353114848	0.0184539678694751	0.014253199850215	0.0184539678694751
YMR268C_mRNA	0.119180052583553	0.196865037241787	-0.192341700951108	0.123436454734361	4.71253491571719	0.0667485725141857	0.00967249753730306	0.0512737358922487	0.0202664375497272	0.0512737358922487
YJL141C_mRNA	0.119370667478699	0.197124010411253	-0.0989749077785914	0.0635505336287057	7.37293398630982	0.0124409062364531	0.000679802477787715	0.00985087352704616	0.0154748788201853	0.0154748788201853
YIL033C_mRNA	0.119429072869997	0.197164573120035	0.0993712797371996	0.0638151234548306	7.43662590871866	0.0148395386480085	0.000649700321188155	0.0124284764483613	0.0156397796050329	0.0156397796050329
YPR030W_mRNA	0.119603331169028	0.197396319374152	0.171440120451372	0.11014882829532	5.83096978340144	0.0531334443061408	0.00321684843466784	0.0453142090646599	0.0134910252747952	0.0453142090646599
YDR533C_mRNA	0.119751351758681	0.197584643258589	-0.137914746873518	0.0886445185796619	4.93545896315307	0.0344081031584712	0.00766846853764871	0.0237629341592314	0.0178247915489842	0.0237629341592314
YHR074W_mRNA	0.119980660784891	0.197906944997954	-0.0969185987633158	0.0623328946492741	7.00541952141128	0.00653393157661373	0.000901535043040435	0.00341533027869022	0.0146400239783896	0.0146400239783896
YKR037C_mRNA	0.120098211393716	0.198044772029377	0.133933607106506	0.0861663178959163	4.71646805501075	0.012634889730279	0.00947894143800907	-0.00106676275915583	0.0202195959209514	0.0202195959209514
YGR219W_mRNA	0.120177857096423	0.198120032666599	0.167793452359948	0.107973283837002	4.0998972516942	0.0471926161199577	0.01774069589213	0.024778637763576	0.0288922241980534	0.0288922241980534
YGR190C_mRNA	0.120464657001573	0.198536659601461	-0.371103074301684	0.238985579759275	3.06761107308585	0.249950665177716	0.0670622101984171	0.16139421913309	0.0581520399624056	0.16139421913309
YAL002W_mRNA	0.120651427357816	0.198681772785749	-0.127854090476538	0.0823778179107191	6.04282981666376	0.02969390315302	0.00258268364903572	0.0245617358858906	0.0134566902049196	0.0245617358858906
YLR363C_mRNA	0.12064146286503	0.198681772785749	-0.143719166479183	0.0925973786696858	4.5048548864539	0.0345005213122427	0.0114242815593495	0.0196390773284902	0.0228728165866392	0.0228728165866392
YOL096C_mRNA	0.120655014094744	0.198681772785749	0.0999237445347572	0.064382606054103	5.78511641901081	0.0109563726612316	0.00307737312994167	0.0058088105151358	0.0135031067193296	0.0135031067193296
YPL155C_mRNA	0.121045852800084	0.199269041653939	0.113678901769419	0.0733223670178258	5.95388235900139	0.0235171375410282	0.00275736005375139	0.0187473179666356	0.0134666196098357	0.0187473179666356
YMR087W_mRNA	0.121160549766276	0.199401514954329	0.108418424339465	0.0699509491654023	5.33675046135156	0.0195009792662259	0.00475043437096426	0.0127850277753486	0.0148221067855986	0.0148221067855986
YOR016C_mRNA	0.12145393756214	0.199785069616222	0.104242707270494	0.0673098280410896	5.57811305601111	0.0118709668525099	0.00427575234637173	0.00533841441872264	0.0138466994573125	0.0138466994573125
YOR297C_mRNA	0.121462189595032	0.199785069616222	-0.133242011695323	0.0860366717973744	4.70303125262747	0.0205605338739685	0.00922913964895635	0.00772759416440523	0.0203800959269201	0.0203800959269201
YPL038W_mRNA	0.12150775780023	0.199803611895043	-0.147266579473008	0.095104210993149	4.71150060884328	0.0395506129894644	0.00903928537236458	0.0271399584221531	0.020278774839699	0.0271399584221531
YKL168C_mRNA	0.121683427329888	0.200036017952576	0.0975462487105074	0.063024707909582	6.17243956617111	0.0173666303831269	0.00224491915334164	0.0136435360750109	0.0135439622332775	0.0136435360750109
YMR237W_mRNA	0.121929587254184	0.200384139730008	-0.0962475643280007	0.062226684285417	6.78083520535879	0.0156526535843482	0.00121598979985257	0.0129079694293569	0.0142726511487753	0.0142726511487753
YHR141C_mRNA	0.122029945276914	0.200445442979069	-0.223822360853872	0.144746200384757	7.82497459123501	0.0915778465545975	0.000452364297851965	0.083353485805445	0.0166627456648256	0.083353485805445
YNL083W_mRNA	0.122035699664737	0.200445442979069	0.103792904415834	0.0671240357324803	5.55791781169812	0.0164813424629327	0.00411277001516171	0.0104678206216735	0.0139097746768995	0.0139097746768995
YMR140W_mRNA	0.12258131828538	0.201284881716636	0.188799099921895	0.122276916717676	5.98028921401739	0.065324832319749	0.00273439810712321	0.0570721793408028	0.01345541358628	0.0570721793408028
YCL008C_mRNA	0.122671929960412	0.201376912918951	0.139558367169998	0.0904077439142608	6.52685961689965	0.0357083680219968	0.00150867939426444	0.0311855612444018	0.0139143140104899	0.0311855612444018
YNL065W_mRNA	0.12285002795547	0.201612468413682	-0.157734464088391	0.102231092248307	5.41009943904313	0.0456525088728526	0.0049028578136668	0.0369019270754604	0.0144711692710825	0.0369019270754604
YEL070W_mRNA	0.122974006290234	0.201759099027571	0.295445686801575	0.191548095025629	4.78723553767525	0.160255352469577	0.0165951312957091	0.13016755953608	0.0193977886091665	0.13016755953608
YGL128C_mRNA	0.123160879239965	0.202008806996631	0.120336698004851	0.0780575408251413	4.97018887782665	0.0200534309271429	0.00688290684431046	0.0104655060385681	0.017489011874364	0.017489011874364
YDR493W_mRNA	0.123476870223702	0.20247009454638	-0.198607471818331	0.128937208256386	3.93896379565964	0.0725845811422345	0.0210622448521556	0.0454369698396474	0.0319156542414021	0.0454369698396474
YGR167W_mRNA	0.123554493801562	0.202483398280703	0.0976920328368584	0.0634353947316762	7.33728001326944	0.00734546238527746	0.00071323678969753	0.00443012054315753	0.0153829604293567	0.0153829604293567
YLR138W_mRNA	0.123553983416803	0.202483398280703	0.0992243773357216	0.0644303204909381	7.61278243213796	0.00903066470288939	0.000504791769340784	0.00635792696728021	0.0161002730249192	0.0161002730249192
YOL092W_mRNA	0.123682092635409	0.202635509475223	-0.09571830228311	0.0621748977370687	6.70494247670289	0.0101173415116216	0.00128956578423145	0.0069327305805171	0.0141733058502283	0.0141733058502283
YKL071W_mRNA	0.124251084938094	0.203489421278132	-0.163077428089518	0.106089221211077	4.13571388127462	0.0371291296712401	0.0167454133476707	0.0154374405708603	0.0282742780810206	0.0282742780810206
YOR317W_mRNA	0.124273148113216	0.203489421278132	-0.128223845812249	0.0834202845567868	7.35757211502351	0.0303644183713006	0.000693588425813947	0.0271421870763272	0.0154352399349234	0.0271421870763272
YDR426C_mRNA	0.124569151380175	0.203916795712531	0.205546844652704	0.133830490786308	3.59986683391796	0.0480176969699463	0.0317990885286396	0.00757715669725063	0.0398433125277763	0.0398433125277763
YNR073C_mRNA	0.124777994216837	0.204179872849719	0.220561615997349	0.143686126001014	4.47198951902864	0.0900499375263652	0.0269142531906059	0.0556685580301106	0.0233016858179495	0.0556685580301106
YOR041C_mRNA	0.124799953178485	0.204179872849719	0.160134053968462	0.104326320700492	4.34500368577838	0.0474716405101339	0.0173006208965985	0.0262353038670094	0.0250180701070894	0.0262353038670094
YER137C_mRNA	0.124913513964506	0.204308290948123	0.284135808243691	0.185168423498133	2.89039654350156	0.114292041896968	0.0707249310524891	0.0286642116867488	0.0664244491906468	0.0664244491906468
YJL067W_mRNA	0.125272819787575	0.204838464238679	0.181605650645876	0.118463268991253	3.98185625428006	0.0531884601894267	0.0250656520485928	0.0224989517696467	0.0310685323517834	0.0310685323517834
YER161C_mRNA	0.125409470891883	0.205004370767708	0.0954208930296306	0.0622665660157241	6.46071050081322	0.00898482118192902	0.0016902601383227	0.0053348634632949	0.0138182408352394	0.0138182408352394
YLR019W_mRNA	0.125578289153961	0.205222752485548	0.11853820387671	0.0773862380387878	6.96564595693874	0.0261045662686558	0.00101428272123944	0.0229402366299442	0.0145669742023741	0.0229402366299442
YBR204C_mRNA	0.126016532710754	0.205881188887507	0.104644155723042	0.0683948375852323	5.80738756060626	0.020384094038222	0.00322478363442816	0.0154866315988131	0.0134959510357407	0.0154866315988131
YDR254W_mRNA	0.126118738970712	0.205990404609859	0.104299352229246	0.068187872487178	5.4709988858634	0.013237710556871	0.0043807131327941	0.00669444678515615	0.0142176306845165	0.0142176306845165
YGR033C_mRNA	0.126487454660175	0.206534728377292	0.0968811753419706	0.0633997184417313	5.96998027488385	0.00606130264506267	0.00261902124161268	0.00119352812505684	0.0134590759523505	0.0134590759523505
YPL050C_mRNA	0.126664409305635	0.206765718300541	0.095387229209013	0.0624511857407209	7.02241543546517	0.00619446244284919	0.000928317267302667	0.00310897149398638	0.0146722851343854	0.0146722851343854
YLR353W_mRNA	0.126835354345521	0.20698677154538	0.0966526107149	0.0633081425444179	5.96774037235203	0.0121702652991467	0.00257164845003638	0.00779885661104764	0.013460035199661	0.013460035199661
YBR047W_mRNA	0.127568494635986	0.208124908918862	-0.190032950555387	0.124713117882606	3.77256565513015	0.0571463590350133	0.0266980017492178	0.0242123765606432	0.0355154453387851	0.0355154453387851
YLR176C_mRNA	0.127614332197583	0.20814140520244	-0.116827375214422	0.0766796496992112	5.69361929892441	0.0255907725577076	0.00357562174487574	0.0199434529670992	0.0135783527144791	0.0199434529670992
YHR098C_mRNA	0.127874069827566	0.208506669693647	-0.095806202218243	0.0629252842743949	7.23337430704471	0.00777298581321231	0.000713572668415886	0.00499210402188791	0.0151247929356377	0.0151247929356377
YBL059W_mRNA	0.12798850677856	0.208634874228285	0.161743176833427	0.106264422429884	4.5448396470409	0.0491335039715106	0.0120361656709937	0.0331323442264336	0.0223550406473379	0.0331323442264336
YKR087C_mRNA	0.128328946773911	0.209131312980366	0.0997775762824893	0.065611861685212	5.6691255719069	0.0135566469275316	0.0036030001487248	0.00807753163682827	0.0136166654264728	0.0136166654264728
YPR191W_mRNA	0.128391790938436	0.209175216445003	0.127827493218655	0.08407079671851	6.747009865925	0.0307441205533215	0.00121621187545283	0.0270553835680873	0.014226853376596	0.0270553835680873
YLR421C_mRNA	0.128529495389839	0.209341023243277	0.116670056405179	0.0767603370679065	6.07762865534876	0.0256271981110636	0.00238308505440239	0.0211855123327121	0.0134716913885591	0.0211855123327121
YDR233C_mRNA	0.128710592429806	0.209577392816112	-0.0998026106802727	0.0656939185675846	7.89148393647216	0.00886516108095472	0.000422168331086386	0.00623034394176564	0.0168405954159714	0.0168405954159714
YNL167C_mRNA	0.128792380354426	0.209651972043836	0.0945704427065221	0.0622632220046009	6.60897515801577	0.0114509847611795	0.00146789798762471	0.00824570893257981	0.0140389372699521	0.0140389372699521
YNL234W_mRNA	0.1288787881048	0.209675459228865	0.118928351445401	0.0783176576433705	5.77268230365843	0.0266707012693172	0.00317036642951331	0.0213642555654635	0.0135085158752386	0.0213642555654635
YPL249C-A_mRNA	0.12884305897164	0.209675459228865	-0.154682176066776	0.101853039710771	6.92287080269134	0.04511017583181	0.00102173823796522	0.0404744285553305	0.0144922420087418	0.0404744285553305
YBR193C_mRNA	0.129274851244017	0.210243518354069	0.110418423826978	0.0727889112534147	5.2162612120756	0.0208123430962673	0.00567326488381256	0.013142180342064	0.0155196375220174	0.0155196375220174
YLR290C_mRNA	0.129336211771538	0.210243518354069	0.187616452990766	0.123698424706849	5.33479867047939	0.0665115032752591	0.00522131971551816	0.0559838813843062	0.0148321668936219	0.0559838813843062
YPL228W_mRNA	0.129316107126791	0.210243518354069	0.0951354343027964	0.0627209692144315	6.16869550312116	0.013416101465357	0.00219507086828733	0.00959339474174328	0.0135406090485033	0.0135406090485033
YGR027C_mRNA	0.1296361748592	0.210672344415537	-0.150596133766192	0.0993680911634476	8.20777358893992	0.0429107842895642	0.000261867261505786	0.0392342029043632	0.0176946292612952	0.0392342029043632
YMR189W_mRNA	0.130488638547299	0.211998552196477	-0.290713741476701	0.192248386817543	5.78524361172653	0.160519112202307	0.00325850067482841	0.144579268260963	0.0135030571245115	0.144579268260963
YDR472W_mRNA	0.13053747813819	0.21201877547619	-0.101628112318228	0.0672149917987233	5.55893049989097	0.0196208653142401	0.00381009840942967	0.0142613220805801	0.0139065387124498	0.0142613220805801
YBR089W_mRNA	0.130761442094985	0.212323344940184	-0.179200710331458	0.11858910518911	4.50968953868385	0.061066708468547	0.0259482134297	0.0303052900485148	0.0228099486685186	0.0303052900485148
YOR039W_mRNA	0.130921601113788	0.212524170545815	-0.0953733650491337	0.0631411979275201	6.0521940970975	0.0101872405451668	0.00248737284800434	0.00582864809016153	0.0134598706548848	0.0134598706548848
YOR357C_mRNA	0.1310638142177	0.212695760900368	0.116740456674531	0.0773156519964164	5.05330221035199	0.0259510066227764	0.00704337193565481	0.016867468238869	0.0167410515073935	0.016867468238869
YBR053C_mRNA	0.131251350725141	0.212940787893253	0.141677621976541	0.0938768690227026	6.24628788617792	0.0382540480250685	0.00199828839859663	0.033253177751426	0.0136100498149966	0.033253177751426
YBL100C_mRNA	0.131492656452176	0.213107682195628	-0.245205993501398	0.162577377108421	3.16846834531115	0.1122406104425	0.0517323512112971	0.0513465944773796	0.0539932629785185	0.0539932629785185
YDL161W_mRNA	0.131526412462867	0.213107682195628	0.118838708417952	0.078799768959065	7.09069240370376	0.0269478103601267	0.000869709539658487	0.0239679048123496	0.0148081923107599	0.0239679048123496
YDR126W_mRNA	0.131573692560534	0.213107682195628	0.129700423330701	0.0860125092239414	5.02811563688562	0.032105686457105	0.00640279185668635	0.0231898151153081	0.0169591979452204	0.0231898151153081
YGR218W_mRNA	0.131423517855479	0.213107682195628	-0.0993811726118622	0.0658802631207825	7.32313061934704	0.0188372118490128	0.00070615362361382	0.0166546826518403	0.0153465635240469	0.0166546826518403
YHR111W_mRNA	0.131485650873462	0.213107682195628	0.0951523933371264	0.0630871434278543	5.98192269757239	0.00659986223434764	0.00246500636651181	0.00201942375377974	0.0134549442970348	0.0134549442970348
YML070W_mRNA	0.13155025485382	0.213107682195628	0.095203251911295	0.0631314310964635	7.29069229550528	0.0114845785966458	0.000677913202090241	0.00903737553017722	0.0152643971670598	0.0152643971670598
YBR139W_mRNA	0.131631241107724	0.213141637213341	0.154837818572153	0.102698006706253	7.01867493268379	0.0457682875200822	0.000982844335372426	0.0412046779903776	0.0146651312998331	0.0412046779903776
YNL169C_mRNA	0.131749049642639	0.213273121205338	-0.0936359674136541	0.0621241095657206	6.4926998762775	0.00544737369219614	0.00157396252720074	0.00175745374486913	0.0138636574301339	0.0138636574301339
YBR082C_mRNA	0.131844133783551	0.21336775650638	0.0959706931761564	0.0636887925038592	7.42525611098953	0.00956409014758982	0.000614770987023164	0.00700093304290535	0.0156102781753754	0.0156102781753754
YPR025C_mRNA	0.132376778134922	0.214170260875884	0.0975569184344959	0.064830701545684	5.76310037678459	0.0125703767540932	0.00329857129470856	0.00745044598912423	0.0135135081569137	0.0135135081569137
YOL042W_mRNA	0.132427715732494	0.214193190410191	-0.105174607188158	0.0699021775001633	5.3806610237669	0.00816039360971513	0.00493946133147763	0.000643332394021942	0.0146057963455797	0.0146057963455797
YJL085W_mRNA	0.132759182981419	0.214669719691854	0.0990651891017489	0.0658980546509279	5.63171445933999	0.00766470994864163	0.00367498011921709	0.00173323434239458	0.0136952343078896	0.0136952343078896
YNL249C_mRNA	0.133040874646039	0.215065520446121	-0.11653531569808	0.0775755135583716	4.99997102442101	0.0128484103461374	0.00686004256589355	0.00302597428929619	0.0172117986494869	0.0172117986494869
YFR020W_mRNA	0.133141050168327	0.215108086045666	0.103320467101999	0.0687963854480323	5.4776834793418	0.0203085515721543	0.00474000439936327	0.0139691240216092	0.0141917662034937	0.0141917662034937
YOR346W_mRNA	0.1331399501079	0.215108086045666	-0.143430541384325	0.0955035832448345	6.25212556081289	0.0395374405275315	0.00216090949022889	0.0343228281601832	0.0136149280741735	0.0343228281601832
YGL166W_mRNA	0.133281392126408	0.215215463006777	0.160616047966604	0.106985584425549	5.80720929979165	0.0496107543233811	0.00330477067378124	0.0424788904257242	0.0134959973315529	0.0424788904257242
YNL323W_mRNA	0.133252064996786	0.215215463006777	-0.0941969047063995	0.0627393685772092	6.15894713105486	0.00740192347427407	0.00221293554002607	0.00318253765204857	0.0135319779378416	0.0135319779378416
YBR126C_mRNA	0.133409186297863	0.21536212783911	-0.115269570247611	0.0768057906482226	8.79606981312713	0.0255666364011864	0.000167294520551127	0.0234292233878433	0.0193045061605955	0.0234292233878433
YPL149W_mRNA	0.133754624067784	0.215859955628508	0.182890038134459	0.121970691202408	5.78971455630741	0.0644599091259541	0.0035390693439037	0.0559683287056687	0.0135013826733233	0.0559683287056687
YLR323C_mRNA	0.133970640919473	0.216148699528344	0.127506711967031	0.0850824007533776	4.7631598616997	0.0178629784835671	0.00928331682325908	0.0052104568100933	0.0196727428485743	0.0196727428485743
YGL054C_mRNA	0.135052528862704	0.217833896222069	-0.0958915906590857	0.0641642319848816	5.81292463035576	0.0152618866114431	0.00297360587968873	0.0107512163013919	0.0134945887851501	0.0134945887851501
YHL046W-A_mRNA	0.135582418776591	0.218567562753851	-0.464485341120657	0.311224342789164	1.86782447681928	0.298048663999578	0.236521199791813	0.0211747596031712	0.150921166386375	0.150921166386375
YMR190C_mRNA	0.135558277343746	0.218567562753851	0.0937060812345522	0.0627830638913386	6.09259271594556	0.0159124971041741	0.00228629307383866	0.012254002491966	0.0134805593724969	0.0134805593724969
YDR486C_mRNA	0.135746924730742	0.218772222263155	0.0970582783243441	0.0650604118150584	6.17777046649654	0.0183147493303775	0.00224022010179664	0.0146912086403833	0.0135487652448714	0.0146912086403833
YLR241W_mRNA	0.13582812280579	0.218842545206453	0.092530130248982	0.0620379632659114	6.84192868782289	0.0123624625720702	0.00103312289310791	0.00976613700442634	0.0143617126516224	0.0143617126516224
YBL102W_mRNA	0.135878730784901	0.218863556967883	0.0933781634331021	0.0626146346798598	6.16550464881074	0.0145869058192418	0.00214460310775269	0.0109929441539666	0.0135377667966165	0.0135377667966165
YLR187W_mRNA	0.136006751454632	0.21900921337056	0.157970394576528	0.105961540895728	5.6573914461618	0.0485718719062993	0.00374208206005821	0.0411693105359299	0.0136385353537979	0.0411693105359299
YMR072W_mRNA	0.136130731551411	0.219148284614125	0.102476539395498	0.068759785825226	6.51146634168714	0.0204512413815228	0.00156583488404222	0.0173457977028816	0.0138912753011395	0.0173457977028816
YOL051W_mRNA	0.136206433645956	0.219209580779375	0.173265386701984	0.116280210394636	7.06765778942928	0.0584842978242346	0.00106880678124843	0.053015542536435	0.0147612128655732	0.053015542536435
YIL112W_mRNA	0.136709570244089	0.219897834412497	0.0926692446083367	0.0622711599337483	6.71790373292398	0.0119263897451999	0.00132133431132715	0.00900334358816418	0.0141894551266507	0.0141894551266507
YMR218C_mRNA	0.136694829812123	0.219897834412497	-0.123961373869155	0.0832954727720378	6.00916942778458	0.0300000861845254	0.00264767353446532	0.0251048696028039	0.013451323480854	0.0251048696028039
YOR394W_mRNA	0.137587248645813	0.221187447740205	0.298480822461898	0.20101937454331	2.32714715836166	0.0813942114210548	0.0582637752084409	0.00348979377768031	0.103371380558694	0.103371380558694
YPL282C_mRNA	0.137587248645813	0.221187447740205	0.298480822461898	0.20101937454331	2.32714715836166	0.0813942114210548	0.0582637752084409	0.00348979377768031	0.103371380558694	0.103371380558694
YFR048W_mRNA	0.137655246598265	0.221235714946618	0.0962580879816553	0.0648386208604093	5.79019904993656	0.0122393953875066	0.00331497793069938	0.00715134012680513	0.0135012090896203	0.0135012090896203
YGL152C_mRNA	0.137695450934412	0.221239298715908	0.242020237504119	0.163039407762684	4.45033187406116	0.114858579768545	0.0251669187322761	0.081160475202151	0.0235854003954195	0.081160475202151
YEL076C_mRNA	0.13776241791484	0.221285868974871	-0.840957716682978	0.566616160956701	1.71196478710174	1.3871904307336	0.437690274201857	0.846525221227384	0.17208483249431	0.846525221227384
YML007W_mRNA	0.138662180576881	0.222669753043249	0.0933534949756991	0.0630429767019422	7.21943698261295	0.0147988124313582	0.000805743905191148	0.0125601622643561	0.0150919237405754	0.0150919237405754
YPR034W_mRNA	0.138757380059516	0.222761227948951	0.119688716566465	0.0808470298049556	6.6795640106626	0.0282220746851453	0.00140285492037722	0.0247421139927563	0.014140207364658	0.0247421139927563
YGR078C_mRNA	0.138953613397586	0.223014807618274	-0.115634094631201	0.0781470425503316	5.68158182822072	0.0263649833259372	0.00347468632459482	0.0209531547128585	0.0135959956975537	0.0209531547128585
YLR210W_mRNA	0.139081812420387	0.223159085420317	0.122324613881794	0.0826954087687181	4.82734614089846	0.0139911631338329	0.00840302081139181	0.00231227935733486	0.0189511017143097	0.0189511017143097
YDR509W_mRNA	0.139841358507779	0.224316011747335	-0.416321604250179	0.281987717257629	1.99054120146904	0.26470484086729	0.181836270269073	0.052255008327183	0.136232020467602	0.136232020467602
YIL041W_mRNA	0.139918201585261	0.224352565170148	0.0944815036287462	0.0640077084903584	7.51981712535718	0.00611839286268697	0.000531479915351276	0.00347343971525655	0.0158564670693955	0.0158564670693955
YNR021W_mRNA	0.139941164062533	0.224352565170148	-0.0926498111145994	0.0627704425485492	7.129107987049	0.0152379279056815	0.000871416883905497	0.0130023665865901	0.0148890969470573	0.0148890969470573
YOL145C_mRNA	0.140099953059752	0.224545344298793	-0.140798353545041	0.095429407931175	7.02698780228942	0.0392850621158183	0.000991719233878857	0.0354353683584995	0.0146810711123908	0.0354353683584995
YNL293W_mRNA	0.141672490961243	0.227003281721728	0.122454984352249	0.0833258800248825	6.40167081758195	0.0299200147038946	0.00164478449515553	0.0261280246325289	0.0137424881873087	0.0261280246325289
YNL285W_mRNA	0.141968153228982	0.22741447916196	-0.230791884476024	0.157161531515716	3.18831754332319	0.0609453119817262	0.0455813869996855	0.0044986204264514	0.0532176009537756	0.0532176009537756
YCR050C_mRNA	0.142286133315384	0.227861190955312	0.196014805961391	0.133585983286053	3.67225339899847	0.0768679501821612	0.02691541981898	0.0444654399030266	0.037949898544493	0.0444654399030266
YIL109C_mRNA	0.142423896834715	0.228019132442718	-0.0955599505075965	0.0651475162507684	7.78368879299859	0.0135318568136504	0.000424097336667705	0.0114652623519537	0.0165526981579088	0.0165526981579088
YNR041C_mRNA	0.142617931242637	0.228267051488902	0.114685059412297	0.0782239717608223	6.51174918468993	0.0263516051906488	0.00172642290789352	0.0227495361242582	0.013891695854535	0.0227495361242582
YJR159W_mRNA	0.143135505878958	0.229019928653598	0.953076335114948	0.650913310543535	4.07568939172912	1.82399691476122	1.54210041346501	0.152652137905964	0.0293207523761876	0.152652137905964
YOR006C_mRNA	0.14316693789159	0.229019928653598	-0.0958440675186237	0.0654628385666307	5.80015559575574	0.017712847734175	0.00364357234302063	0.0127098830068771	0.0134979605897824	0.0134979605897824
YHR186C_mRNA	0.143341113720903	0.22923561035904	-0.0913019535356601	0.0623876660312104	6.35616479518165	0.0133773925775739	0.00187483629575543	0.0100763566889515	0.013694047195532	0.013694047195532
YGL226W_mRNA	0.143776694416033	0.229869105836392	0.189729693517321	0.129785566330923	4.66892551710122	0.0724846564778435	0.0100347891757698	0.0573423837355834	0.0207932834365389	0.0573423837355834
YOR189W_mRNA	0.14392135133201	0.230037254557007	0.133402680692515	0.0912877306557963	4.57715452196376	0.0233321817709365	0.0113929175982993	0.00852119852314715	0.0219408814748416	0.0219408814748416
YGL065C_mRNA	0.144026893138896	0.230142808400221	0.0942193452111082	0.0644914690478251	5.80923394549842	0.0155592437558059	0.00314111765968222	0.0109931335038212	0.0134954806601041	0.0134954806601041
YIL071W-A_mRNA	0.144579715186495	0.230962824424601	0.14722118585739	0.100909212608583	4.3285699051947	0.028498967183311	0.0154774016194133	0.00886461248691819	0.0252532751377233	0.0252532751377233
YLR295C_mRNA	0.144705152283083	0.231099840241568	0.122369299575372	0.0839012846630727	5.20295647166991	0.0302736542485767	0.00615121852984518	0.0220064837426106	0.0156067782861701	0.0220064837426106
YMR108W_mRNA	0.145074146913943	0.231625645360546	-0.0982612328732292	0.0674337093335697	7.93103951466361	0.0195513445462795	0.00033143666675146	0.017857783951186	0.0169466863150826	0.017857783951186
YKR089C_mRNA	0.145132624032103	0.231655525372886	0.105668852236606	0.0725278792358789	7.38028467282871	0.0226160032168963	0.000672349565871651	0.0203688234999453	0.0154938646657475	0.0203688234999453
YLL016W	0.145517801497472	0.232206713646747	0.109737010264214	0.0753922659675646	5.62730822220875	0.0244314997786305	0.00378181809432401	0.018954156976572	0.0137062693026103	0.018954156976572
YHR210C_mRNA	0.146003510600474	0.232917977206561	0.134590396765026	0.092578745350122	5.2422141648675	0.0368282965786147	0.00542462593697123	0.0288586704254397	0.0153556953846202	0.0288586704254397
YPL201C_mRNA	0.146338833172946	0.233389006861643	-0.196768436900503	0.135460815774887	3.65849852328954	0.078830046481557	0.0272521715326032	0.0461463589089887	0.0383005621038472	0.0461463589089887
YEL008W_mRNA	0.146876418071372	0.234182269207393	0.365034680187762	0.251634676227917	2.33624975413115	0.171767234491648	0.150666222448053	-0.00470141913265315	0.102613818673261	0.102613818673261
YOL027C_mRNA	0.147273488817065	0.234751120615108	-0.0903763473651581	0.0623616511198657	6.72953534987785	0.00449035942063671	0.00135172496313263	0.00112569322667309	0.0142041771584508	0.0142041771584508
YNL260C_mRNA	0.147504967260857	0.235055782073783	0.144718504140884	0.0999160560963974	4.3529815120955	0.0428556003100782	0.0130082924861072	0.0269245805773265	0.0249050685162958	0.0269245805773265
YBR200W_mRNA	0.147559763799449	0.235078803362207	0.091487627960029	0.0631731255946425	6.06343484295712	0.0092800439907188	0.00249882559530369	0.00505265408910857	0.0134645495942822	0.0134645495942822
YJL038C_mRNA	0.147888068463662	0.235537421232722	0.308283114881369	0.21304518238484	2.60474822998122	0.0996675061688329	0.0987119941865319	-0.0190792315544849	0.0828410047630273	0.0828410047630273
YMR257C_mRNA	0.14793560989859	0.235548746452359	-0.106408178989884	0.0735441164411406	5.21776219549582	0.0153939146912719	0.00612500837526099	0.00713341434940372	0.0155099398771712	0.0155099398771712
YPL186C_mRNA	0.148504637878326	0.236390169475171	0.166191066513591	0.115024366410907	4.9489343372708	0.0567594503317743	0.006653477510615	0.0462689419623076	0.0176929346144113	0.0462689419623076
YDR039C_mRNA	0.148800756083041	0.236796832816115	-0.401003628727594	0.277745582223427	6.3905876946376	0.330880114260674	0.116313302436064	0.192257131342459	0.0137297776139144	0.192257131342459
YJR109C_mRNA	0.148865919932541	0.236835840941285	0.211248461391651	0.146339668634394	6.82218588593071	0.0918506914839146	0.00110922908014242	0.0845519653839548	0.0143320401509236	0.0845519653839548
YGL217C_mRNA	0.148955284373832	0.23691331879933	0.664034963917933	0.460102893672693	1.04738165013654	0.907911427207811	0.227836164423382	0.618942526640561	0.306779655732877	0.618942526640561
YLR069C_mRNA	0.149010142043724	0.236935886339175	-0.103707365157953	0.0718674496827739	6.72209815423371	0.0221504645660506	0.00127432300148635	0.0193853982941378	0.014194729665942	0.0193853982941378
YBR268W_mRNA	0.149228893463383	0.237183246311066	-0.186329303013649	0.129192542218372	4.4919143065955	0.0715702908451715	0.0117217260213903	0.0550411258379929	0.023041390824603	0.0550411258379929
YPR045C_mRNA	0.149247130274008	0.237183246311066	-0.0905542308888815	0.0627891355573163	6.18240907233514	0.014402400604194	0.0022169358160224	0.0108713309079349	0.0135529663601178	0.0135529663601178
YKL144C_mRNA	0.149355102776195	0.237225416786835	-0.168441014852015	0.116825830894603	4.65130600310873	0.0585195259155674	0.0104697346559484	0.044123364400909	0.0210098061550622	0.044123364400909
YOR106W_mRNA	0.149335042626164	0.237225416786835	0.094455843625725	0.0655086193914105	5.66417369447069	0.0133528371013237	0.00353991475141042	0.00821758031570854	0.0136256021068643	0.0136256021068643
YMR009W_mRNA	0.1494441754294	0.237302198433274	0.121321169335393	0.0841632864758105	5.61782936339213	0.03036993311857	0.00359862447003178	0.0247352106916056	0.0137313853897829	0.0247352106916056
YMR203W_mRNA	0.149716941465977	0.237670545226371	-0.0917964931979863	0.0637240219461778	7.4406748170689	0.00606550401956978	0.000592711817986201	0.00349844358485343	0.0156502920740016	0.0156502920740016
YKL088W_mRNA	0.150011401418174	0.238073120311164	-0.0897638739418929	0.0623580567429003	6.61947744089499	0.00750221361201792	0.0014994955054571	0.00423643248883182	0.014054613457546	0.014054613457546
YOR090C_mRNA	0.150300264148684	0.238466595569236	-0.0896719924875966	0.0623383783325383	6.32983517871321	0.00904369390277522	0.00187325774943738	0.00551896679305162	0.0136710359030854	0.0136710359030854
YIL115C_mRNA	0.150731739750685	0.239086064739311	0.0899724757279713	0.0626134340399468	7.07673282569272	0.0109501993656252	0.000902184098188134	0.00851730196823303	0.0147795843909109	0.0147795843909109
YGL093W_mRNA	0.151061755957824	0.239544308712652	0.0896359795198839	0.0624296747459508	6.28908257440502	0.0132680131524948	0.00194685560872505	0.0099732702476654	0.0136430015468158	0.0136430015468158
YER018C_mRNA	0.151241182023406	0.239763571828126	0.210835789169004	0.146907397435754	6.15990220286712	0.0924257861048978	0.00212921935301826	0.0841979143323675	0.0135328162742537	0.0841979143323675
YIL071C_mRNA	0.151401279050408	0.239831177580463	-0.151890227436945	0.105876403526184	4.90535206866799	0.0480021388591458	0.00815923674130969	0.0366800145532475	0.0181264304777583	0.0366800145532475
YLR408C_mRNA	0.151359022870601	0.239831177580463	0.236061469744042	0.164531700842422	3.38878976215806	0.115923878839232	0.0398307636766079	0.0684519586517934	0.0460997610330954	0.0684519586517934
YMR320W_mRNA	0.151407324260375	0.239831177580463	-0.566159027521938	0.394651904648628	1.69441507035387	0.666943414998306	0.2027313453331	0.42026915803806	0.174659868760153	0.42026915803806
YNL191W_mRNA	0.151618052806596	0.240057801283876	0.101164464341572	0.0705549401432658	5.32614756194233	0.0167027805594885	0.00503477365656679	0.00993699155845169	0.0148772246579125	0.0148772246579125
YPL137C_mRNA	0.151632802733379	0.240057801283876	-0.0890791689564477	0.0621285545586066	6.71010915133693	0.0146547734027692	0.00126007348834564	0.0121742984883439	0.0141797556778214	0.0141797556778214
YOL099C_mRNA	0.151889783373469	0.240399314842116	0.181466047383343	0.126643547242163	4.54193215599132	0.0686587091109401	0.0143363533828204	0.0498179988494914	0.0223925088320989	0.0498179988494914
YFL046W_mRNA	0.151966743077157	0.240455797166626	0.103570437102359	0.0722944730075658	5.2651897313222	0.0122144796018309	0.00568892422973613	0.00433320807463299	0.0152170390800305	0.0152170390800305
YMR185W_mRNA	0.152162808710256	0.240700658035827	-0.183744785961718	0.128319342870712	5.17470364450742	0.0704757597159775	0.00630591409822796	0.0595575009208573	0.0157990494828597	0.0595575009208573
YNL273W_mRNA	0.152213983578587	0.240716250903596	0.0991497718704296	0.0692505212274517	5.43146309864461	0.0169214604145055	0.00480405954952812	0.0105173116768826	0.0143784792115668	0.0143784792115668
YNL284C_mRNA	0.152379230582939	0.240912183819864	0.0918027397156025	0.0641448827373842	5.87811397187776	0.0101064925236959	0.0029732900333527	0.00544716823652412	0.0134849738922184	0.0134849738922184
YOR262W_mRNA	0.15273446520295	0.241408300128157	0.0920413197502152	0.0643672952512569	5.83129843545444	0.0125314340857408	0.00308162402677421	0.0079244540532734	0.0134909707650757	0.0134909707650757
YMR151W_mRNA	0.15277679289923	0.241409708551917	-0.356208540722423	0.249133159865314	2.26701094249991	0.181197337466252	0.139734086598481	0.0181531965486177	0.108535238779423	0.108535238779423
YOR084W_mRNA	0.152837232844322	0.241439728457435	0.131067522049097	0.0916824557719802	6.0445222566259	0.0359621634894469	0.0025630300601865	0.031059660725338	0.0134572146176152	0.031059660725338
YLR107W_mRNA	0.152922064769714	0.241508254092804	-0.11590388716754	0.0810921619905013	5.72508590895694	0.028132494231642	0.00325873015117673	0.0230450247939981	0.0135419299189376	0.0230450247939981
YBL098W_mRNA	0.153572821601523	0.24228844660644	0.107902745576668	0.0756137982431721	5.06709791270443	0.0134336406635084	0.00624499951755637	0.00482161476392179	0.0166247864214802	0.0166247864214802
YCR087C-A_mRNA	0.15347185215412	0.24228844660644	-1.46080837408775	1.02342302651933	3.33232084344798	4.47932980873195	1.25499642197103	2.93458234286895	0.047979301540553	2.93458234286895
YDR351W_mRNA	0.153544277878245	0.24228844660644	0.110100428699946	0.0771484898127268	6.45296497091414	0.025452948566745	0.00180102868063803	0.0220065292408996	0.0138076377308237	0.0220065292408996
YER186C_mRNA	0.153582429337038	0.24228844660644	-0.106491094217349	0.0746263142634664	5.60401640173323	0.0238153514867476	0.00435450398875534	0.0179218431334432	0.0137702016051665	0.0179218431334432
YPR094W_mRNA	0.153920354328802	0.242755816004223	0.189167376476277	0.132672706615414	3.57951454470771	0.0438083028348232	0.0300106548409086	0.00670272781842555	0.0403975334817305	0.0403975334817305
YLR261C_mRNA	0.154141464963716	0.242972991038585	0.244659034156638	0.17168399133174	3.55734076882807	0.0781471082117778	0.0768889066404968	-0.0102621601262945	0.0410126648778906	0.0410126648778906
YNL222W_mRNA	0.154114765816913	0.242972991038585	0.132210513943103	0.0927697499944265	4.49610006450582	0.0204324874220907	0.0114380877242031	0.00545968594315144	0.0229868183319105	0.0229868183319105
YNR029C_mRNA	0.15508357374324	0.244391912531273	-0.0896976744347234	0.0630872924405711	6.00996083137178	0.0119613727662003	0.00246869469767465	0.00804829818068353	0.0134513311722539	0.0134513311722539
YDR097C_mRNA	0.155333096211891	0.244718934161838	0.0895564922861673	0.0630260618595473	5.97583305138263	0.0087928483021717	0.00243229104311261	0.00469708490618496	0.0134568468509813	0.0134568468509813
YJL005W_mRNA	0.156057791606539	0.24568027351942	-0.112855526574815	0.0795622550797877	7.25496820371128	0.0270289343855508	0.000686219994435647	0.0246343897390892	0.0151765506711576	0.0246343897390892
YKL068W_mRNA	0.155996020485754	0.24568027351942	-0.116655371073069	0.0822288404077604	6.42358732926839	0.0288721670206572	0.00168770771697549	0.0253586210622443	0.0137691437694986	0.0253586210622443
YNL230C_mRNA	0.156069806435869	0.24568027351942	-0.107997985281678	0.0761399371975812	5.09913875890316	0.0119835325020935	0.00682544268649674	0.00268160933006009	0.0163637174593097	0.0163637174593097
YKR052C_mRNA	0.156151903334222	0.245743108812853	-0.0903375223452042	0.0637017224109601	5.90042709565464	0.0155639604930061	0.00274979715710375	0.0115941982444113	0.0134818405953883	0.0134818405953883
YOR247W_mRNA	0.156292221557326	0.245897510881173	-0.120402490507529	0.084930886714015	8.17389466744369	0.0307952898594185	0.00028256886382384	0.0285704532082916	0.0176025890800846	0.0285704532082916
YLL029W_mRNA	0.156531684673188	0.246207774002699	0.0898587822339947	0.0634222707355806	7.3260367805924	0.00550795729584779	0.000735503682374459	0.0028588503504406	0.0153540340186547	0.0153540340186547
YDL130W_mRNA	0.15664989359345	0.246269118459197	-0.185819367573672	0.131188607114458	7.77549542904089	0.0734600390075521	0.000466503864375006	0.0683752986821511	0.016530892046416	0.0683752986821511
YEL027W_mRNA	0.156655227087159	0.246269118459197	-0.0939767660497641	0.0663485182073574	8.06343692293811	0.0113816607870073	0.000305139917198798	0.00936617305254565	0.0173033635560493	0.0173033635560493
YDR538W_mRNA	0.156777488548713	0.246394833634961	0.116211526125452	0.0820706795792887	5.04060724205676	0.0205690427583345	0.0100923240567386	0.0080873306687894	0.0168500617296865	0.0168500617296865
YNR007C_mRNA	0.157001337866527	0.246680095579931	0.0952631622934342	0.0673128915613157	5.56147908233303	0.0121252207700257	0.00422567217930198	0.00617275861996982	0.0138984293020798	0.0138984293020798
YNL244C_mRNA	0.157234194285417	0.246979351821742	-0.135747153877167	0.0959726997514365	6.44939013322833	0.0393007779071634	0.00167423549176595	0.0351688008985516	0.0138028033951391	0.0351688008985516
YHR113W_mRNA	0.157415197174607	0.247197018528103	0.0879776093433147	0.0622269468745622	6.91953645702953	0.00967205281915569	0.00100218814356245	0.00714927994960013	0.0144865835257559	0.0144865835257559
YDR180W_mRNA	0.15746576862222	0.247209800052021	-0.128635196989797	0.0909953172529941	5.44717247030454	0.0353250886859271	0.00458234583421904	0.0285382452136732	0.0143129324699442	0.0285382452136732
YLR360W_mRNA	0.157594759423428	0.247345654202826	0.0912101142816768	0.0645412103364678	5.84058769397247	0.0109616842140198	0.00317272240469124	0.00619500069682236	0.0134895489220935	0.0134895489220935
YPL139C_mRNA	0.157880799931228	0.247727858981776	0.0886712839530197	0.0627879132072498	6.07626648669059	0.00499098851043995	0.00229833827469472	0.000802693244240346	0.0134709499049898	0.0134709499049898
YDL186W_mRNA	0.157945681056337	0.247762934258003	-0.131384375095219	0.0930474663737376	4.87436273340787	0.0369257301331112	0.00757110826593923	0.0270602157283481	0.0184467866254771	0.0270602157283481
YBR120C_mRNA	0.158054259471395	0.247866518352718	-0.18985507367039	0.134491998245759	4.33478388404268	0.0771408840768827	0.014414684776078	0.0579377055924708	0.0251639522388274	0.0579377055924708
YIL163C_mRNA	0.158162935558337	0.247903487372308	0.439777266507919	0.311616534175668	1.86258622399023	0.188683195858989	0.236834324797914	-0.0899320561310484	0.151585132688706	0.151585132688706
YLR239C_mRNA	0.158143829446036	0.247903487372308	-0.0914002182917643	0.0647612170911281	5.68334934547312	0.00863014226651855	0.00318279558496085	0.00367692829951411	0.013593265371536	0.013593265371536
YGL105W_mRNA	0.158979779715012	0.249116782307601	-0.0945246765862767	0.0671096422022339	8.22250432243305	0.00535558097779675	0.000280132166446317	0.00290515760012443	0.0177346841396011	0.0177346841396011
YDR215C_mRNA	0.159093847688701	0.249151293343855	0.389956421623667	0.276932959451008	2.09511750384304	0.252415703567646	0.181831167930395	0.0451667971019302	0.12493628819078	0.12493628819078
YPL092W_mRNA	0.159130099988412	0.249151293343855	-0.231528869257073	0.16443773479197	5.95688234824036	0.115243300807642	0.00274020996565162	0.105418864528405	0.0134652553168791	0.105418864528405
YPR164W_mRNA	0.159102787350272	0.249151293343855	-0.113093059913803	0.0803163267567246	5.8561572410812	0.0274933368032983	0.00305386663465993	0.0227489827401119	0.0134875431597069	0.0227489827401119
YGL121C_mRNA	0.159341237465222	0.249414844028045	-0.27067977122137	0.192341064785906	2.80058783435908	0.135104868588457	0.0768382693149921	0.0469833645873683	0.0711420714969118	0.0711420714969118
YBR026C_mRNA	0.159576452044957	0.249715930597345	0.0902422030036718	0.0641609417823685	6.34412947945562	0.0175403801356167	0.00186280951242336	0.0146036962891785	0.0136830300462056	0.0146036962891785
YAL009W_mRNA	0.159666191604287	0.249789267531304	0.098313506299824	0.0699145549601904	5.36262260878215	0.0194219246623709	0.00485981658645609	0.0131878039743797	0.0146923633946698	0.0146923633946698
YML010W_mRNA	0.159949429180323	0.250165201182433	-0.118460562876403	0.0842990683014679	7.95972429241814	0.0302724175434485	0.000375376220255428	0.0280499554457268	0.0170237620165582	0.0280499554457268
YBR065C_mRNA	0.160267302490866	0.250574251003024	-0.244582330075625	0.174182460585399	4.04260572116209	0.129219714731573	0.0197304365811807	0.101627681721156	0.0299209754529229	0.101627681721156
YMR043W_mRNA	0.160296984807461	0.250574251003024	-0.173806774661391	0.123787524924098	6.97738529114826	0.0652628569316997	0.00102802331109864	0.0602653819962381	0.014588178325918	0.0602653819962381
YHR214W_mRNA	0.161004759264212	0.251613124322237	0.823021593533408	0.587159459176734	3.60469516230137	1.46772047211527	0.553779595593445	0.825245326409412	0.0397132678274741	0.825245326409412
YJL124C_mRNA	0.161111830123779	0.251712931697811	-0.0881796678001728	0.0629251591576488	6.02790096743931	0.00907194661917947	0.00238522277912615	0.00511310465189504	0.0134530798409356	0.0134530798409356
YLR147C_mRNA	0.161227998596122	0.251826895394373	0.174118983563471	0.124286060758847	3.76552270360325	0.0416580266810022	0.0261085611594847	0.00986291873096726	0.0356795384363221	0.0356795384363221
YCR064C_mRNA	0.161320856554909	0.251904398362075	-0.402939488428521	0.287681792823868	1.96281916222009	0.270354934125103	0.191633749502627	0.0516436138214003	0.139409506186792	0.139409506186792
YBR096W_mRNA	0.161507227855453	0.252060302567873	0.0912730535416689	0.0651940911003957	5.99872907120856	0.0180892116012037	0.00247939132481485	0.0145216867328119	0.0134518011982558	0.0145216867328119
YOR311C_mRNA	0.161489473789098	0.252060302567873	0.0877454887413331	0.0626717843578789	6.16786727769638	0.00735630646407845	0.00217114035822041	0.00351082491201924	0.0135398698601815	0.0135398698601815
YDR372C_mRNA	0.161646981779172	0.252210850521011	-0.0872898417097395	0.0623697657820266	7.01440491687477	0.0113430610342461	0.000902948923174117	0.00907332605188633	0.0146570018116453	0.0146570018116453
YMR178W_mRNA	0.161699007492167	0.252224475943605	0.0871153276836224	0.0622527951993552	6.39805744376954	0.00692025671446417	0.00176335753449942	0.0034828945688766	0.013738284506032	0.013738284506032
YDL230W_mRNA	0.16213141117981	0.252831263793783	0.107053198538965	0.0765793106744636	6.01992145347601	0.0249498290252499	0.00256600417810573	0.0208915591153983	0.0134519371451829	0.0208915591153983
YML124C_mRNA	0.162186663018589	0.252849745449907	0.0903056120467789	0.0646076132490996	7.64640793336802	0.00907501223086228	0.000507705785855475	0.00688549201374174	0.0161888689731254	0.0161888689731254
YOR363C_mRNA	0.16236599549274	0.253061607742296	-0.10503419324315	0.0751770209400232	5.7991736652591	0.0240411638490861	0.00319914830881928	0.0194071896008474	0.013498255124809	0.0194071896008474
YMR304C-A_mRNA	0.162485076356061	0.253179474418403	0.221748720357333	0.158759101365819	4.46735406500229	0.107209287122898	0.0136071883750904	0.087210620690839	0.0233623510390908	0.087210620690839
YDR169C_mRNA	0.163296901966881	0.254376403973007	0.129708591397391	0.0930431938925917	6.54736839110364	0.0368060857862872	0.00148544104263198	0.0331427026763057	0.0139453700026953	0.0331427026763057
YGL232W_mRNA	0.16340622095547	0.254478653645166	-0.117815552882485	0.0845339704094929	5.86781586106913	0.0303798385721887	0.00316669761221903	0.025417271000553	0.0134861872299881	0.025417271000553
YLR451W_mRNA	0.16376364587149	0.254967130103501	-0.0982576404424276	0.0705608013607661	6.07217563006614	0.0211621700124646	0.00243387012020925	0.0174814366344847	0.0134687929879491	0.0174814366344847
YBR021W_mRNA	0.163916142322115	0.255136373275085	-0.108701646860087	0.078089104646017	5.01442789455949	0.021590569798759	0.00731073838241581	0.0124460012505131	0.0170808946752506	0.0170808946752506
YGR243W_mRNA	0.163993486880954	0.255188582950972	0.170423131835099	0.12245105854683	5.62994552886727	0.0637236555236882	0.0040775309905287	0.0558995159664277	0.0136996164950377	0.0558995159664277
YAL037W_mRNA	0.164135254619939	0.255340986225838	0.226077623320336	0.162494100399079	3.73515342230331	0.112205799751802	0.0289951639954112	0.0766221666626129	0.0363987002295494	0.0766221666626129
YIL020C-A_mRNA	0.164333869937117	0.25558172083653	-0.223230094141825	0.160522994516733	4.05018929926755	0.109487605250997	0.0182581370039791	0.0848123900704979	0.0297818806635385	0.0848123900704979
YOR073W_mRNA	0.164434200121539	0.255669508915956	-0.108347789173353	0.0779305656826475	5.34223227989354	0.025803644364106	0.00516044167388316	0.0191322505965866	0.0147940580306044	0.0191322505965866
YGR136W_mRNA	0.16467464483246	0.255975048237436	0.100908723597465	0.0726212752197734	7.06169596370394	0.0224043906937905	0.000877908222746583	0.0202174902354377	0.0147492407906427	0.0202174902354377
YBR277C_mRNA	0.165040671926636	0.256338830883652	0.234916898854301	0.16920989471361	3.10404027716408	0.0993740733190237	0.0579210634930848	0.0327837438152057	0.0566068903828787	0.0566068903828787
YDL235C_mRNA	0.165018200114167	0.256338830883652	0.100449419928437	0.0723495498247516	5.22030108021543	0.0211313582695784	0.00544423195155938	0.014313627347572	0.0154935974878175	0.0154935974878175
YPR177C_mRNA	0.16500475711478	0.256338830883652	-0.535885422954203	0.385963758272856	1.77706505867159	0.632726801156351	0.422791523891099	0.173080566909333	0.162881522943565	0.173080566909333
YDR179W-A_mRNA	0.165251311607016	0.256597585666972	-0.140549180928208	0.101287593202961	4.24172339340281	0.0361428664265428	0.0144843255713756	0.0185961535257516	0.0265523805760186	0.0265523805760186
YPR011C_mRNA	0.165453077512806	0.25684242728207	0.0889648009112815	0.0641436055934964	5.824544343299	0.0136917150968919	0.00296545000367805	0.00944289165693933	0.0134921585504581	0.0134921585504581
YGL151W_mRNA	0.165718863380896	0.257186493888412	-0.0861396596414281	0.0621457088861083	6.56100388142523	0.0154496280721638	0.00148221291083766	0.012950948319869	0.01396614362099	0.01396614362099
YJL004C_mRNA	0.166009773815837	0.257569358788566	0.101695475111449	0.0734189336385374	5.22319236894906	0.0146122392240825	0.00608627946962615	0.00661484265384988	0.0154750797968537	0.0154750797968537
YLR285W_mRNA	0.16638734535768	0.258086441441386	-0.0866689283198582	0.0626263272224513	6.10429305851252	0.00751817657731925	0.00219988724789081	0.00370915818891904	0.0134883401976034	0.0134883401976034
YLR450W_mRNA	0.166433013929684	0.2580885651196	0.0875031549461044	0.0632359467048473	7.28898642667886	0.00421669078699934	0.000735000392390368	0.0015952248435312	0.0152601394302428	0.0152601394302428
YHR039C-A_mRNA	0.16671158252145	0.258451750870135	0.108523416828451	0.0784782157549133	6.84262745340427	0.0261335884995113	0.00112218529329409	0.0235131360990048	0.0143627784442763	0.0235131360990048
YKL120W_mRNA	0.16703550728937	0.258818216422452	-0.0878587126119369	0.063583157494194	5.95591452505528	0.0100667078678549	0.00270556876468433	0.00587471727035249	0.0134657029030416	0.0134657029030416
YKL198C_mRNA	0.167036816640649	0.258818216422452	-0.112333924984223	0.0812960657863234	6.73649421759868	0.0280388306866773	0.0013284730587775	0.0251077281905594	0.0142131271296626	0.0251077281905594
YNL037C_mRNA	0.167127432221928	0.258889768711766	-0.105604055951185	0.0764419775126739	7.93840004750969	0.0247891945594706	0.000335937232159942	0.0230375664720326	0.0169664528727378	0.0230375664720326
YPR151C_mRNA	0.167302441623533	0.259091978973605	0.318197722566579	0.23042383679525	2.64138533784911	0.103877215878748	0.131886843506321	-0.0495183381066795	0.0804937347474555	0.0804937347474555
YJL151C_mRNA	0.167647039065385	0.259556643527753	0.187327526327867	0.13576387895035	6.85520541584832	0.0781699289885734	0.0011387723520006	0.07258855095858	0.0143821450343806	0.07258855095858
YLR094C_mRNA	0.168090894056042	0.260174694147316	0.122935429259857	0.0891893709967584	6.0170366525768	0.0337278758267917	0.0025800453962333	0.0292389301989563	0.013451665996038	0.0292389301989563
YMR112C_mRNA	0.16856764571345	0.260843321096032	0.135117110400247	0.0981370316146099	4.39244230890017	0.0386912469357732	0.014166253963892	0.0220724724607471	0.0243572539326157	0.0243572539326157
YHR099W_mRNA	0.168763193915453	0.261076571362568	-0.101101686481863	0.0734649836733086	6.69301060118071	0.0228749345533733	0.00124494655381882	0.0203434687506592	0.0141580248998884	0.0203434687506592
YMR001C_mRNA	0.168912100633327	0.261237562593512	-0.104184595241033	0.0757316280814805	6.05583522447171	0.024306224739131	0.00250059157721518	0.0204405263902716	0.013461286496132	0.0204405263902716
YLR404W_mRNA	0.169298186596298	0.26176518978504	0.110589073315495	0.0804598773989968	4.93272821846826	0.0114058967751386	0.00804341563419215	0.000682918585805022	0.0178517518500543	0.0178517518500543
YER012W_mRNA	0.169491398596266	0.261994398573056	0.0856088539250262	0.0623135602861456	7.00887288858981	0.00934251012733361	0.000885390794658807	0.00703047695023966	0.0146465283874816	0.0146465283874816
YHL007C_mRNA	0.170153566523028	0.26287846156541	-0.105916920261395	0.0772152121868975	6.73343450071317	0.0252504106401614	0.00128817658447524	0.0225605793877952	0.0142091788449088	0.0225605793877952
YJR139C_mRNA	0.170125584554014	0.26287846156541	0.0901222103928439	0.0656963001169066	7.90226144911991	0.00758253861285432	0.00039453673675617	0.00540903668956149	0.0168694786594465	0.0168694786594465
YOR159C_mRNA	0.170242612811243	0.262946304941225	-0.226449851479421	0.165120153649009	3.09797360425026	0.0860468607665413	0.0521979002271716	0.0253438690983935	0.0568607603371177	0.0568607603371177
YDL160C_mRNA	0.170474802911569	0.263165395273662	-0.198589948894794	0.14488427771845	6.35297095133931	0.0888848860858653	0.00198142819971194	0.081984387520276	0.0136910444917058	0.081984387520276
YOR122C_mRNA	0.170455049932651	0.263165395273662	0.119405163541462	0.0871098037182834	7.06025455384432	0.0321309983290914	0.000827593213446269	0.0295248784019052	0.0147463578173875	0.0295248784019052
YPL275W	0.170537914034385	0.263193082692536	0.704300155073919	0.51390861040049	2.12348263078017	1.11825801233329	0.666886260842895	0.389521978532154	0.122051776764556	0.389521978532154
YDR535C_mRNA	0.170752237819323	0.263384309646644	0.38875027186734	0.28380267471327	2.10706614155521	0.134025572780691	0.198463629057383	-0.0980438793286236	0.123712203640242	0.123712203640242
YLR317W_mRNA	0.170709804921812	0.263384309646644	0.48499814811337	0.354032206068266	3.00397102874392	0.233272948335215	0.440381151272358	-0.257652479105598	0.0609740604618945	0.0609740604618945
YHL042W_mRNA	0.170964337997459	0.263641671035785	0.28803202963578	0.210378754161935	2.58412286701662	0.0779671255179651	0.0928401516003328	-0.0330075028585436	0.084196729210578	0.084196729210578
YDL019C_mRNA	0.171853171852183	0.264942201431811	-0.110640375665648	0.0809796757971282	7.21873928742516	0.0277464541915593	0.000727401763539645	0.0255034298052923	0.0150902893903362	0.0255034298052923
YAL029C_mRNA	0.171917345761427	0.264971020213247	-0.0852341724183579	0.0623937590846353	7.01876678556316	0.014402877823243	0.000906618082438332	0.0124493612573671	0.0146653066084077	0.0146653066084077
YBR078W_mRNA	0.172028452365507	0.26507214056637	-0.0959905830318951	0.0702859579466529	8.92035782426553	0.00974489391237378	0.000115169172897978	0.00769316229584449	0.0196452943650167	0.0196452943650167
YHR206W_mRNA	0.172176793455959	0.265190358696103	-0.150212931261809	0.110026543523062	6.59552507268885	0.0512121836354981	0.00148886501684858	0.0469344961016809	0.0140186739975811	0.0469344961016809
YIR030W-A_mRNA	0.172196211285163	0.265190358696103	0.404598271254394	0.29636972061785	2.40161248166976	0.371570645143861	0.134409779435771	0.216930265760639	0.0973524652698039	0.216930265760639
YNL224C_mRNA	0.17234449497297	0.265278474957074	-0.0966960963472363	0.0708547305676221	6.13308311294286	0.0212361692965703	0.00237517430482051	0.0177063970704208	0.0135100912825878	0.0177063970704208
YOR278W_mRNA	0.172340835016468	0.265278474957074	0.113471914346134	0.0831466175505782	5.09012770556451	0.0292434441298149	0.0066808345037539	0.0209726055366546	0.0164358621881985	0.0209726055366546
YBL107C_mRNA	0.172666718788817	0.265704253476928	-0.0936199943619721	0.0686522126238774	5.44364626531638	0.0185482114612569	0.00452504958088559	0.0128438331720794	0.0143274556117307	0.0143274556117307
YDR392W_mRNA	0.172907476313834	0.266004477687984	0.0862814252341129	0.063306265469639	6.00650622104578	0.00567413453613341	0.00257939057571789	0.00137304375858795	0.0134513424151317	0.0134513424151317
YGR169C_mRNA	0.173597799711411	0.266995982343897	0.100303272525661	0.0737126289405888	5.49179540911103	0.0229681252784048	0.00415510251937288	0.0175791041419588	0.0141383952162265	0.0175791041419588
YCR083W_mRNA	0.173958170157787	0.26747962505655	0.162606138553531	0.119598966617858	4.96130568006344	0.0604521428586992	0.00721430196637309	0.0500013492978646	0.0175736312825016	0.0500013492978646
YLR034C_mRNA	0.174502555958378	0.268245881533907	-0.08501805353974	0.0626109889462148	6.26673070066463	0.0128592501148776	0.00205388197336338	0.009658723313238	0.0136266617739287	0.0136266617739287
YPL219W_mRNA	0.174581220799976	0.26829601487224	0.0941876938521941	0.0693765725344342	5.39598862938607	0.0115165927094727	0.00471774868408456	0.00508679445515195	0.0145346865824179	0.0145346865824179
YOR320C_mRNA	0.174647120498586	0.268326509500201	0.0849511854148405	0.0625827320251062	6.20255818497146	0.0100284614572354	0.00209507415812944	0.00658779057365519	0.0135713192327756	0.0135713192327756
YPR195C_mRNA	0.174718657762841	0.268365647278226	0.312592261364895	0.230321969502338	2.43023933947008	0.150138877731866	0.117049079558026	0.0158957403360528	0.0951437589837175	0.0951437589837175
YDR026C_mRNA	0.175248098116865	0.269107912395586	0.0846746863826484	0.062466014831897	6.26689846914456	0.0119848124387055	0.00198121984190585	0.00881113562413581	0.0136267921940093	0.0136267921940093
YBR179C_mRNA	0.175339502267961	0.269177322849313	0.086065381071676	0.0635054024687173	5.95086747200775	0.013093233818385	0.00266382133249398	0.00924828638177197	0.0134679232383611	0.0134679232383611
YNL071W_mRNA	0.175487212740955	0.269333114180402	0.0921656212494083	0.0680298835706873	8.24987744994505	0.0195433100163379	0.000249900866468751	0.0182623593680963	0.017809169711011	0.0182623593680963
YBL029C-A_mRNA	0.17571920536972	0.269618143398469	0.410173197764168	0.302922372365907	1.9750058997258	0.340597047946236	0.22904498524909	0.0878112655035686	0.138002869470067	0.138002869470067
YDR170C_mRNA	0.175932850815602	0.269874878581278	-0.0883286167112427	0.0652649868986447	7.52454128482782	0.0179827209969188	0.000564976217018072	0.016473097842503	0.0158688149575696	0.016473097842503
YGL011C_mRNA	0.176231505709264	0.270261845817891	0.0859339220812897	0.0635394597810097	7.40512596937806	0.0088246113588709	0.00059093725696448	0.00675410663774773	0.0155581145400857	0.0155581145400857
YPL047W_mRNA	0.176350179927762	0.270372670594511	-0.252120139584281	0.186468555879388	2.81421861019518	0.0934970085931479	0.0686805845106017	0.0133334776152004	0.0704015048163768	0.0704015048163768
YBR141C_mRNA	0.176518194882657	0.27048790199536	0.113192134832022	0.083749651788374	4.82912350140707	0.0284695916031411	0.00912436616627639	0.0177180650119946	0.0189316505324192	0.0189316505324192
YLR015W_mRNA	0.176513495368677	0.27048790199536	-0.0942530552779247	0.0697360715393085	5.35480856578772	0.0156782046841589	0.00472163076163324	0.00953826327733024	0.014730847933309	0.014730847933309
YPL140C_mRNA	0.176694317554222	0.270686587975518	-0.0896285320638306	0.066342191794365	5.62064194569521	0.00632872650690932	0.00388141220790642	0.000604145118091517	0.0137237334404148	0.0137237334404148
YGR288W_mRNA	0.177375424407872	0.271658575867577	-0.11828243138566	0.0876893475711274	5.18762812392786	0.0324380365490142	0.00591694270042341	0.0248407440093765	0.0157098400886624	0.0248407440093765
YNL266W_mRNA	0.177527430686394	0.271819924094331	0.255772050859647	0.18968456988779	3.40638529661292	0.151771372466712	0.0855105247885603	0.058410419425503	0.0455329003971066	0.058410419425503
YDR389W_mRNA	0.178112829549704	0.272644599305458	-0.0846807413904575	0.0628853930983944	6.19172184742851	0.0142790851578478	0.00225685042638583	0.0109933613963261	0.0135614402341725	0.0135614402341725
YLR321C_mRNA	0.178594346076963	0.273309866100443	-0.0877808456816716	0.0652599280438389	5.69387664055114	0.014216300184835	0.00345743343522114	0.00957275194321936	0.013577999397927	0.013577999397927
YEL023C_mRNA	0.178869630596049	0.273659261515908	0.094133568559158	0.0700271657205324	5.35920663542469	0.0183179938512279	0.00490610244997984	0.0121885684678552	0.0147091133054238	0.0147091133054238
YKL116C_mRNA	0.179112545382548	0.273815190081009	0.0865037281872909	0.0643872047535049	5.74380156930122	0.00922989986912795	0.00305678068962522	0.00469442774435453	0.0135260678542538	0.0135260678542538
YKL127W_mRNA	0.179024918794966	0.273815190081009	-0.0836090461467576	0.0622200665405271	6.89529099541284	0.00735575279182697	0.00103918179107576	0.00484470402943294	0.0144461649301547	0.0144461649301547
YMR261C_mRNA	0.17911228787896	0.273815190081009	-0.0884713157853579	0.0658516976040089	7.3716673781638	0.0182766450131761	0.0005948447882827	0.0167509395210366	0.0154716085499483	0.0167509395210366
YMR055C_mRNA	0.179635379464059	0.274470422438397	0.117287899448246	0.0874057491376706	4.6669840541814	0.0118460783286092	0.00974201685455956	-0.00098020474733018	0.0208170430747101	0.0208170430747101
YNL044W_mRNA	0.179597793375182	0.274470422438397	0.0847966406800948	0.0631870275811273	6.01841413082122	0.0130725314291016	0.00251861592593672	0.00943324767077807	0.0134517858922159	0.0134517858922159
YOL028C_mRNA	0.180414454029489	0.275588518399529	0.158212545246818	0.118114897335355	5.42710455075887	0.0587592040237483	0.00463965899938796	0.0511648568907777	0.0143970543334111	0.0511648568907777
YOR184W_mRNA	0.181250981781745	0.276793766673774	-0.0881894975786034	0.0659650152603031	7.18414443953054	0.0183191340851347	0.000837890012575888	0.0165676429405922	0.0150105736539345	0.0165676429405922
YDR303C_mRNA	0.181604172825902	0.277151657623993	-0.139451178115686	0.104392747209894	6.05351426416422	0.0458710587888682	0.00254475077816199	0.0410466319019531	0.0134603726871475	0.0410466319019531
YIL147C_mRNA	0.181587123308861	0.277151657623993	0.0985620687898381	0.0737803981657089	6.63196727330761	0.0229131044141335	0.00136764128063787	0.0204065473333243	0.0140730418833354	0.0204065473333243
YNL291C_mRNA	0.181628051632064	0.277151657623993	0.0836055656875653	0.0625903059395335	6.12913726827841	0.00516670466575088	0.00216326349636334	0.00137537989867323	0.0135069220940543	0.0135069220940543
YHR195W_mRNA	0.181804233351401	0.277347856377393	0.0829095426074536	0.0620942765416492	6.67372668997207	0.00893120305769365	0.00129050464589478	0.0063146437000978	0.0141322920710285	0.0141322920710285
YDL236W_mRNA	0.181962874588968	0.277517200878357	-0.0833497061020614	0.0624466011922455	7.06292458707458	0.009786410186747	0.000846610281674091	0.00765392248775481	0.0147517017201793	0.0147517017201793
YNR004W_mRNA	0.182285806500402	0.277936955946438	-0.164411346302298	0.123269989025108	3.91747125341478	0.0639381209366498	0.0214099956099899	0.0393719651670109	0.0323520469253002	0.0393719651670109
YGL071W_mRNA	0.182376651447003	0.27800271358719	0.09265622808116	0.0694848958884369	6.15405955057072	0.0203144765853346	0.0024209074353143	0.0168916955911934	0.013527716131714	0.0168916955911934
YER029C_mRNA	0.183299216383082	0.279327350001588	0.117737879846372	0.0884804717573372	5.80496926897697	0.0329240860544886	0.00305022334702551	0.0282649521825783	0.0134965926658363	0.0282649521825783
YGL176C_mRNA	0.183341535600081	0.279327350001588	0.0901478766812839	0.0677530228455006	5.51674497056212	0.00989807220789397	0.0043138411936498	0.00396933912333832	0.0140480472251619	0.0140480472251619
YER093C_mRNA	0.183424687233619	0.279380974594265	-0.0837932353357161	0.0629889780517667	6.14367860776571	0.00879482011242084	0.00235160119668427	0.00506533284147329	0.0135188442273395	0.0135188442273395
YLR245C_mRNA	0.18351125737469	0.279439776650534	0.176206502161588	0.132483971290112	3.94077225108978	0.0738071382632558	0.0196559611703407	0.0505520494248558	0.0318793020346585	0.0505520494248558
YIL031W_mRNA	0.183899200411354	0.279957340370146	0.085481864323095	0.0643279550892283	6.2441250783797	0.0173974267764312	0.00194774328345465	0.0146045999403924	0.0136082186311698	0.0146045999403924
YER061C_mRNA	0.184001586289803	0.28004003179843	-0.133565512582752	0.100535974189842	5.67835206921631	0.0424918655039206	0.00357538018625922	0.0368545482389434	0.0136011126730367	0.0368545482389434
YBR081C_mRNA	0.184060059725917	0.280055865229353	0.0902846050169933	0.0679671026891063	6.43817900449471	0.0194199169531723	0.00162043584517542	0.0168576723466307	0.0137879017357354	0.0168576723466307
YJL162C_mRNA	0.184172741114742	0.280154148755741	0.100922569646089	0.0759949813910296	5.06658238253469	0.0225639338469084	0.00647185909830266	0.0147936800051079	0.0166290896881891	0.0166290896881891
YLR204W_mRNA	0.18487840038463	0.281154153129955	0.110057709590664	0.0830070948618398	5.06750048366197	0.0289533836277273	0.00675491330944467	0.0208057978801652	0.0166214282998521	0.0208057978801652
YLR140W_mRNA	0.184944815288549	0.281181757273247	0.393402914217933	0.296754954923991	1.95405435982169	0.234738413987468	0.211823231935136	-0.00453660349575238	0.140430781152624	0.140430781152624
YIL171W-A_mRNA	0.185236658571673	0.281478553166031	-0.290578340506032	0.219337098152071	2.08307416776945	0.10948515513905	0.0662515532266269	0.0269294638591437	0.126183497276458	0.126183497276458
YJL220W_mRNA	0.185236658571673	0.281478553166031	-0.290578340506032	0.219337098152071	2.08307416776945	0.10948515513905	0.0662515532266269	0.0269294638591437	0.126183497276458	0.126183497276458
YNR047W_mRNA	0.185308626525897	0.281514487129042	0.111414475724261	0.0841127018726314	5.86084628375985	0.0297233168078161	0.00329104521590716	0.0250087412493495	0.0134869921159034	0.0250087412493495
YJL130C_mRNA	0.18538725520916	0.281560518469387	0.0891003551474605	0.0672786203918842	8.26691047309309	0.00963965750035998	0.000250098116524252	0.00780985683746025	0.0178555529308168	0.0178555529308168
YJL188C_mRNA	0.185555958642599	0.281743292950686	-0.131097217758049	0.0990279408747442	6.99005690458959	0.0411941182769032	0.00096338282270448	0.0382627494728629	0.0146114017985019	0.0382627494728629
YGR262C_mRNA	0.185794096553007	0.281995798579211	-0.0919882365438052	0.0695235113944723	6.08359179844575	0.0203016257533551	0.00214864813131783	0.0171854264151515	0.0134750699387279	0.0171854264151515
YLR081W_mRNA	0.185819064666253	0.281995798579211	-0.118503538442329	0.0895685144194738	4.59990961504072	0.0157499461372427	0.010438025270864	0.00242460598379529	0.021652049830382	0.021652049830382
YGL051W_mRNA	0.186251783228252	0.282466589535257	0.134600766732635	0.101835354589912	4.69224718828985	0.0413997366940459	0.0209718940606814	0.0182085762815068	0.020509863717131	0.020509863717131
YHR038W_mRNA	0.186259774180735	0.282466589535257	-0.116589199477936	0.0882098835605067	4.69417169075706	0.0326738163316053	0.00933942452331233	0.0217845097077202	0.0204866445453295	0.0217845097077202
YIL143C_mRNA	0.186274740301143	0.282466589535257	-0.0820920755406987	0.0621119160653789	6.48172116112979	0.0102945890593857	0.00158375597748877	0.00752070119568738	0.0138478044917619	0.0138478044917619
YPL085W_mRNA	0.186342861543606	0.282496359966966	0.0994740991022806	0.0752750225101151	7.15829680275404	0.0237929873564766	0.000854314630559998	0.0218110014250334	0.0149527057944128	0.0218110014250334
YBR125C_mRNA	0.187133763174552	0.283621567183907	-0.0829823039351123	0.062907999847354	6.07766670808094	0.00760332997271755	0.00235795351254205	0.00382102495354694	0.0134717122666367	0.0134717122666367
YLR312W-A_mRNA	0.187431615944345	0.283999114302147	-0.0921427974159092	0.0698996619473797	5.39231113076699	0.0122048051713548	0.00499230567496261	0.00565847268988066	0.0145515452864692	0.0145515452864692
YBR153W_mRNA	0.188063324739033	0.28488219706958	0.125553193903064	0.0953812488249955	5.3034382407861	0.0381679363421547	0.00545231987122702	0.0309380106384358	0.014999185258491	0.0309380106384358
YDL104C_mRNA	0.188354681884489	0.285183188556949	0.111098162494826	0.0844556231074594	4.76786336407535	0.0103392140167429	0.00891237090169564	-0.00136115637225018	0.0196186381961813	0.0196186381961813
YGR276C_mRNA	0.188359922685743	0.285183188556949	0.0817799081415442	0.0621689402370982	6.41721198539732	0.00608547220895142	0.00169871565955642	0.00291058931413741	0.0137611928612591	0.0137611928612591
YHR207C_mRNA	0.188868547366288	0.285878970370484	0.0846238215999914	0.0644049448427428	5.81198714194656	0.0112411006623512	0.00309717828458892	0.00690080351587679	0.0134948093961981	0.0134948093961981
YNR069C_mRNA	0.189363422974224	0.286553584999436	-0.143269053039218	0.109160318017071	4.10344876489523	0.0473513849606774	0.018833800411417	0.0260352487439505	0.0288300997069352	0.0288300997069352
YMR273C_mRNA	0.189801787592041	0.287142356403851	0.149369431602422	0.113921094419891	6.64223486943012	0.0544009193735443	0.00147928620223352	0.0504327768130694	0.0140879813785436	0.0504327768130694
YOL035C_mRNA	0.1899876812992	0.287274391707537	0.372885079233234	0.284511409798222	2.01975383949602	0.22808848311964	0.190818354579056	0.0138355109591947	0.13296861464243	0.13296861464243
YPR162C_mRNA	0.189985758147481	0.287274391707537	-0.102966058426791	0.0785627875846781	5.28824229019821	0.0258697523976008	0.00565400354322943	0.0190344428290716	0.0150838366841746	0.0190344428290716
YGR166W_mRNA	0.190302731783854	0.287676106739163	-0.0823334982240858	0.0628651592803051	6.11576614518781	0.00408425953661319	0.00231150900716899	0.000127681944969285	0.0134966039981835	0.0134966039981835
YLR422W_mRNA	0.190397144930955	0.287744167669972	-0.0817511785813351	0.0624338296153829	6.33880917364138	0.00953325887844718	0.00191350839955389	0.006391196056086	0.0136784239222168	0.0136784239222168
YDR491C_mRNA	0.191747073651804	0.289634029322118	-0.22796453677897	0.17462816640652	3.28861820895463	0.127706074950372	0.0436960929811649	0.078283893028848	0.0494993733326507	0.078283893028848
YNL036W_mRNA	0.191729318976672	0.289634029322118	0.14102737580392	0.108027187888942	6.20555039936701	0.048871185933557	0.00217611773857802	0.0445033755541931	0.0135740422538445	0.0445033755541931
YHR118C_mRNA	0.192378980061833	0.290362678196953	-0.0938030874198692	0.0719584086246027	5.23089394588502	0.014818719916703	0.00528581568166326	0.00807737874066146	0.0154262346054779	0.0154262346054779
YHR217C_mRNA	0.192295709553409	0.290362678196953	0.425700569615474	0.326503110470142	2.2064367881867	0.383190237389206	0.312389861314377	0.0463936858966475	0.114027263272335	0.114027263272335
YML004C_mRNA	0.19236085275859	0.290362678196953	0.0830594928388905	0.0637141640376269	7.02527066789386	0.0169951480364918	0.00090396788218252	0.015334010913872	0.0146777662617907	0.015334010913872
YJL201W_mRNA	0.192519289200802	0.290499191630115	0.0850788354472502	0.0652864361544582	5.72441657431772	0.00768979143335773	0.00350670342401706	0.00266424218570615	0.0135425715589835	0.0135425715589835
YBR159W_mRNA	0.192585806066534	0.290524315417822	0.0821678145036389	0.0630620526075572	7.27644514690057	0.00262819457634234	0.000678258807450545	0.000208649741400722	0.0152290311088627	0.0152290311088627
YGL192W_mRNA	0.19304833410799	0.291146672149404	0.102163247086401	0.0784896586074328	6.3159959367308	0.0257829600457589	0.00187676748111511	0.0227657385521303	0.0136606190324449	0.0227657385521303
YJL044C_mRNA	0.19348055406395	0.291723009310708	0.0810903934480799	0.0623603685742982	6.47398332042644	0.00403893553103135	0.00171847237328771	0.000730200864370358	0.0138367899016015	0.0138367899016015
YBR188C_mRNA	0.193638364774167	0.291885410911849	0.132956075348083	0.102282488049484	4.22417577156491	0.042783665302796	0.0150200811680586	0.0257688979500899	0.0268267482783129	0.0268267482783129
YDR532C_mRNA	0.193704615762215	0.291909749464734	0.121045494108491	0.0931335791903919	5.08340653676625	0.0362896271102269	0.00646131007191434	0.0282341442193377	0.0164903269336747	0.0282341442193377
YFL050C_mRNA	0.193942291609575	0.292192343138708	0.106167060824416	0.0817295387487992	5.72568715632513	0.0279433306297003	0.00345373250282904	0.0232651375135369	0.0135413581266716	0.0232651375135369
YDR325W_mRNA	0.194395911261371	0.292800046279407	-0.0855061714595178	0.0658913612228211	5.66144422104902	0.00955838401011261	0.00373597657192151	0.00441620476529501	0.0136307093632637	0.0136307093632637
YGR111W_mRNA	0.194659679374331	0.293045811895311	0.0995655013703971	0.0767709008230562	5.69561590206484	0.0246469562793888	0.00352014412181093	0.0200549407309232	0.0135756369537838	0.0200549407309232
YLR331C_mRNA	0.194629424761983	0.293045811895311	0.345368257079563	0.266281336488951	3.54850055302057	0.296522596072256	0.113688474468113	0.169934526181254	0.0412612442687888	0.169934526181254
YDL034W_mRNA	0.194844334766487	0.293248022306782	0.372362342817939	0.287232233132738	1.94754452019925	0.223904109699965	0.188814868069392	0.0114670453666087	0.141194554932286	0.141194554932286
YNR035C_mRNA	0.194933316029685	0.293306172311195	-0.0815323403620192	0.0629048150476025	7.2080992960683	0.00885654191708401	0.000762567103353751	0.00682729280069107	0.0150654959213386	0.0150654959213386
YIL030C_mRNA	0.195111054307852	0.293449910861004	-0.0814688519707086	0.0628808559667274	7.1952155686327	0.0153473322075005	0.000780205802932793	0.0137670290361249	0.0150358023855005	0.0150358023855005
YJL119C_mRNA	0.195129583706751	0.293449910861004	0.435522241230111	0.336167098600572	1.70135921951629	0.291195029584423	0.278397188290012	-0.0205966916227299	0.173636084436096	0.173636084436096
YJL090C_mRNA	0.196558080084936	0.295521903116087	-0.0949379905834282	0.073514418838627	5.41166301180555	0.0225798397164144	0.0043415196550493	0.017275959453675	0.0144642444630138	0.017275959453675
YMR033W_mRNA	0.197239233314263	0.296469497752554	-0.0943073718635783	0.0731372717749601	6.49783702462681	0.0223415273881057	0.00170766229377617	0.0196885797969613	0.0138711573462911	0.0196885797969613
YFL002C_mRNA	0.197368618998808	0.296544682467307	-0.108064117438698	0.0838301097570477	6.06520661780792	0.0293500468544283	0.00253969857592357	0.0255702506315911	0.0134653683519471	0.0255702506315911
YMR152W_mRNA	0.197441953877563	0.296544682467307	-0.080042683559007	0.0621028077148749	6.42189303391562	0.0107512202355658	0.00166001922728683	0.00802862211329736	0.0137670156769961	0.0137670156769961
YOL019W_mRNA	0.197427952420879	0.296544682467307	-0.11169933638091	0.0866615832583074	6.27050683302852	0.031365323180706	0.00198487926465887	0.0280560407866873	0.0136295710485278	0.0280560407866873
YIR030C_mRNA	0.197560912404928	0.296646875172967	0.210503561857198	0.163366992248562	3.07691117938097	0.0545650998703147	0.0490022762284338	-0.00320016909725861	0.0577528203969328	0.0577528203969328
YPL196W_mRNA	0.197806610248689	0.296939271143741	0.0984597055810232	0.0764542112960421	6.01658895994861	0.0244074036191199	0.00257617473992754	0.0208048109596719	0.0134516308210685	0.0208048109596719
YDR117C_mRNA	0.198019969834306	0.297182984094453	0.0804393050904833	0.062491048022845	6.17855388415215	0.00568713379582362	0.00207105082260133	0.00217359772908401	0.0135494735093727	0.0135494735093727
YDL128W_mRNA	0.19831094319042	0.297543022154877	0.0803896684673516	0.062493005462245	7.04441557303111	0.0112662508118277	0.000906528386345749	0.00931802639881519	0.014714974540471	0.014714974540471
YCR052W_mRNA	0.198890919895587	0.298309966407577	-0.103659076841146	0.0806862626055147	6.84335990290209	0.0271704068898676	0.00111244241173343	0.0249286494812509	0.014363896756367	0.0249286494812509
YJR068W_mRNA	0.198924514159533	0.298309966407577	0.0799670983319221	0.0622495313088531	6.40169749429042	0.00507274944292019	0.00175749716035169	0.00185052386688362	0.0137425194323358	0.0137425194323358
YBL106C_mRNA	0.198995433740092	0.298339525725625	0.0865170369618907	0.0673588958805713	5.51588174944761	0.00926429337552859	0.00409779443632703	0.0036896062704064	0.0140510889806715	0.0140510889806715
YDR240C_mRNA	0.19919890247815	0.298567740117752	-0.10173899445039	0.0792460208173193	4.92926680762266	0.0162986965940686	0.00723368596842814	0.00727182524185211	0.0178860412930879	0.0178860412930879
YML113W_mRNA	0.199412534034576	0.298811065659835	-0.170604952924067	0.132949932746742	4.86718846629021	0.073750835894749	0.00794676361455011	0.062755974854903	0.0185223402390162	0.062755974854903
YPL203W_mRNA	0.199636681566388	0.299070019749493	0.0797192561691757	0.0621550303556333	6.49326752829023	0.0149956036378043	0.00158850746599164	0.0126624507733225	0.0138644837280471	0.0138644837280471
YKL087C_mRNA	0.200113811629054	0.299707729190454	-0.0830571430927662	0.0648262317675286	5.75393044506896	0.0121095428083713	0.00329072761002249	0.00771278567930896	0.0135190336906869	0.0135190336906869
YMR224C_mRNA	0.20023140166417	0.299729739490096	0.0830251012881844	0.0648181611797688	5.77814628180556	0.00566103147676038	0.00329957776565936	0.000796336689751539	0.0135059983092466	0.0135059983092466
YNL312W_mRNA	0.20019968782811	0.299729739490096	0.0799396756318561	0.0624049535434406	6.27412559462678	0.0112634835269447	0.00194520704415867	0.00829699623753172	0.0136323058628773	0.0136323058628773
YER020W_mRNA	0.200734527979064	0.300405692269722	-0.109528706865594	0.0856053050873526	7.12834946294866	0.0305579448680084	0.000814594541169678	0.0284984784952252	0.0148874685472099	0.0284984784952252
YOR180C_mRNA	0.200817142087752	0.30045214941018	0.125552346308136	0.0981470446803611	4.62246246263316	0.0401661826603523	0.0101400919257126	0.0283912775922426	0.0213683901226349	0.0283912775922426
YGR267C_mRNA	0.201075276758704	0.300761119999027	0.0800331672828213	0.0625995611494333	7.06456381452545	0.00858626148997231	0.00091983004574001	0.00644964787485316	0.0147549901786665	0.0147549901786665
YLR173W_mRNA	0.201158892420565	0.300808959764428	0.106676897408712	0.0834549809564212	6.02324364240031	0.0290363291442298	0.00258217307106394	0.0252767623146826	0.0134523436450644	0.0252767623146826
YML091C_mRNA	0.201216303371793	0.300817599036199	0.179767866006808	0.140653092517809	6.53127507961381	0.0824753545963117	0.00168931527185162	0.0774438544674418	0.0139209716528113	0.0774438544674418
YDR427W_mRNA	0.201464482040953	0.301111357714364	-0.0792957862646547	0.0620763953563309	6.78525641967918	0.0145410803680816	0.0011350929619767	0.0126481155125878	0.0142788224797653	0.0142788224797653
YIL165C_mRNA	0.202388121508056	0.302336716898958	0.169793179283833	0.133194398609606	3.89692012920567	0.0739200515266555	0.0231397708044936	0.0478232204794053	0.0327769567902983	0.0478232204794053
YLR274W_mRNA	0.202378276961407	0.302336716898958	0.0795787300149676	0.0624242383337783	6.25937984921871	0.00726169957382192	0.0019662956525675	0.00400473267058596	0.0136208464736419	0.0136208464736419
YMR316C-B_mRNA	0.202609228704485	0.302511882735092	0.409617722230385	0.321482388568405	1.7532154011619	0.213441144917653	0.247213166526195	-0.0664652765044839	0.166190538112393	0.166190538112393
YPL059W_mRNA	0.20259451442595	0.302511882735092	-0.0922730212559785	0.0724167506959985	5.25800756547311	0.0131675239732177	0.00571700141934661	0.00595839985147067	0.015259741706119	0.015259741706119
YBR216C_mRNA	0.203009318410862	0.30303158828124	-0.0935797914505987	0.0735098069940321	5.67571986822265	0.0225090297355028	0.00371317968647809	0.0179015872107213	0.0136054069392279	0.0179015872107213
YLR143W_mRNA	0.203077864560816	0.30305625997216	-0.0819573737458364	0.0643898097002387	5.80324676745082	0.0106991732300253	0.00308712240675169	0.00645713145075696	0.0134970679661801	0.0134970679661801
YMR284W_mRNA	0.203169904632142	0.303115970393561	0.147232834967112	0.115697042704228	5.61048038052497	0.0557543432958686	0.00408602980571893	0.0494571929562966	0.0137518667562275	0.0494571929562966
YKL080W_mRNA	0.203543713120078	0.303595922334249	-0.0816954478670203	0.0642502258523958	7.55791542943631	0.00670054079222316	0.000556190659967614	0.00471606127393059	0.0159561754283678	0.0159561754283678
YGR248W_mRNA	0.203753941381419	0.303831702710045	0.117847787686125	0.0927257118861049	5.95406059919865	0.0358029088238675	0.00266484963417647	0.0317273809449633	0.013466540445155	0.0317273809449633
YBR186W_mRNA	0.204606782316392	0.305025361764406	-0.151742782398726	0.119620446302351	4.29408260936367	0.0595606902507037	0.0142140070977327	0.0430221975965622	0.0257576879013239	0.0430221975965622
YBR009C_mRNA	0.204767164293691	0.305123740373186	0.116921226885418	0.0922029004339013	6.8258672497288	0.0353839523131537	0.00116015252097291	0.0328453468727227	0.0143375085490197	0.0328453468727227
YML023C_mRNA	0.204777518856704	0.305123740373186	-0.090504557756897	0.0713726136639008	5.56291808843438	0.0212020732564805	0.00386126705828968	0.0165149328665761	0.0138938721759395	0.0165149328665761
YCR015C_mRNA	0.205105181599753	0.305455722903926	0.128246929448954	0.101209743436329	4.27551503262208	0.035237647646014	0.0149381954786146	0.018117205595519	0.0260354531871754	0.0260354531871754
YDL028C_mRNA	0.205080258205106	0.305455722903926	0.0827465283260104	0.0652982038792226	5.71867826549592	0.0134990638714844	0.00350712522255943	0.00899987522545741	0.0135482964968507	0.0135482964968507
YMR026C_mRNA	0.206010669286852	0.306725826543624	0.0826486551750271	0.0653549826106452	5.64741308455983	0.00910382727606305	0.00342601971763503	0.0043764237346495	0.0136590752905159	0.0136590752905159
YPL195W_mRNA	0.20642239509872	0.307260315238923	-0.122787687421084	0.0971833510268497	6.56188182670445	0.0392803381913409	0.00138219309833574	0.0363962217688958	0.0139674826138206	0.0363962217688958
YEL004W_mRNA	0.207746173262106	0.309151776609203	-0.109785023133333	0.0871456953430698	4.70799996236732	0.0197930284994754	0.0100568990354989	0.0077062739841143	0.0203205898318097	0.0203205898318097
YJL070C_mRNA	0.20793702714278	0.309356772250724	0.0991031032049618	0.0786995791511227	5.9567728310509	0.0257419087159325	0.00278836154285635	0.0219861334913989	0.0134653063249624	0.0219861334913989
YLR036C_mRNA	0.208065242054148	0.309468496351154	0.135283339181923	0.107461258799095	4.61745853327997	0.0479926644954173	0.0113616227126919	0.0348300658580521	0.0214310897945001	0.0348300658580521
YGR015C_mRNA	0.208387836640167	0.309836599083211	0.103357152534456	0.0821591908435761	4.84260916709359	0.0230914358171928	0.00821549094439853	0.013473132865442	0.0187850396158861	0.0187850396158861
YIL118W_mRNA	0.208419092311552	0.309836599083211	0.10048948539526	0.0798851537061716	6.38912489776638	0.0265176175019268	0.00169228567832287	0.0238342654523118	0.0137281413272907	0.0238342654523118
YER094C_mRNA	0.208627869641525	0.310067849115184	0.0807739917722145	0.0642415868680481	7.30163072772998	0.0171472476035646	0.000691607697845401	0.0158163182354545	0.0152918488978773	0.0158163182354545
YPL096W_mRNA	0.20927519404721	0.31095059436854	0.0803181655347681	0.0639699450933394	5.87976440962478	0.0101307467520772	0.00288384399177809	0.00612738246691312	0.0134847715092013	0.0134847715092013
YJL051W_mRNA	0.209496422219564	0.311041324121095	-0.0838431824859423	0.066809906736822	5.55567639566593	0.0075357333090851	0.00393728991053803	0.00212823027794713	0.0139169646421934	0.0139169646421934
YMR005W_mRNA	0.209455325396281	0.311041324121095	-0.0843823253662294	0.0672334541363294	6.03977149186149	0.0187746932815037	0.00253844859059883	0.0155429008298088	0.0134558005272551	0.0155429008298088
YNL252C_mRNA	0.209487829688841	0.311041324121095	-0.0818065461959403	0.0651857966442753	5.71770615727536	0.012710927333419	0.00344744554879693	0.00825931630829245	0.0135493067877983	0.0135493067877983
YNL026W_mRNA	0.20964947167306	0.311189254004395	0.078370199942628	0.0624697754170793	6.26573105374038	0.0079878245890263	0.00198400889166843	0.00481954938541762	0.0136258824709729	0.0136258824709729
YDL099W_mRNA	0.209889679388488	0.311466447304465	0.108178943464204	0.0862761233638428	6.77001869295351	0.0309100416764623	0.0012032653366321	0.02857101251414	0.014257733418181	0.02857101251414
YER007C-A_mRNA	0.210066594969685	0.311649600787723	-0.0783818843238724	0.0625362922084267	6.2465829564564	0.0149548625117876	0.00203285269384568	0.0122348657715951	0.0136102986788652	0.0136102986788652
YLR294C_mRNA	0.210126260889916	0.311658756605054	0.176609119470941	0.14092446243475	3.50827575393932	0.0818183291408939	0.0370219209126363	0.0417289228582355	0.0424168955374566	0.0424168955374566
YNL235C_mRNA	0.210589568139256	0.312266435219981	0.15599885123455	0.124605103067693	4.43851471431654	0.0644548494756386	0.01356617973922	0.0485395471028216	0.0237404450766076	0.0485395471028216
YDR262W_mRNA	0.210746489217829	0.31240003084702	-0.0783058738563637	0.0625688443262211	6.28916298453308	0.0094072062684227	0.00201638491947284	0.00631081897372041	0.0136430562018027	0.0136430562018027
YOR038C_mRNA	0.21078690718497	0.31240003084702	-0.0849509411870933	0.0678844736146941	5.77876060943394	0.0191287698719441	0.00339340947944408	0.0150397975523323	0.0135057293755989	0.0150397975523323
YDL095W_mRNA	0.21107875690146	0.312753010607301	-0.0805736062678326	0.0644277205517228	7.60245804759022	0.0132887538703827	0.000530611199637444	0.0118524519394858	0.0160731135023261	0.0160731135023261
YKR066C_mRNA	0.212214752474216	0.314356254237168	0.080162359444732	0.0642584791794712	7.55247729674655	0.0166796412085603	0.000574683244617587	0.015460359801198	0.0159419253412165	0.0159419253412165
YBL063W_mRNA	0.212576914277029	0.314683505274214	-0.0851142758531108	0.0682820185217879	5.49806602640935	0.0158006025606463	0.00453452609812887	0.010324850944278	0.0141152101155103	0.0141152101155103
YNL135C_mRNA	0.212597713140973	0.314683505274214	0.121877351985255	0.097779250286741	7.22907132264339	0.0396546757172953	0.000774410728850918	0.0374687164176977	0.0151146000341632	0.0374687164176977
YOR205C_mRNA	0.212552078634079	0.314683505274214	-0.108837461419631	0.0873089491879631	5.23613858330629	0.0316174745398822	0.00537996634272593	0.0251114440904994	0.0153933691053555	0.0251114440904994
YDR140W_mRNA	0.213551490238842	0.316014981491362	-0.0985330129213315	0.0792155856408001	4.98722718221571	0.0164371379504447	0.00777125004230704	0.00706603929449653	0.0173291859913527	0.0173291859913527
YML005W_mRNA	0.213811588591474	0.316319531522073	-0.0936148085232647	0.0753043552430675	5.09427775314109	0.0117800150398663	0.00628047277574492	0.00383704837415545	0.0164025108985515	0.0164025108985515
YGL140C_mRNA	0.213908830725212	0.316383053517411	-0.11297102785416	0.0908939175537822	6.65431853864158	0.0342470166960688	0.00138440044189798	0.031662416551197	0.0141052772551174	0.031662416551197
YMR277W_mRNA	0.214094637014585	0.316577501331719	-0.0773374698540309	0.0622492101858625	6.51108363127494	0.0132948921047469	0.00160915023523384	0.0109264958074455	0.0138907064398209	0.0138907064398209
YKL174C_mRNA	0.214229537103886	0.316696595576564	-0.077529856043533	0.0624224376069564	6.18675631182329	0.0143816004734449	0.00202932572182915	0.0116621380488244	0.0135569171453483	0.0135569171453483
YHL017W_mRNA	0.214884399157654	0.31758409677638	-0.0772559641404453	0.0622908365092772	6.44355981086158	0.00902734694412952	0.00172558980371192	0.0062412864949213	0.0137950034483901	0.0137950034483901
YDL002C_mRNA	0.215164945575409	0.317918075810888	0.0972563780592396	0.0784649811472858	5.41500061332602	0.0255075596809111	0.00497782815365799	0.0196491849121177	0.0144495377929766	0.0196491849121177
YER026C_mRNA	0.215400716511962	0.318185744015896	-0.0783714898219491	0.0632614378773745	7.33805667188138	0.0105122493206858	0.000623078426391922	0.00888516286951071	0.0153849596628597	0.0153849596628597
YGR130C_mRNA	0.215613753781111	0.318343079248494	0.0995271304082024	0.0803755652798828	7.94338299587424	0.0267597041611043	0.000386749222061714	0.0254541767541811	0.0169798388601578	0.0254541767541811
YML013W_mRNA	0.215616510592955	0.318343079248494	0.10233180828372	0.08264104777237	6.45183688599075	0.0282894394302475	0.00181268974601343	0.0255054813616471	0.0138061080395567	0.0255054813616471
YOR010C_mRNA	0.215828278753997	0.318575006845905	0.111948799049983	0.0904492470240745	4.8616053514461	0.0338846564346246	0.00844727603875642	0.0242769891101318	0.018581491536044	0.0242769891101318
YGL088W_mRNA	0.215886969331764	0.318580922828485	-0.209422041640865	0.169224571671971	3.04605469257683	0.0944150479373719	0.0554576888587683	0.0331705506384077	0.0590901337714805	0.0590901337714805
YGL194C_mRNA	0.216301135600699	0.319111272729723	-0.164062781607551	0.13269139888625	4.81217050453208	0.0729105864123371	0.00922844183453346	0.0611995875190259	0.0191183803597113	0.0611995875190259
YDR495C_mRNA	0.217004754732518	0.320068278752317	-0.116789346365152	0.094602126642513	5.51100904427149	0.0370489665435745	0.00433733101206887	0.0314609184490754	0.014068371262204	0.0314609184490754
YFR037C_mRNA	0.217567027629654	0.320816376352914	-0.079749012557321	0.0646776139479535	7.62353483488614	0.015677293040971	0.000604194885078596	0.0143757890862853	0.0161285800989234	0.0161285800989234
YBL103C_mRNA	0.218203648532267	0.321469462984065	0.078344063763822	0.0636261405025497	6.04361975262574	0.0154788812570861	0.00273621086999455	0.0120946498120177	0.0134569321510062	0.0134569321510062
YBL109W_mRNA	0.21823064299725	0.321469462984065	0.528974493412479	0.429625136370412	1.57713629441419	0.281526333268947	0.545354458141348	-0.323665962404902	0.192956573063833	0.192956573063833
YDR444W_mRNA	0.218221058935995	0.321469462984065	-0.0942113714839599	0.0765154675367249	5.93229562450277	0.0242241112879944	0.00272872021008838	0.020689746879366	0.0134746007616879	0.020689746879366
YMR253C_mRNA	0.21819108524126	0.321469462984065	0.0810018864279614	0.0657828622449595	5.67763183998588	0.00846629851015227	0.00370726332884253	0.00348911204492393	0.0136022765317147	0.0136022765317147
YPL084W_mRNA	0.218305303420835	0.321498154127852	0.10903313006155	0.0885694324545603	6.60683155263271	0.0324564918841439	0.00138437856680873	0.0299937988944829	0.0140357204915103	0.0299937988944829
YIL157C_mRNA	0.218413268475728	0.321575866095424	0.0781576242390544	0.0635036326441904	5.96117989305466	0.0123530328581285	0.00266766564962815	0.0088224083478829	0.013463179786405	0.013463179786405
YCR023C_mRNA	0.219290611955774	0.322715247034893	0.0775086238982437	0.0630963653779945	6.08902078509069	0.0119851562738214	0.00244627856103062	0.00867850693846387	0.0134783267346229	0.0134783267346229
YNR015W_mRNA	0.219297916754401	0.322715247034893	0.111663051830085	0.0909014252551346	6.25741316143449	0.0341737612618175	0.00200940938715493	0.0310428670665044	0.0136192587110131	0.0310428670665044
YKL057C_mRNA	0.219857341246209	0.323456785378892	-0.0761778893695948	0.0620893477144477	6.45158515427925	0.0146103266793653	0.001614581189191	0.0123813200161843	0.0138057672092314	0.0138057672092314
YNL130C_mRNA	0.220047948487471	0.323655477881345	0.0765189618889672	0.0623931200949544	6.2914831298297	0.00595737519488196	0.00192698650046562	0.00278301505731788	0.013644619240268	0.013644619240268
YJL008C_mRNA	0.220144732431393	0.323716105791342	-0.0809812315869608	0.0660454841004161	7.98227353012312	0.00392443661363991	0.000363591804223928	0.00196745889057856	0.0170844320760093	0.0170844320760093
YHR114W_mRNA	0.220656415234792	0.324386645258112	0.076150927178279	0.0621749583866165	6.60606695458874	0.00454716555890475	0.00142832996556905	0.00178678635893989	0.0140345718359409	0.0140345718359409
YEL031W_mRNA	0.220771174904684	0.324473477546592	-0.0815138449295548	0.0665701680245618	8.10352200252036	0.0132675385626024	0.000314557082860947	0.0120022322584418	0.0174117920004126	0.0174117920004126
YPR113W_mRNA	0.220934028995967	0.324630933904288	-0.0986801687267798	0.0806178753934455	7.35183685845054	0.0268605763630104	0.000634212125457036	0.0253627552063554	0.0154204545310033	0.0253627552063554
YLR237W_mRNA	0.221118046983479	0.324819400334279	0.0779666716919282	0.0637211385258053	5.90467864829405	0.0139235893703025	0.00276042733626541	0.0104209035905681	0.0134811066438341	0.0134811066438341
YDR196C_mRNA	0.221469215219123	0.325210429231761	0.0769004298604892	0.0628975129998984	6.14871598920185	0.0116566001729481	0.00230127217713384	0.00849832054738823	0.0135231163891557	0.0135231163891557
YDR514C_mRNA	0.221495877650468	0.325210429231761	-0.115748189106431	0.0946768880643862	5.62830523613197	0.0370372339069884	0.0036597905846401	0.0321950619495851	0.0137037373702394	0.0321950619495851
YJL142C_mRNA	0.221604773472262	0.32528833717546	0.101845150046863	0.083324454545136	5.13565851880041	0.0286863841977307	0.00616015228387452	0.0216117066171032	0.016081731217464	0.0216117066171032
YDL198C_mRNA	0.222251251522345	0.326155111176117	-0.102223292797865	0.0837508861648052	6.34023037762218	0.0289729479087734	0.00180987308089343	0.0262469706526672	0.0136796381213301	0.0262469706526672
YHL013C_mRNA	0.222322382230897	0.326177335400959	-0.109171746362266	0.0894574696509679	5.36277087783984	0.0330547771927308	0.00517778671773225	0.0268327687876831	0.0146916389621486	0.0268327687876831
YPR201W_mRNA	0.222732850039472	0.326697277021643	0.144320070301902	0.118363692820209	3.89062670478186	0.0411012658813654	0.0231312630675796	0.014954869607613	0.0329085920445672	0.0329085920445672
YLR033W_mRNA	0.223608536771756	0.32789915309143	0.0761439472302475	0.06256750844862	6.28851221410415	0.0153902671795563	0.0020161595037479	0.0128168694172616	0.0136426129501247	0.0136426129501247
YDR242W_mRNA	0.223700168786201	0.327950977188829	0.0856079905504027	0.0703580374802882	5.33733912554715	0.0104806880152308	0.00498193353393715	0.00415345275493069	0.0148190802183734	0.0148190802183734
YGR058W_mRNA	0.22431669276695	0.328689399411532	0.0989202870950702	0.0814071954740965	4.86113921091142	0.0220748140400098	0.00792208180809138	0.0129337266064988	0.0185864440917396	0.0185864440917396
YNL203C_mRNA	0.22428677304296	0.328689399411532	0.177144938329038	0.145773348674908	3.559414577603	0.0431284587248061	0.0440448482436012	-0.00680159366005137	0.0409546284919837	0.0409546284919837
YPR116W_mRNA	0.224910760313345	0.329477015233982	-0.237014078909669	0.195302669952064	2.83778879378566	0.126703800800457	0.0834305460187588	0.0362733338099026	0.0691419855428608	0.0691419855428608
YGL061C_mRNA	0.225528025494353	0.330266892938533	0.105515033207567	0.0870615440251625	4.69294543528755	0.0106733902952678	0.0098174134820281	-0.00156261594646805	0.0205014363101531	0.0205014363101531
YMR100W_mRNA	0.225563331102372	0.330266892938533	-0.0765819615965593	0.0631933763168308	6.00353289983482	0.0146926396471067	0.00252216510845679	0.0115442925585927	0.0134514461328256	0.0134514461328256
YPL034W_mRNA	0.225776127337368	0.330495406499374	0.164302656866718	0.135640325999421	4.28820264540705	0.0758857428199122	0.0147542732251564	0.0588389189237602	0.0258451756265004	0.0588389189237602
YOL005C_mRNA	0.22585500444647	0.330527821126635	0.1444049971771	0.119234044204908	5.44789355271611	0.0586366414331016	0.0045748328469104	0.0522921963429218	0.0143099760317682	0.0522921963429218
YBL014C_mRNA	0.226523005544515	0.331422157283361	-0.123239961411754	0.101904764941051	5.3139940866914	0.042819259663051	0.00523126125182377	0.0363070632189393	0.0149418253635166	0.0363070632189393
YBR032W_mRNA	0.226582375213506	0.331425789102156	-0.349462760977328	0.289001009126967	2.60630771221184	0.344380369914553	0.104486121798307	0.229600211307315	0.0827395139376966	0.229600211307315
YGR209C_mRNA	0.227286054370258	0.332371624689037	-0.122816834454689	0.101721821327206	6.53087577625191	0.0426524213075221	0.00162821178293892	0.0397611039535574	0.0139203688195667	0.0397611039535574
YNL106C_mRNA	0.227571308598453	0.332705255682456	0.0760021655513195	0.0629866788960231	6.05813447762805	0.0132892566106193	0.0024070564467552	0.0101810530164825	0.0134622304266477	0.0134622304266477
YPR129W_mRNA	0.228012870543035	0.333267181079709	0.0752959764467556	0.0624607104482686	6.77356555375321	0.00347266587430632	0.00134276451962998	0.000758096325963823	0.0142625968791798	0.0142625968791798
YOR198C_mRNA	0.228252646843076	0.333533965514863	-0.0775593732113262	0.0643714528382521	7.58713172612538	0.00572643008642377	0.00054190217709195	0.00387485680895247	0.0160328335849373	0.0160328335849373
YDL247W_mRNA	0.228468332484298	0.333765422530973	0.90038021850465	0.747629274571211	4.50067648008973	2.03963314764439	2.21287092719926	-0.259173851258687	0.0229272015842438	0.0229272015842438
YBL012C_mRNA	0.229370816776324	0.334999844206283	-0.227006575844245	0.188860340035619	3.3664836028895	0.146903247470321	0.0355657409478634	0.107107171205616	0.0468310851810981	0.107107171205616
YDL108W_mRNA	0.229448293600081	0.335029012158915	-0.0805013599822403	0.0669850359969701	5.54169484766845	0.011100954618721	0.00398529804580219	0.00605701934311599	0.0139626821442593	0.0139626821442593
YBR013C_mRNA	0.229544189992448	0.335085054095717	0.214861001818927	0.178822265038501	2.94046241135618	0.0688773667080517	0.0639557803621458	-0.00334867320427115	0.0639538295318533	0.0639538295318533
YDR338C_mRNA	0.230109171307989	0.335825659328744	0.0776085392090977	0.064669596146482	5.79123944661267	0.0147188698590869	0.00322778526088098	0.0108215509143778	0.0135008414021153	0.0135008414021153
YFL024C_mRNA	0.230315393629905	0.336042445100883	0.0751164537682254	0.0626206938952512	6.20661127165746	0.0109750757358362	0.00211039859693377	0.00803647351240104	0.0135750066187572	0.0135750066187572
YIL120W_mRNA	0.231049749953334	0.337029505064628	-0.0858164111571763	0.0716534527028818	5.25038651435371	0.00998387473298747	0.00523117982614285	0.00336169840951585	0.0153056893108336	0.0153056893108336
YIL045W_mRNA	0.231195025565422	0.337157000987271	-0.0964839761212304	0.0805855583939793	5.71377633725616	0.0267268290004092	0.00325920168423886	0.0227169272024389	0.0135535133830052	0.0227169272024389
YHR054C_mRNA	0.231644120428343	0.337642893574062	1.27232032855773	1.06369346322307	3.37202287262159	4.65573653074932	0.53198967435389	3.99378546046003	0.046648136416734	3.99378546046003
YIL062C_mRNA	0.231625742615571	0.337642893574062	0.11779713147756	0.0984776411315674	6.72642515532585	0.0399056014464188	0.00129016921807134	0.0375012139932797	0.0142002114741615	0.0375012139932797
YPR107C_mRNA	0.231903277375383	0.337936091543017	0.0876543884427323	0.073322087479506	5.18698165357101	0.016161881569964	0.00579026374155627	0.00933081170818532	0.0157142503078531	0.0157142503078531
YDL248W_mRNA	0.232217443183472	0.338309283317557	-0.175692796720603	0.147064330938022	5.2481546008645	0.0889756807730611	0.0137636218494647	0.0727480478875273	0.0153192704388157	0.0727480478875273
YIL090W_mRNA	0.233497643407614	0.340004316544054	-0.0936313748879916	0.0785895461490475	5.82297276384082	0.0253960717488537	0.00304827899340154	0.0216569880622515	0.0134924567780542	0.0216569880622515
YJL127C_mRNA	0.23344995527957	0.340004316544054	-0.138192539083606	0.11598015201882	5.12605254715142	0.055311124568185	0.0063297351189372	0.047475847530297	0.0161542732161312	0.047475847530297
YKL215C_mRNA	0.233727240306128	0.340253598706522	0.0990671581525475	0.0831929179145135	6.15384110379349	0.0284557770934015	0.00236415325746577	0.0253200931070581	0.0135275268209178	0.0253200931070581
YLR020C_mRNA	0.233807071245736	0.340284785680154	0.0746069439995937	0.0626628361876531	6.29937688850996	0.0106285034103455	0.00205679667750544	0.00774054380701941	0.0136497274788172	0.0136497274788172
YJR125C_mRNA	0.234083013288832	0.340601307547636	0.0742335207746112	0.0623859942953644	6.96809170903649	0.0145217126516032	0.000996681957272059	0.0129878342818472	0.0145713671796129	0.0145713671796129
YOR299W_mRNA	0.234184834062867	0.340664380337144	-0.0739143248486708	0.0621312646610739	6.82786862561917	0.00932748784638011	0.00110068233269111	0.00733210395476336	0.0143404938608465	0.0143404938608465
YJL214W_mRNA	0.234597351618882	0.341179273722319	-0.213409000369197	0.179546619153864	3.90337108535461	0.132496330595396	0.0238744406276041	0.105073513170726	0.0326427664188092	0.105073513170726
YBR185C_mRNA	0.235057476635396	0.341687139713848	-0.0864152548461091	0.0727749412991642	5.22498779337177	0.0190231129775315	0.00572113787625586	0.0125271699510656	0.0154636304481313	0.0154636304481313
YJL184W_mRNA	0.235063861306746	0.341687139713848	0.0957431002608241	0.0806315220955256	4.9389611454812	0.0267165157929951	0.00751606198138046	0.0184897074403845	0.017790332845326	0.0184897074403845
YCL052C_mRNA	0.235844150070415	0.342564950962414	0.0738058506373375	0.0622603836726852	6.4270804604493	0.00736886907154395	0.00173185655852754	0.0046069878500407	0.0137735649417523	0.0137735649417523
YGR254W_mRNA	0.235739131010199	0.342564950962414	-0.0975399130936494	0.0822632762823451	10.3577691892971	0.0278014633045848	4.6278367472112e-05	0.0270227081313497	0.0234222179608606	0.0270227081313497
YKL154W_mRNA	0.235840998814443	0.342564950962414	0.075320661113216	0.0635378045681287	5.96220011139465	0.0143667069750599	0.00268554496202306	0.0110864405139606	0.0134626654753278	0.0134626654753278
YML114C_mRNA	0.235982473699686	0.342680431648647	0.0742844565514569	0.0626826259177322	6.20739634218194	0.0121412616098488	0.00214072651735365	0.00929114506887139	0.0135757198504158	0.0135757198504158
YBR042C_mRNA	0.237093158648873	0.344207511160812	-0.0751453667235046	0.0635595060214963	6.00694504732089	0.00809819915945717	0.00270790870812018	0.00435535435129534	0.0134513345146663	0.0134513345146663
YFL061W_mRNA	0.237194238081359	0.344268468127054	0.479206534250968	0.405410171054607	3.36619633072079	0.187993723321467	0.610589029778802	-0.474778298354037	0.0468405973993002	0.0468405973993002
YDR099W_mRNA	0.23745802365344	0.344415304566374	0.0751685174021264	0.0636285655412903	7.3981289624977	0.00865287883591618	0.000654373718410181	0.00700219474623322	0.0155400036929589	0.0155400036929589
YDR130C_mRNA	0.237382248387449	0.344415304566374	-0.0898763469036472	0.076066144682814	5.07291183281418	0.015188853451058	0.00656775358834451	0.00739808718557626	0.0165764798792826	0.0165764798792826
YER185W_mRNA	0.237500271409777	0.344415304566374	0.169732487541442	0.143687912812826	3.4721470459822	0.0842888479142157	0.0390947665225681	0.0429835370063756	0.0434900986314574	0.0434900986314574
YFL010C_mRNA	0.237590990225242	0.344415304566374	0.109271727932633	0.0925224345581123	7.34681740527204	0.0351429128205935	0.000717212998433945	0.0335243905878067	0.0154075205184042	0.0335243905878067
YOR339C_mRNA	0.237538261993895	0.344415304566374	-0.269375350889107	0.228059560564459	2.51092626351709	0.213525163726556	0.114253458915172	0.0937911937442446	0.0892155459086744	0.0937911937442446
YBR138C_mRNA	0.237717805611209	0.344427738246929	0.144026555356225	0.121982969385381	5.1107120152845	0.0610830603010209	0.00654581019054684	0.0529735690897528	0.0162725406340669	0.0529735690897528
YDR283C_mRNA	0.237688185663821	0.344427738246929	-0.0735306611707504	0.062272697939973	6.37275871609136	0.0131142858894805	0.00180102858366807	0.0107052039744302	0.0137105270512244	0.0137105270512244
YPR047W_mRNA	0.239035427318278	0.34625072092399	0.0807637091034006	0.0685948951680288	5.59190413503709	0.0193057097897917	0.00383805729496042	0.014982981277491	0.0138053643109961	0.014982981277491
YPL041C_mRNA	0.239814383386061	0.34729271628317	0.115088557658506	0.0979101389663025	4.34784966817191	0.0122864557557441	0.0133679108881675	-0.00398824432241749	0.0249776703614352	0.0249776703614352
YDR063W_mRNA	0.240345171164604	0.347974892446566	0.0917073422689152	0.0781070015726179	5.39425275921587	0.0250186902270232	0.00505327724933576	0.019349537529324	0.0145426284784847	0.019349537529324
YEL073C_mRNA	0.240636821872851	0.348310589871113	-0.271615369313433	0.231477900924697	2.4456451265271	0.179082132433565	0.120349638306214	0.0504455296305278	0.0939784361598011	0.0939784361598011
YPL028W_mRNA	0.240892464125492	0.348594012914832	0.0793913848255336	0.0676962486258577	8.33634393992235	0.0125722327143049	0.00028624665747149	0.011383147826565	0.0180448816545843	0.0180448816545843
YER068W_mRNA	0.241302729989832	0.3491009945172	0.0806910511359199	0.0688644828952861	6.63900936807061	0.0194409290121365	0.00141267096010057	0.0175565970576401	0.0140833106855974	0.0175565970576401
YKL028W_mRNA	0.241423611918657	0.349189166593371	0.0727322804056915	0.0620881439950442	6.89661478810428	0.00927499493876767	0.000971411715919298	0.00745465868618547	0.0144483387830781	0.0144483387830781
YNL097C_mRNA	0.241649281197958	0.349428819126161	0.073765459057533	0.0630003195463322	6.64922163931706	0.0162687751016341	0.00140124289934129	0.0144749181524186	0.0140980223837568	0.0144749181524186
YDR371W_mRNA	0.242257241683716	0.350221014900579	0.0775547142333146	0.0663221655243555	5.64873082934742	0.0161522334117799	0.00393826163393952	0.0116492073930214	0.0136562569254205	0.0136562569254205
YDR192C_mRNA	0.242423488744288	0.350316643004528	0.0787240508199234	0.0673459109995887	5.49299387297989	0.0131654058656904	0.00400794797177549	0.00832713654789338	0.0141339389416826	0.0141339389416826
YLR229C_mRNA	0.24250377982102	0.350316643004528	0.0928110947050111	0.079410462715993	7.06460136407059	0.0258395204114923	0.000808921313018504	0.024415165042054	0.0147550655750783	0.024415165042054
YMR104C_mRNA	0.242476029298081	0.350316643004528	-0.126792105379253	0.108478696482636	6.98286009555936	0.0482194731345356	0.000968647250611156	0.0461018631116759	0.0145981693702536	0.0461018631116759
YDL164C_mRNA	0.242696600296665	0.350367705549277	0.0735473253958539	0.0629538777791207	6.04617686887423	0.0132786502147376	0.00239501381451176	0.010286623109026	0.0134577490952021	0.0134577490952021
YEL042W_mRNA	0.242677778023709	0.350367705549277	-0.0729159420945161	0.0624109426203891	7.03030933284633	0.00752098533864112	0.000893021072074919	0.00564611047317462	0.0146874819629871	0.0146874819629871
YNL087W_mRNA	0.242719543356828	0.350367705549277	-0.0777324143940473	0.0665394046143338	7.30508146238856	0.0181405923673462	0.000722157450170475	0.0169878120155497	0.015300562965986	0.0169878120155497
YDR520C_mRNA	0.242928456380022	0.350582409430271	0.0889876363096681	0.0762077253380296	5.27774464468628	0.0237934514753957	0.0054212205079744	0.0178092490968118	0.0151437707865784	0.0178092490968118
YDR357C_mRNA	0.243498389159291	0.35131788391333	0.146009987501416	0.125192148792916	3.74035193929867	0.0410052520025437	0.0264180479196672	0.0114250316687258	0.0362742485578837	0.0362742485578837
YIL030W-A_mRNA	0.243971071445974	0.351825609466397	0.242755336808021	0.20835250532833	2.61448086389541	0.104556319406379	0.0914331460965949	0.0037542951105891	0.082209919809773	0.082209919809773
YNL282W_mRNA	0.243910989368528	0.351825609466397	-0.115827334957057	0.0993998361862535	4.34442457529598	0.0324105528447059	0.0144950069725181	0.0163974506401655	0.025026302762898	0.025026302762898
YDR483W_mRNA	0.244042049486473	0.351840876097053	-0.0756537572592116	0.0649420225462737	7.72871545042069	0.00419873487194761	0.000463257407602514	0.00240010395878829	0.0164066077620004	0.0164066077620004
YBR164C_mRNA	0.24447124979043	0.352372464443109	-0.0729529034623969	0.0626805921409889	5.99846536294232	0.010623204832982	0.00226359903430074	0.00759779868001031	0.0134518274902793	0.0134518274902793
YPR070W_mRNA	0.245085880832649	0.353170997212717	-0.0741086444258899	0.0637565927700082	5.91870180823659	0.00776029901763056	0.00278138383676482	0.00396405334536993	0.0134782286497978	0.0134782286497978
YGL082W_mRNA	0.245805758477606	0.354120758875009	0.0719049395960807	0.0619551225020098	6.57851217940102	0.00645262260712755	0.00136091014904545	0.00407537969050093	0.0139928386679107	0.0139928386679107
YKL157W_mRNA	0.246070057765684	0.354326286837093	0.0818681457879753	0.0705791635366446	7.33704482812608	0.0203845999605907	0.000665603773410054	0.0192600695287197	0.015382355055136	0.0192600695287197
YPL138C_mRNA	0.246060060076842	0.354326286837093	0.0813673429382304	0.0701459326164701	5.35741179699156	0.010107095354977	0.00496384735457773	0.00397357066951827	0.0147179600959597	0.0147179600959597
YER048W-A_mRNA	0.24646787783157	0.354811429761978	-0.342559866276646	0.295572342432476	1.8319501036882	0.321993903308387	0.193920134824652	0.117545543867628	0.155531903619432	0.155531903619432
YJL102W_mRNA	0.246739727789644	0.35511503312808	0.116671016879576	0.100725672849289	5.30023748791742	0.0415070353527739	0.00563040039300721	0.0349522442907607	0.0150168104761313	0.0349522442907607
YLR284C_mRNA	0.24687961529096	0.355228609208479	0.103703222500151	0.0895566850431008	5.32784029452636	0.0328106549492384	0.00526301531752527	0.0268185840261114	0.0148683481050128	0.0268185840261114
YMR075W_mRNA	0.247486523346402	0.356013946917565	0.135937856161182	0.117544903449065	5.72070854280501	0.0565104963502932	0.00368637447517066	0.0515808428322298	0.0135462245979386	0.0515808428322298
YAL039C_mRNA	0.247664233567349	0.356181640277308	0.118307540806746	0.102338500459141	7.15993227368388	0.0428322761810395	0.00077042350546531	0.0411222511994371	0.0149563244219445	0.0411222511994371
YOR059C_mRNA	0.247740573945483	0.3562035004458	0.0718732516522942	0.0621819061958313	6.40412346762415	0.00779524346533913	0.00172098425933059	0.0051551296526545	0.0137453735732581	0.0137453735732581
YBR114W_mRNA	0.247881617446776	0.356318357573382	0.0720363176418957	0.0623415757676959	6.29396328980966	0.0115750742826038	0.00189962858059398	0.00901959927665179	0.0136462596962035	0.0136462596962035
YJL187C_mRNA	0.248121059127104	0.356574565977924	0.0790880780501165	0.0684789613205861	6.03635165246057	0.019174954159816	0.00235333874966796	0.0164041338245174	0.0134548956329434	0.0164041338245174
YER146W_mRNA	0.248277916721485	0.3567119957631	0.403755585427316	0.349710524962663	1.44647542980808	0.500048770810404	0.250569729079981	0.238620075998664	0.215757903913332	0.238620075998664
YNL099C_mRNA	0.248389657418271	0.356784552297546	-0.074036346907265	0.0641412952079501	5.77857155342777	0.00978073730693208	0.00295061116268147	0.00596264147663922	0.0135058118411321	0.0135058118411321
YNL268W_mRNA	0.248666306302548	0.35709388723654	0.0741022487436683	0.0642359386811362	7.56810974486047	0.0124512409919074	0.00052211888368767	0.011249598387965	0.0159829043892991	0.0159829043892991
YJL134W_mRNA	0.248769869142577	0.357154573096267	-0.0715941194037846	0.0620753375208796	6.40779582353583	0.00622105722866008	0.00166364872979144	0.00353727889142911	0.0137497413835331	0.0137497413835331
YDL049C_mRNA	0.249556857180967	0.358107943334067	-0.108857366577982	0.0945413153394991	5.36104598079637	0.0365287388117361	0.00506911634905865	0.0306831248754318	0.0147000800150367	0.0306831248754318
YDR195W_mRNA	0.24950724263385	0.358107943334067	0.0847760036863606	0.0736192257717388	5.45523994268039	0.0221504097190009	0.00461214684336374	0.0170670147695573	0.0142801145137893	0.0170670147695573
YGL038C_mRNA	0.250277990914391	0.359048639804521	0.0714578350912081	0.0621548443687887	6.7105701259543	0.00504033772186004	0.00127257268057313	0.00266886853687053	0.0141803260334602	0.0141803260334602
YJR065C_mRNA	0.25033566338585	0.359048639804521	0.0738709734260362	0.064261642976961	7.57948355311537	0.00863535042893282	0.000505484989436985	0.00718755598015954	0.0160127500429566	0.0160127500429566
YPL026C_mRNA	0.250561156001813	0.359283606907842	-0.0719486067067699	0.0626191406713789	6.19009693211516	0.0131339339922011	0.00212466786332532	0.0104683751263056	0.0135599592503624	0.0135599592503624
YGR275W_mRNA	0.250963229478297	0.359683093466311	0.0774365152535653	0.0674526512556176	5.76593914306696	0.0185851883078355	0.00295321315090217	0.0152462274947457	0.0135119491480583	0.0152462274947457
YMR118C_mRNA	0.250941660256696	0.359683093466311	0.146345698778533	0.127471595049041	3.66895927784017	0.0500638401723441	0.0269625337911357	0.0205581339503823	0.0380334963862506	0.0380334963862506
YGR253C_mRNA	0.251145214934779	0.359855391591249	0.0920807512346761	0.0802396153149327	7.70421309465909	0.0262977084987679	0.000453562825171554	0.025300020638382	0.0163416614910965	0.025300020638382
YBR224W_mRNA	0.252119627747822	0.361162761558596	-0.340849647033265	0.297629094254707	1.90878335458387	0.36169108542373	0.207435356781423	0.146896954206087	0.145836375213587	0.146896954206087
YFR013W_mRNA	0.252976452342056	0.362301084401381	0.0711107418660499	0.0622059765055267	6.54828446694499	0.0129465166432617	0.00153157044296576	0.0108949152151747	0.0139467636090588	0.0139467636090588
YML108W_mRNA	0.253041703533044	0.362305471807204	-0.249308240601714	0.2181188763945	2.58100111882204	0.179320602646607	0.105899259702917	0.068471500609327	0.0844041172554799	0.0844041172554799
YCR102C_mRNA	0.253340060126144	0.362643535698996	0.112203375196214	0.0982280566008416	4.41470895887873	0.0300025867915065	0.0145388629018305	0.0140097379732343	0.024056141512482	0.024056141512482
YDL170W_mRNA	0.253660440416748	0.362923803012764	0.110896912172657	0.0971498628380276	5.61153631466594	0.0385150578724523	0.00397697901654914	0.0337754043812412	0.0137488998655403	0.0337754043812412
YDR271C_mRNA	0.253640628443553	0.362923803012764	0.323213441025697	0.283135305613656	2.61125993845788	0.327142759053015	0.143425315536542	0.177237089603211	0.0824181625805049	0.177237089603211
YGR038W_mRNA	0.254185849296704	0.363586240609525	-0.0786789337247066	0.0690020123593788	5.45795834943033	0.0153677062746172	0.00477592721015833	0.009920793909201	0.0142691836284171	0.0142691836284171
YCR051W_mRNA	0.254752772350488	0.364307720106515	-0.149013392084841	0.13084192828612	7.17045729600236	0.0698345423433209	0.000790319098876437	0.0676881216916443	0.0149797505631814	0.0676881216916443
YOL150C_mRNA	0.254981905670474	0.36454590980029	0.377255467295641	0.33141077496911	1.76361781200971	0.241088489338728	0.274593917728664	-0.0569481613241565	0.16473848933384	0.16473848933384
YPR055W_mRNA	0.255227451975643	0.364807442396981	-0.120460911214215	0.10587700372434	5.92974948011094	0.0457199973273531	0.00317755114403985	0.0416622085265359	0.013475352974309	0.0416622085265359
YLR437C_mRNA	0.255703661383175	0.365398462403331	0.152923257006793	0.134543949177144	5.60685791688018	0.0738172165802967	0.00344908873910113	0.0689592083016265	0.0137621050798468	0.0689592083016265
YDR405W_mRNA	0.256295745644205	0.366154736175364	-0.0752727058099422	0.0663084682780776	6.50289678673103	0.0179256964680901	0.00157361148747677	0.0160136403740626	0.013878590606473	0.0160136403740626
YCL002C_mRNA	0.256453678727879	0.366290544807213	-0.0815500402837693	0.0718620956759279	5.28902663670436	0.0148723569572165	0.00557723650282646	0.00845731478839563	0.0150794066769184	0.0150794066769184
YEL016C_mRNA	0.256651884307571	0.366483793621546	-0.073951356791611	0.0651932802832868	5.73829364287218	0.00513524612808192	0.00347032156353326	0.000469212667605889	0.0135303336128475	0.0135303336128475
YGL229C_mRNA	0.258416592009414	0.368913272493714	-0.135085329304401	0.119529568246051	5.28599839397117	0.0582054650092004	0.0055075450401597	0.0516417257001897	0.0150965470260443	0.0516417257001897
YML076C_mRNA	0.258577376308667	0.36905237490796	0.0713881196896199	0.0631887489789449	5.97728472607425	0.00930130634167384	0.00251491682650547	0.00599469321591093	0.0134563551635909	0.0134563551635909
YDR207C_mRNA	0.258706139122522	0.36914571798379	0.0941418136315364	0.0833515744422765	6.33709270073686	0.0283006588111797	0.00186714127828601	0.0259227985697394	0.0136769733944357	0.0259227985697394
YPL190C_mRNA	0.259015080978991	0.369496048428893	-0.11480538764788	0.101712713036773	7.18978607451181	0.0421378509171181	0.000759343915330429	0.0406225600578733	0.0150233965569962	0.0406225600578733
YOR035C_mRNA	0.259481867186959	0.369980753360554	-0.110956539753525	0.0983991707742505	6.43203614875563	0.0394306424109112	0.00177073403502361	0.0369588532012168	0.0137799132298805	0.0369588532012168
YOR258W_mRNA	0.259445163728208	0.369980753360554	-0.124706016813405	0.110584048059561	4.02795843531944	0.0268326296510164	0.0187231195094309	0.0055828149368109	0.0301922072315261	0.0301922072315261
YAL020C_mRNA	0.260237765535022	0.370932089001287	0.12733625240128	0.113104401037328	6.47572241982018	0.052082932973808	0.00169480939119122	0.0494756127448595	0.0138392532580772	0.0494756127448595
YGL245W_mRNA	0.260306670680359	0.370932089001287	-0.0780818782838948	0.0693650135938301	8.70838629215965	0.00698565186505917	0.000182108347991755	0.00556058158847423	0.0190639120954972	0.0190639120954972
YGR194C_mRNA	0.260403749401864	0.370932089001287	0.106865456162992	0.0949546020695227	6.10110156237055	0.0367065322878571	0.00234256929629822	0.0337229365204274	0.0134861496136527	0.0337229365204274
YLR405W_mRNA	0.260374854958467	0.370932089001287	-0.111479419952729	0.0990483051844039	5.72059095925553	0.0399401588564363	0.00330781065924163	0.0359344563803696	0.0135463431948101	0.0359344563803696
YLR097C_mRNA	0.261018178155597	0.371716427752263	0.0889751094581867	0.0791602053740463	5.39692111368077	0.0255054143229741	0.00514511609955476	0.01992023635989	0.0145304319727782	0.01992023635989
YGR077C_mRNA	0.261164084882313	0.371833323197546	0.0711023166976379	0.0632783311417184	5.99593401710014	0.00474113533459074	0.00256447242410371	0.00107087559445173	0.0134521163442202	0.0134521163442202
YHL006C_mRNA	0.261474523725769	0.372184357494828	0.14787764408385	0.131691117883758	3.96640168967603	0.0705769346753134	0.020013822431294	0.0493563796866019	0.0313701598688076	0.0493563796866019
YPR068C_mRNA	0.262501783426902	0.373555298056944	0.0824906109939975	0.073619624435388	5.17442259944774	0.0149196374124725	0.00587838275621478	0.00816274278510206	0.0158010136518155	0.0158010136518155
YCL035C_mRNA	0.262723419153435	0.373779399264447	0.15409943407006	0.137591564379756	5.73013995845975	0.077009806885139	0.0034231733057071	0.0723025810481667	0.0135372564606945	0.0723025810481667
YOR005C_mRNA	0.262836464991829	0.373848936777929	0.0715862081280069	0.0639326911040461	5.83728164162629	0.0123942625291274	0.00285952556413558	0.0089558742330305	0.0134900304030859	0.0134900304030859
YBL017C_mRNA	0.263141713593673	0.374191755771721	0.0784105206361108	0.0700721887927046	7.62733850646464	0.0199706060632619	0.000517917009871883	0.0191225295589299	0.016138598995277	0.0191225295589299
YHR181W_mRNA	0.263580961260009	0.374724909785459	0.0857350579546891	0.0766883416528324	5.95036670665334	0.0239162465597215	0.00273458909911905	0.0207898178827271	0.0134681333811674	0.0207898178827271
YPR202W_mRNA	0.26371820815787	0.374828563241706	-0.127668342529697	0.114229676397244	4.86796086758929	0.0530605523364657	0.0126180983604857	0.0395755775187904	0.0185141812536794	0.0395755775187904
YDR292C_mRNA	0.263884728524104	0.37497376301986	-0.0699753985372537	0.0626314613100877	7.09783554400358	0.00235974036942816	0.000867805567405045	0.000261471571140127	0.014822994215943	0.014822994215943
YDR489W_mRNA	0.264028716470472	0.375086881774438	0.0848188333001742	0.0759399652579546	5.05747739442832	0.0132268937023355	0.0063618912148749	0.00575428504265525	0.0167056220786425	0.0167056220786425
YDR540C_mRNA	0.265285962502727	0.37678108667501	0.163004974570142	0.146326109228063	3.34954729090893	0.058505985652835	0.0382493137412524	0.0168440646768958	0.0473960072260399	0.0473960072260399
YCR063W_mRNA	0.266560977986022	0.37848132304801	0.197689443181379	0.177935549935901	2.9339986320613	0.0332558877853706	0.0623775941450251	-0.0379123189308033	0.0642666455789413	0.0642666455789413
YNR017W_mRNA	0.266613002023521	0.37848132304801	-0.100409179464503	0.0903857383858214	7.06209576214817	0.0331883059121165	0.000884907466976429	0.0317934193472242	0.0147500412271447	0.0317934193472242
YNL290W_mRNA	0.267288003176996	0.379254726378271	0.0798042416530868	0.0719391592903525	6.63698175676639	0.0210192303833232	0.00135792675250669	0.0193430438051041	0.0140803638238373	0.0193430438051041
YPR033C_mRNA	0.267282008241416	0.379254726378271	-0.0720922398135145	0.0649863970153428	7.74245352909802	0.00647607814891341	0.000449859194461596	0.00500385566756581	0.0164430679936814	0.0164430679936814
YKL204W_mRNA	0.267359450985173	0.379263735436966	0.118691099053432	0.107009515144826	6.71232272782405	0.0465072228362515	0.00138187061619792	0.0444222747099254	0.0141824969602639	0.0444222747099254
YDR244W_mRNA	0.267504609110419	0.379377276698467	0.0691941903379174	0.0624030256985433	6.26280438746544	0.0133230296119159	0.00195297076563553	0.0109537506824115	0.0136235796996967	0.0136235796996967
YDL203C_mRNA	0.267827897666095	0.379743327282226	-0.0725599330436303	0.065482662433154	5.70055986311784	0.007999295944005	0.00358275578158225	0.00348364876319564	0.0135691605357554	0.0135691605357554
YNL122C_mRNA	0.268267477280812	0.380274044437472	-0.163434606570486	0.147629245154029	3.34876517576182	0.0590644803783451	0.0397552771827894	0.0158964173297662	0.047422298916204	0.047422298916204
YJR056C_mRNA	0.268532030869019	0.38055646116344	-0.110217629828624	0.0996137957710332	4.79280557202588	0.0402849712628861	0.00909861435528679	0.0305930188763657	0.0193348921525047	0.0305930188763657
YDL040C_mRNA	0.268655636864797	0.380639041919822	-0.0825751678456878	0.0746500376742502	7.19044896813687	0.0226227872243949	0.000774878218781574	0.0215156342802863	0.0150249077776853	0.0215156342802863
YBR300C_mRNA	0.269499690475854	0.381742085269226	0.571214560370532	0.517303540640806	2.04943907074697	0.855975076483438	0.940672426897715	-0.116780866088117	0.129739385740341	0.129739385740341
YDR376W_mRNA	0.26973952324245	0.381988931067212	0.0707826465495143	0.0641343163091314	5.88943573611539	0.0114729044872573	0.00296933391071398	0.00789158288204639	0.0134835082030449	0.0134835082030449
YDR390C_mRNA	0.269955358604093	0.38220168146475	-0.0687717726554437	0.0623404022272918	6.512542561577	0.00621173763433148	0.00165242688179441	0.00365170437951159	0.0138928761176477	0.0138928761176477
YLR458W_mRNA	0.270065045816609	0.382264080886191	0.321483749010261	0.291486105007972	2.11420904594235	0.171017251397148	0.216869877055094	-0.063166193666062	0.12298672059578	0.12298672059578
YER060W_mRNA	0.270146474581121	0.382286461236242	-0.0697134712136516	0.0632192541111177	6.05217184117405	0.0115831013803715	0.00252683405881302	0.00849506940054023	0.0134598623026513	0.0134598623026513
YER089C_mRNA	0.270272049987257	0.382371287815872	-0.0699289816060353	0.0634313142843561	7.37980992385715	0.0144582144638399	0.000601488436437111	0.0134922949266893	0.0154926380909259	0.0154926380909259
YEL013W_mRNA	0.270416053762388	0.382389303208659	-0.0683709116007754	0.0620366621816423	6.44357746286947	0.0105207906367161	0.00159916291723176	0.00833751803550091	0.013795026901325	0.013795026901325
YNL212W_mRNA	0.270369127307778	0.382389303208659	0.070162891708911	0.0636563880170843	6.53681110631117	0.0164407284448796	0.00154718953802997	0.0146613534034964	0.0139293436411146	0.0146613534034964
YHR115C_mRNA	0.270487236059418	0.3823971456642	0.0694445480444536	0.0630201939313659	6.0187447548344	0.00900572145395519	0.0024343620923039	0.00583675510747711	0.013451817280284	0.013451817280284
YDR267C_mRNA	0.270728267414926	0.382645047539874	-0.0886870822272602	0.0805230890045537	6.30225149978677	0.0263042529689809	0.00180660477890944	0.0241292666724317	0.0136515055610361	0.0241292666724317
YCL040W_mRNA	0.27123291127093	0.383172391140747	-0.129404468269663	0.11761607594047	9.59095260068815	0.0561106919688096	6.65716761806817e-05	0.0552675936023571	0.0214616204787731	0.0552675936023571
YJL169W_mRNA	0.27117083326335	0.383172391140747	0.191353364847491	0.17389907085545	3.59780105395827	0.122663606949306	0.0337862966285353	0.0871772507490197	0.0398991190444656	0.0871772507490197
YBR198C_mRNA	0.271668668103092	0.383694947968149	0.0688718317070042	0.0626547335037351	7.10805207851064	0.00775517207726688	0.000858105771730084	0.00609577025314789	0.0148443567499662	0.0148443567499662
YKL105C_mRNA	0.271874309658685	0.383799304112309	0.137492280412271	0.125134445903934	6.70102771382646	0.0634999842390802	0.00136112535488632	0.061273392851852	0.0141683502962114	0.061273392851852
YMR086C-A_mRNA	0.271848489458438	0.383799304112309	0.481086148063766	0.437822443677681	2.33542693660844	0.777355405997166	0.087738490065061	0.679015478686522	0.102682042686061	0.679015478686522
YDR466W_mRNA	0.272519771038539	0.38461729313724	0.0900828016576037	0.0820965883307283	6.61308992224643	0.0273260822858971	0.00158431282104452	0.0253750864411358	0.0140450965187011	0.0253750864411358
YJL166W_mRNA	0.272662230763447	0.384725152925125	0.237998368541411	0.216963273425669	2.58319117839125	0.120565907660012	0.104033684446071	0.00896029563869202	0.0842585636162548	0.0842585636162548
YPL276W	0.273074711018928	0.385213865955515	0.416698368166674	0.380196019993463	1.95678455919313	0.534029665429411	0.438084263191696	0.0844796554733103	0.140111791283784	0.140111791283784
YJL164C_mRNA	0.273567050844314	0.385814969309847	0.074037365058662	0.0676211379349383	6.32633191128925	0.0185328500169208	0.00188329223145346	0.0164071809510103	0.0136682850395282	0.0164071809510103
YLR199C_mRNA	0.274829097094747	0.387407287605612	0.0770790215257087	0.0705845957132769	5.26159650272715	0.0135766692275619	0.00469040973606813	0.00815854284793088	0.0152383308719589	0.0152383308719589
YOR171C_mRNA	0.274802511445694	0.387407287605612	-0.0680797284757194	0.0623401005246039	6.33575741985204	0.0118538519144302	0.00186929540256115	0.00950701752594903	0.0136758571311097	0.0136758571311097
YBR135W_mRNA	0.275197095956703	0.387832191834483	0.127435009653228	0.116787253008127	5.2703767365822	0.0552504949861063	0.00505823333738857	0.0494988165233486	0.0151865571526448	0.0494988165233486
YNL287W_mRNA	0.275293567771741	0.387874323056387	-0.0699253609710977	0.0640956681927639	7.53225674014563	0.00981017071912163	0.000544027590417083	0.00856985357808801	0.0158889911338905	0.0158889911338905
YJL193W_mRNA	0.275792511863242	0.388483359312198	-0.0884667448132259	0.081175568133499	4.94038475737939	0.0266877293341326	0.00750209881937665	0.0188557926278087	0.0177763636105403	0.0188557926278087
YDR066C_mRNA	0.276158136432227	0.388845753302635	-0.119711003299832	0.10992843243853	4.03021556426266	0.0232930827902046	0.0181868529737739	0.00267552878400175	0.0301501880597955	0.0301501880597955
YHR117W_mRNA	0.276183269338535	0.388845753302635	-0.067627677688967	0.0621045139663337	6.32330038138632	0.00824101843289309	0.00176191630757535	0.00576103121635218	0.0136659663124028	0.0136659663124028
YGR019W_mRNA	0.277522653560661	0.390637105495146	0.0993507487039452	0.0914915075782164	6.85632968561087	0.0338827505848325	0.00121515959847789	0.0322676242372614	0.0143838928884701	0.0322676242372614
YCL014W_mRNA	0.27796407318534	0.391163934873862	0.0912986529850689	0.0841536517648776	5.63968485818518	0.0286616436031968	0.00367053954587326	0.0246568088755839	0.0136762716699245	0.0246568088755839
YIR021W_mRNA	0.2781171439747	0.391284829943637	-0.106528437610162	0.0982228394866929	5.61207781948851	0.0390443932734035	0.00410161814480793	0.0344892866425066	0.0137473814473546	0.0344892866425066
YGL025C_mRNA	0.278184700039094	0.391285384458658	0.0871767361754453	0.0803912128678383	6.12375224585333	0.0261541980851393	0.00211926781286222	0.0237317206125861	0.013502684922875	0.0237317206125861
YGL218W_mRNA	0.278254620756935	0.391289263946392	0.303203416900564	0.279643835625206	3.23516882487397	0.316464469137241	0.100496033478938	0.21230666573377	0.0514398017757804	0.21230666573377
YER088C-A_mRNA	0.278787405551923	0.391943876627775	-0.180980134445768	0.167102697821678	3.27159652383264	0.112981379129059	0.0451289784828243	0.0665642679943079	0.0501074361587418	0.0665642679943079
YML049C_mRNA	0.279101437084159	0.39219608597499	-0.0672932626676538	0.0621738611648172	6.72309226901637	0.00834656317726114	0.00126637059761048	0.00638255189218136	0.0141959854509574	0.0141959854509574
YMR225C_mRNA	0.279054424304731	0.39219608597499	-0.213556813697369	0.197290973855772	2.69744378797071	0.157476989276266	0.0775795264472879	0.0781153870125475	0.0770479619969256	0.0781153870125475
YKL218C_mRNA	0.2792752767149	0.392345734782013	0.160926759321054	0.148737868684542	5.79440960117647	0.0894983391992155	0.00317974506808075	0.0853120692551998	0.0134997627565386	0.0853120692551998
YMR097C_mRNA	0.279406209739215	0.392435047719543	0.0741377700778955	0.0685411010640715	5.4358267570551	0.0181381052790152	0.00443147761359243	0.0134318040561745	0.0143600525267086	0.0143600525267086
YDR360W_mRNA	0.279647588544014	0.392679404882483	0.290816107723098	0.268997369908939	2.35632685828445	0.292695519669916	0.15234305795457	0.137095282117136	0.100964679873944	0.137095282117136
YLR043C_mRNA	0.279836473595601	0.392849950642884	0.114077672422279	0.10556034960135	6.2665348793676	0.0450708104151238	0.00198054790557029	0.0425914017262666	0.0136265094116187	0.0425914017262666
YJR043C_mRNA	0.280204942127681	0.393272462740512	0.0754930519430647	0.0699100966502278	5.35655599488203	0.0159698698022457	0.00482749691616227	0.01065473476005	0.0147221895384145	0.0147221895384145
YLR134W_mRNA	0.280350209853831	0.393381580589696	0.0746129450113516	0.0691159491537463	5.46957694929657	0.0193187449459179	0.00439350301817544	0.0147145546915175	0.0142231813878884	0.0147145546915175
YNL289W_mRNA	0.281689060919142	0.395165053916426	0.140241733140643	0.130271682644233	5.60666704535377	0.0686020538399277	0.0037425012054022	0.0641403439904371	0.0137626471380503	0.0641403439904371
YPL216W_mRNA	0.281835599367437	0.395275445814802	-0.0731664926584577	0.0679856486270419	5.5014788977807	0.00845522020952007	0.00438546667994854	0.0031441733594115	0.0141027269970099	0.0141027269970099
YJL088W_mRNA	0.282000858842349	0.395412034564507	0.178004695472136	0.165457177449563	3.05862146399432	0.0359822693275497	0.0509632379360263	-0.0214638555451167	0.0585410723422784	0.0585410723422784
YBR227C_mRNA	0.282672849078403	0.39625890729807	0.0674212843281973	0.0627563323491595	6.24404817305289	0.00618095383963722	0.00214527570680078	0.00317842352696378	0.0136081532928718	0.0136081532928718
YHR133C_mRNA	0.28406785257338	0.398076863542985	-0.0664384045837702	0.0620209074167712	6.62504435437401	0.00385355550166681	0.00132351291879293	0.00154413608909673	0.0140628589084059	0.0140628589084059
YLL031C_mRNA	0.284106350602769	0.398076863542985	-0.0665027705926849	0.0620859570472818	6.42404854414258	0.0143119656721742	0.00164893931800349	0.0124217043317537	0.0137697249319042	0.0137697249319042
YER125W_mRNA	0.284851762629162	0.399025335195359	-0.0675066613418308	0.0631207940218873	7.27804114910196	0.0123907661910291	0.000703967554512881	0.0112698107000124	0.0152329709973012	0.0152329709973012
YLR368W_mRNA	0.285377441781862	0.399665619187772	0.0705702351647707	0.0660573784695774	5.61385455548817	0.00832770183341059	0.00371189507703604	0.00378774028984357	0.0137424139240559	0.0137424139240559
YNL226W_mRNA	0.285633724840324	0.39992840204752	-0.320456657845884	0.300123570111455	1.94220163082316	0.3074791886704	0.218471851648959	0.0816294306242547	0.141824777696822	0.141824777696822
YBL007C_mRNA	0.285807660654561	0.400040560868972	0.0860066799124187	0.0805786113410253	7.78657330959966	0.0262127801249679	0.000435893210664996	0.0255357572119271	0.0165603777720047	0.0255357572119271
YKL197C_mRNA	0.285851159440016	0.400040560868972	0.0837390297277369	0.0784611609483193	5.75986751911553	0.0248529007954015	0.00316006741047081	0.0214645476989614	0.0135153691934856	0.0214645476989614
YER157W_mRNA	0.286111358132259	0.400308542862281	-0.0758563505927416	0.0711137013206933	5.72624276869862	0.0204145080380405	0.0034949459520244	0.0167336881100907	0.0135408335684076	0.0167336881100907
YDR080W_mRNA	0.28618059524531	0.400309279207486	-0.0955575802323725	0.0895960547638221	5.52217270570224	0.0324041582798004	0.00404733001918228	0.028062482097785	0.0140290577827707	0.028062482097785
YDR422C_mRNA	0.28639630113892	0.400364076403399	-0.0671881564352959	0.0630247133605352	6.06866920746499	0.0104981995074976	0.00242142822282407	0.00753685743087368	0.0134670297538864	0.0134670297538864
YEL011W_mRNA	0.286425930389524	0.400364076403399	-0.134566622967332	0.126235705471543	8.27016886310257	0.0643212060585084	0.000299070743351291	0.0634427426002414	0.0178644288727319	0.0634427426002414
YPL091W_mRNA	0.286336939931435	0.400364076403399	0.0676789079497532	0.0634772343886922	7.3656577728104	0.010359444268097	0.00066134000098221	0.00912936897732995	0.0154560971415657	0.0154560971415657
YDR437W_mRNA	0.286831233787212	0.400834437045886	-0.190075910827503	0.178458482324883	2.90206762641363	0.0584685131917265	0.061551089165344	-0.00922878271046707	0.0658386304894576	0.0658386304894576
YCR081W_mRNA	0.287911620491035	0.402196469267907	-0.130535817817013	0.122832487773455	5.25773902387078	0.0608717547919417	0.00631371898577138	0.0540375612246929	0.0152613495935422	0.0540375612246929
YDR453C_mRNA	0.287943953538695	0.402196469267907	-0.145378466172783	0.136808400049024	4.77891455440274	0.0755110493233027	0.00910523934024753	0.065760913955648	0.0194922544821368	0.065760913955648
YAR042W_mRNA	0.288179339038549	0.402428770191416	0.151005730116266	0.142173335948899	6.98946599018756	0.0815435559721825	0.000990792117194124	0.0798622377021595	0.0146103110806767	0.0798622377021595
YDR202C_mRNA	0.288466290189263	0.402732951507944	-0.0688885052228337	0.0648977988504132	5.74082229771476	0.00509373984324892	0.00331856191655846	0.000783123300683563	0.0135283352659563	0.0135283352659563
YMR292W_mRNA	0.28940871219425	0.403951882425419	0.141651102580246	0.133706321973408	4.92275986903293	0.0720928966297044	0.00805586429414641	0.06345365784848	0.0179508478691452	0.06345365784848
YFR038W_mRNA	0.290005125673589	0.404590484237148	0.0705464106307967	0.0666720716503807	6.00763510704868	0.0179224287965434	0.00254496332142538	0.0152356972311886	0.0134513259167177	0.0152356972311886
YOR239W_mRNA	0.289988985728862	0.404590484237148	-0.0674128386167318	0.0637084604709229	7.41522271407639	0.011057748464925	0.000650804284698651	0.00989835741047368	0.0155842674576019	0.0155842674576019
YFR004W_mRNA	0.290141003268261	0.404683142217114	0.0675226977778638	0.0638323971733039	7.48692014208275	0.00525768012943479	0.000527691436883603	0.00380287592602488	0.015770608278678	0.015770608278678
YOL111C_mRNA	0.290730596419941	0.405408438186351	0.065599220733383	0.0620898851963305	6.21360774481003	0.0119503727883118	0.00183926821557828	0.00973520041166231	0.0135813471591957	0.0135813471591957
YIL003W_mRNA	0.291384222053849	0.406222655584045	0.076004353812165	0.072035904789081	5.3585875011856	0.0209133503736924	0.00440898901836789	0.0163476972967583	0.0147121614451726	0.0163476972967583
YOR353C_mRNA	0.292217262461118	0.407286548109683	0.0656708807517191	0.06234952149359	6.46331081237613	0.0117054752483785	0.00172801299303249	0.00958137775059972	0.0138218383288861	0.0138218383288861
YEL036C_mRNA	0.293333838603415	0.408691735243241	-0.0703355631227952	0.0669329481293397	7.06014294738497	0.0180446306863437	0.000883897197452497	0.017036180983687	0.0147461347802519	0.017036180983687
YPL182C_mRNA	0.293365746101482	0.408691735243241	-0.159939370396789	0.152212063811371	3.86810557041263	0.0933172734343882	0.0239281589473654	0.0687458905315016	0.0333855532827923	0.0687458905315016
YDR369C_mRNA	0.293808213283541	0.409210291797731	0.0761793316339252	0.0725652865459729	5.23310349016899	0.015572784490802	0.00565053379629503	0.00937650942436668	0.0154123494497016	0.0154123494497016
YMR153C-A_mRNA	0.293968337669646	0.409335452978813	0.165965776290948	0.158144591704297	3.22380571539482	0.0593583945541283	0.0481745962382683	0.00755378681262432	0.0518642513030073	0.0518642513030073
YNR025C_mRNA	0.294400500716921	0.409839263363628	-0.19413882601835	0.185155640524515	3.29946817792939	0.138039050885437	0.0437295385065314	0.0934009063656422	0.0491165130161911	0.0934009063656422
YCR066W_mRNA	0.295037099401336	0.410471650578775	0.080617535096649	0.0769886389588935	5.01932578011717	0.0183349992321259	0.00667190622184903	0.011115825251126	0.0170370958931224	0.0170370958931224
YGL052W_mRNA	0.295066129870222	0.410471650578775	0.261042070748348	0.249306580434455	2.27817039526322	0.135279329704421	0.141059347108661	-0.0155866260540917	0.107555737083025	0.107555737083025
YJL002C_mRNA	0.294931158208289	0.410471650578775	-0.0664341383712499	0.0634297721488213	7.34049518315808	0.00527820262941054	0.000702106343127852	0.00369211226234619	0.0153912376362777	0.0153912376362777
YLR252W_mRNA	0.295476259566188	0.410944064987494	0.403305601403388	0.385501732211955	1.75382513584948	0.598191361509654	0.18039338966234	0.414052952491333	0.166105049721042	0.414052952491333
YBR236C_mRNA	0.295666072285244	0.411109913397096	0.0660109166417359	0.0631216784706133	6.00691677796684	0.00693258535116128	0.00248605020524292	0.00369673663789211	0.013451334966547	0.013451334966547
YOR166C_mRNA	0.296295752657375	0.411887152226645	-0.0731151410192172	0.0700061691207529	5.33794055092847	0.0119310992369521	0.00478746319533806	0.00646847917389346	0.0148159916645158	0.0148159916645158
YLR007W_mRNA	0.296911240573162	0.412568384038217	-0.0669307043747441	0.06416641492064	5.78760291184099	0.0164924144101503	0.0029671582022133	0.0134233660406337	0.0135021570128576	0.0135021570128576
YMR060C_mRNA	0.29692743465023	0.412568384038217	-0.0706036230116445	0.0676899084065165	5.49280903372998	0.0116019406831037	0.00419306934067475	0.0068133323676877	0.0141346254596556	0.0141346254596556
YLR232W_mRNA	0.297032198651308	0.412615543476996	0.20942037295579	0.200821429970873	2.60500091329694	0.104217153322039	0.0784924363940951	0.0206382585626779	0.0828245505480893	0.0828245505480893
YBR206W_mRNA	0.297213506185333	0.412696595247621	0.111057596057518	0.106537473701944	4.85283978763193	0.0456632149016446	0.00827967659368086	0.0371212566174884	0.0186749795831456	0.0371212566174884
YHR104W_mRNA	0.297232219989532	0.412696595247621	-0.0645288156456472	0.0619048454505771	6.43532747310435	0.0132997378622731	0.00154466222125997	0.0115153517601384	0.0137841773397794	0.0137841773397794
YOR149C_mRNA	0.297693147140621	0.413238092742735	-0.0862180171850287	0.0827910400203026	5.26166990967459	0.0275718759451532	0.0054618534432556	0.0219555717873178	0.0152378944509578	0.0219555717873178
YNR060W_mRNA	0.298202280150112	0.413846232528479	0.065807430106997	0.0632583548439365	5.94811396652207	0.0123501018149574	0.00253742110361702	0.00945751145318378	0.0134690567266285	0.0134690567266285
YLR121C_mRNA	0.298730046429948	0.414479935818261	-0.0820066310390269	0.078916223581459	7.12645357395298	0.0250436992947718	0.000834494473054474	0.0240765869043808	0.0148834038996171	0.0240765869043808
YER090W_mRNA	0.299279129403274	0.415142906643684	0.0653460744542851	0.0629550110872707	7.24146082982802	0.00799917228387427	0.000709276820885272	0.00664123364138434	0.0151440568631083	0.0151440568631083
YHR107C_mRNA	0.299556313109324	0.415428488496768	-0.064412256834112	0.0620909656846341	6.74424331223351	0.00846737544414839	0.00119793346509217	0.00668884341636294	0.0142232186135095	0.0142232186135095
YKL022C_mRNA	0.299832351069301	0.415712345866194	0.0656822133752452	0.0633513296051731	6.01859884823896	0.00655345830456899	0.00260176054666784	0.00318718673569288	0.0134518033043053	0.0134518033043053
YNL177C_mRNA	0.299995184355505	0.415821040668008	-0.0649737356264391	0.0626891114213522	6.16076091102318	0.0131277540791429	0.00218612728102616	0.0106731559976971	0.0135335714821687	0.0135335714821687
YOR323C_mRNA	0.300053493815363	0.415821040668008	-0.0655594233123295	0.0632618368474233	7.32499677162221	0.00715622782817817	0.00065688025326901	0.00578249585262326	0.015351359751971	0.015351359751971
YBL045C_mRNA	0.300152379285463	0.415859158553414	0.0770602293546916	0.0743748026527786	7.15405225316686	0.0222348897928411	0.000866041106131877	0.0212604039724271	0.0149433413653516	0.0212604039724271
YDL176W_mRNA	0.301168934733737	0.417168381778115	0.0683044169443914	0.0660629089104045	5.61850003022994	0.0101572529670602	0.00372768645264718	0.00582208647659928	0.0137295452821704	0.0137295452821704
YGR021W_mRNA	0.30134918616009	0.417318839688301	-0.100054123568357	0.0968067941447768	6.10509873024854	0.0376566941704749	0.00222496686870791	0.0352612547016489	0.0134889009366835	0.0352612547016489
YDR056C_mRNA	0.301852132432031	0.417915998942256	0.0640705015267537	0.0620555752862723	6.64801414755269	0.014638642179865	0.00130728291231213	0.0132041110901461	0.0140962947841287	0.0140962947841287
YGR213C_mRNA	0.302254354131566	0.418274077712709	0.097763715627979	0.0947679981476218	4.60167929892934	0.0360776993904255	0.010091322476886	0.0258325714147446	0.0216296942623983	0.0258325714147446
YML062C_mRNA	0.302199294872548	0.418274077712709	0.0649938067241254	0.0629950641357712	6.11471332461096	0.00918872016695711	0.00237769081098783	0.00626045367861107	0.0134958216108919	0.0134958216108919
YDL156W_mRNA	0.302923506709645	0.418653961015428	0.205402641330455	0.199384367345944	4.62444435745084	0.159666135534059	0.0126032348417902	0.14641326892598	0.021343595542054	0.14641326892598
YDR159W_mRNA	0.30263408871891	0.418653961015428	-0.0649091012882663	0.0629695675148613	6.26950893860441	0.0156885779364021	0.0022318580996256	0.0133735635665051	0.0136288076324091	0.0136288076324091
YDR263C_mRNA	0.302960023968596	0.418653961015428	0.123529521778666	0.119919177533757	4.29541973224915	0.0577568188576223	0.0134370417511915	0.0440853948102992	0.0257378539594528	0.0440853948102992
YGR022C_mRNA	0.302775836399727	0.418653961015428	0.523808427306151	0.508305630103882	1.5996279498868	1.03776529569366	0.432978455913736	0.600519998467483	0.189295848472025	0.600519998467483
YML034W_mRNA	0.302741428728647	0.418653961015428	0.0641082204434228	0.0622064265568418	6.46743562112934	0.011753319629391	0.00165097580146906	0.00976761982190061	0.0138275822184179	0.0138275822184179
YOR099W_mRNA	0.302890791628254	0.418653961015428	0.0661378572371495	0.0641956817711674	7.53947020940776	0.00393134346115487	0.000576476778981912	0.00238590088370643	0.015907865453278	0.015907865453278
YLR128W_mRNA	0.30311081288102	0.418733807777021	0.0853749775473524	0.082905610835035	4.803721059312	0.0242999274687224	0.00828092662436235	0.0156721708660657	0.0192124346073588	0.0192124346073588
YPL064C_mRNA	0.30316155187152	0.418733807777021	0.0650239399865399	0.0631498285365528	6.10757221481246	0.0111365439760649	0.00246096187860164	0.00826301730393273	0.0134906414981825	0.0134906414981825
YMR091C_mRNA	0.303910383690366	0.419668617060932	0.0641347483057871	0.0623827987308464	6.60534576440684	0.00543574139918157	0.00153296651213842	0.00311582328977136	0.0140334877978347	0.0140334877978347
YER101C_mRNA	0.304274485363354	0.420071836902109	0.0823041837765407	0.0801162051557694	4.94816710355117	0.0185782598515999	0.0079740364338597	0.009995819502248	0.0177003888803856	0.0177003888803856
YBL101C_mRNA	0.304763684640713	0.42054789832231	-0.139064744803351	0.135504845775194	6.69247298465575	0.0737069035858792	0.00131633266956448	0.0721299202446715	0.0141573242585308	0.0721299202446715
YBR220C_mRNA	0.30469852126595	0.42054789832231	-0.0638412807530162	0.0621986352428138	6.33869350180608	0.011249295340323	0.00179635528105953	0.0090919728326621	0.0136783256232149	0.0136783256232149
YDR327W_mRNA	0.305463071130213	0.421413178405073	0.141056901057096	0.137644912695468	5.71308816060735	0.0760380685890753	0.00347606880467082	0.0723084191591008	0.0135542704814531	0.0723084191591008
YLR411W_mRNA	0.306078301819233	0.422161975946698	0.131816444988095	0.128791693921714	4.10721842409417	0.0665594082918508	0.0176224670389698	0.0487267346539277	0.0287643657830972	0.0487267346539277
YDR177W_mRNA	0.306472948199356	0.422606247623538	0.0635925009353706	0.0621839796683219	6.60648621557691	0.00946043796259236	0.00143218753684224	0.00754856565873097	0.0140352017727188	0.0140352017727188
YCR100C_mRNA	0.307160386979225	0.423453955168236	0.113315580335554	0.110963320657716	4.03189927580118	0.042086531813241	0.0191325373799116	0.0222914836351942	0.0301188967456365	0.0301188967456365
YGR101W_mRNA	0.307790762810169	0.424122276284779	0.0664126293854737	0.0651188070565231	5.77713019503823	0.00995719566877267	0.00345538684857698	0.00595285498456737	0.0135064492812818	0.0135064492812818
YJR055W_mRNA	0.307786056118169	0.424122276284779	-0.155089092950094	0.152066234289202	3.40609739272096	0.0927441550145759	0.0363529202224425	0.0561436382211509	0.0455421052777377	0.0561436382211509
YGR065C_mRNA	0.308877882423997	0.425419040898866	0.0647513564356026	0.0636327313600968	5.9222159000487	0.0135340657771747	0.00271911938388246	0.0105837401887331	0.0134773786175025	0.0134773786175025
YIL139C_mRNA	0.308845399611549	0.425419040898866	0.0818109310846353	0.0803921920178942	4.86755054597772	0.0142419791697257	0.00733310334938482	0.00601386620533987	0.0185185148003831	0.0185185148003831
YLR265C_mRNA	0.309411437396165	0.426053187017267	-0.123686244969322	0.121683601630863	4.78967227886473	0.0593586325004351	0.009596832054099	0.0496307635693354	0.0193702394546368	0.0496307635693354
YOR329C_mRNA	0.309759766140327	0.426432041005091	-0.0967677324509911	0.0952695008579805	6.96285671803497	0.0363818355082424	0.00102142472629607	0.0352836864486189	0.0145619801045653	0.0352836864486189
YIL037C_mRNA	0.310039230617316	0.426715936115399	-0.0944693513515829	0.0930604424119905	4.50569055317777	0.0204380882933855	0.0117790384334812	0.00756906806806356	0.0228619453341804	0.0228619453341804
YJL091C_mRNA	0.310281036809497	0.426947879180946	-0.0877945151111056	0.0865283876938448	5.50425170343029	0.0300075048427047	0.00402113528090313	0.0259275122266822	0.014092655067392	0.0259275122266822
YIR023C-A_mRNA	0.31059028844569	0.427272495982194	0.226481134913144	0.223357655318815	2.66694211516628	0.192603229021522	0.120653202137371	0.0710520562509616	0.0789013666207029	0.0789013666207029
YDR323C_mRNA	0.311287417036491	0.4281304276805	0.081845574547727	0.0808331925170708	4.86535774682255	0.0104343440335553	0.00759431797413478	0.00167142261237514	0.0185417020758726	0.0185417020758726
YDR318W_mRNA	0.31213175279042	0.429190368599714	0.0714914259424444	0.0707304316047873	5.30262897593807	0.0106271659773538	0.00500754454702691	0.00491841214777103	0.0150036312729711	0.0150036312729711
YDL102W_mRNA	0.312294177573485	0.429211106049333	-0.0662675536238106	0.0655841757935174	5.85218054672493	0.0172291643377318	0.00274615598748281	0.0144589804705772	0.0134880240928502	0.0144589804705772
YLR427W_mRNA	0.312260985609667	0.429211106049333	-0.0626886738860236	0.0620379473222293	6.53500619610419	0.0071482324691433	0.00146821629178817	0.00506778425841159	0.0139266113400346	0.0139266113400346
YOR336W_mRNA	0.312485867501256	0.429373269826018	0.0733504780815786	0.0726228215728158	6.01697290228366	0.0211246217652146	0.00265995368570779	0.0184363431670803	0.013451660873306	0.0184363431670803
YAR014C_mRNA	0.312629982486213	0.429470001878019	-0.062753223699902	0.0621492015267281	6.65969329272408	0.0111770603435912	0.00133723398274059	0.00951305436118429	0.0141128590188989	0.0141128590188989
YBR136W_mRNA	0.312907482671986	0.42974988072772	0.0658181811661408	0.0652220497000066	5.64971128797233	0.0130012165738489	0.00336148196250058	0.00933066923176064	0.0136541811057799	0.0136541811057799
YNL297C_mRNA	0.314451127585543	0.43176815208894	-0.0853866172803157	0.0848835899621675	6.50297734390145	0.0288437355303175	0.00167109279999182	0.0271498025794697	0.0138787093055106	0.0271498025794697
YOR304W_mRNA	0.314645956543296	0.431933869656278	-0.0877279482354092	0.0872462460916369	6.53020411847245	0.0304701059468665	0.00151777864606645	0.0289298511822634	0.0139193551410131	0.0289298511822634
YEL049W_mRNA	0.315380976646444	0.432840888090031	0.384150558581502	0.382621946614757	2.09694497061939	0.208353388132226	0.460849999381346	-0.279777555427812	0.124748216743719	0.124748216743719
YDL193W_mRNA	0.3159273513959	0.43328454548788	-0.0638420317490275	0.0636598243992765	5.97961489871256	0.00908079412675126	0.00275467693320515	0.00581022962607295	0.0134556160369817	0.0134556160369817
YMR162C_mRNA	0.315925942772415	0.43328454548788	0.0645591712882633	0.0643747298183103	6.63860808121804	0.0165827648922543	0.00139176616464336	0.0151846571920784	0.014082728118212	0.0151846571920784
YOR083W_mRNA	0.315816397939531	0.43328454548788	-0.161061549627171	0.160565057073015	4.95792394625124	0.103167132935561	0.00815183459698286	0.0949727156144596	0.0176060753927288	0.0949727156144596
YOR225W_mRNA	0.316082855111562	0.433395790510699	0.219456429192173	0.218900420958654	2.50360586199767	0.126099196374227	0.10193372955224	0.0194122310447802	0.0897358476312634	0.0897358476312634
YAR002C-A_mRNA	0.317182351294767	0.434659206693418	0.0659465723095856	0.0659291107599559	6.95587394315107	0.0173872046500701	0.00102739695530208	0.016359193627092	0.0145495515585029	0.016359193627092
YHR060W_mRNA	0.317228106223895	0.434659206693418	0.0748040719277092	0.0747913359790576	5.30681697027254	0.022375483813978	0.00522721805674918	0.0171477576933799	0.014980697756437	0.0171477576933799
YPR147C_mRNA	0.317112801619405	0.434659206693418	0.0692991674834786	0.0692708622399028	5.6804085392091	0.0191948553574233	0.00374071433383074	0.0154530950880076	0.0135978353398964	0.0154530950880076
YNR028W_mRNA	0.317425606048492	0.434827552513171	-0.0625903274856979	0.0626052154231371	6.07177082813643	0.00830339062806475	0.00220906664312063	0.00556812357415822	0.013468585349589	0.013468585349589
YDL012C_mRNA	0.317841809518197	0.435295341385289	-0.107756105952981	0.107874472459884	4.5805895124585	0.0465408009837673	0.0105307982140219	0.0360168090199716	0.0218971226981446	0.0360168090199716
YJL058C_mRNA	0.31814050406787	0.435602015675537	0.0800340720756488	0.0801714544769564	4.88403671524505	0.0149797805411337	0.00736412126311708	0.00685551426152327	0.0183457271886857	0.0183457271886857
YPL178W_mRNA	0.318314026365657	0.435737198685696	-0.0618506060780034	0.0619789949869333	6.56484387365294	0.0126760615262617	0.00139358271636508	0.011094912498282	0.0139720005619962	0.0139720005619962
YPL151C_mRNA	0.31903752877228	0.436625004140781	-0.0626640216644019	0.0628880484960883	6.03255674521551	0.00448256977765464	0.00236562147799427	0.00131519482344809	0.0134540050965911	0.0134540050965911
YOR193W_mRNA	0.320653450695363	0.438733443811927	0.095553412884883	0.0962157667900614	4.87907497432069	0.0369960233653178	0.00804172380182715	0.0289881713141708	0.0183974419894195	0.0289881713141708
YCL065W_mRNA	0.320766444613396	0.43878499796141	0.375870258898262	0.37856408732763	1.61727929162347	0.572701121739486	0.272322499376534	0.300920573480274	0.186474550362549	0.300920573480274
YAL010C_mRNA	0.321411106834341	0.439563640473443	0.0659442555508145	0.0665054108944357	5.60593328427254	0.0139166971830972	0.00392714533970328	0.00974113168785764	0.0137647333732476	0.0137647333732476
YDL006W_mRNA	0.321574398801619	0.439683747340585	-0.0652957313237594	0.0658735930528261	5.61736174202483	0.0101810408669694	0.00362464688033281	0.00606545904024734	0.0137326741664245	0.0137326741664245
YNL150W_mRNA	0.321703926699062	0.439757643582528	0.0990338184303956	0.0999370062796118	5.71998229351591	0.0399016987548642	0.00383772516141823	0.0361118957351065	0.0135469598437907	0.0361118957351065
YBL094C_mRNA	0.321864164531065	0.43987347467933	0.274084467698264	0.276675719152256	2.40735464000519	0.186687144630392	0.209292954031131	-0.0307345263366946	0.0969048602425404	0.0969048602425404
YGL247W_mRNA	0.322058203945409	0.440035435315655	0.0919898211530766	0.09289675551661	4.79014595699839	0.0344745140781212	0.00958652659319738	0.0249327021488539	0.0193648902378988	0.0249327021488539
YPR036W_mRNA	0.322172553263444	0.44008846314486	0.0686095740009929	0.0693023757552296	8.28854784335459	0.0191857983037506	0.000232229544497523	0.0189790475967786	0.0179145107314408	0.0189790475967786
YBR063C_mRNA	0.322389062489848	0.440280984075447	-0.0943818186438382	0.0953775274807645	4.98018213228975	0.0363371056446225	0.00738517219437627	0.0290023187989996	0.0173948740136671	0.0290023187989996
YIL073C_mRNA	0.322682819073604	0.440578885381489	0.0706205201786212	0.0714088898563129	5.26560752922966	0.0149183583403697	0.0051823454366632	0.00937667910793316	0.0152145727653809	0.0152145727653809
YNR064C_mRNA	0.323097241817353	0.441041361487324	-0.101637729867086	0.102860417387692	4.1949254354312	0.0396397424788077	0.0150277349014936	0.024491924002219	0.0272933269591877	0.0272933269591877
YOR017W_mRNA	0.323565391927264	0.441576943867004	0.0667059949750557	0.0675738059141689	5.55003244907677	0.0159174664905539	0.00432963815354839	0.0114534502961558	0.0139352388293547	0.0139352388293547
YDR415C_mRNA	0.324074555293907	0.442125308394751	0.0634862117156228	0.064379846616451	5.74533708681698	0.00718734280117485	0.0030541232972913	0.00349502996739576	0.0135249353041397	0.0135249353041397
YMR227C_mRNA	0.324118982518706	0.442125308394751	-0.0620404571563274	0.0629195186021323	6.11759661342692	0.0148957170093591	0.00233748803312749	0.0125224892414241	0.0134979752513688	0.0134979752513688
YNL307C_mRNA	0.325231242170185	0.443448115495126	0.0670989524904236	0.0682063054649527	6.83169700688767	0.0185684455727494	0.00118949144083363	0.0174189089798801	0.0143462287435123	0.0174189089798801
YOL075C_mRNA	0.325240953915323	0.443448115495126	-0.0649482449232539	0.0660214294205046	5.65423480928534	0.0145753514972186	0.00379048137103506	0.0106207453706674	0.0136448351998716	0.0136448351998716
YIL002C_mRNA	0.325887256253323	0.44422535211321	-0.0654631714608363	0.0666338198914886	6.25025053234014	0.0177190267104932	0.00205401478467062	0.0157062490286548	0.0136133718412519	0.0157062490286548
YMR303C_mRNA	0.326879128856227	0.445473170693889	0.15374519801597	0.156815741610943	5.63808560737649	0.0981104163602214	0.00474659359847766	0.0936181136694824	0.0136799750808359	0.0936181136694824
YPL214C_mRNA	0.327074988120389	0.445635846770202	0.0612310555185666	0.0624792312947601	6.23530412638877	0.0118645941291182	0.00201398616586996	0.00962686692678021	0.0136006312068666	0.0136006312068666
YCR017C_mRNA	0.327461187704854	0.446057722601935	0.0636735566316328	0.0650234135970604	7.75849898169913	0.00601701292677254	0.000426484251384773	0.00486193765183673	0.0164856930118727	0.0164856930118727
YCR049C_mRNA	0.327656489870386	0.446219427298941	-0.311582675033052	0.318316610516544	3.65533792152787	0.404170737816301	0.0475729674425076	0.357728890680457	0.0383817323967674	0.357728890680457
YBR294W_mRNA	0.327928682603139	0.44648574546527	0.0763697779556557	0.0780641993689958	5.72713403828071	0.0243062965623223	0.00336276520703546	0.0210133116854539	0.0135399997685923	0.0210133116854539
YGR182C_mRNA	0.32839880178273	0.44702135962294	0.130218215888998	0.133236808816966	4.36172700838998	0.070796118635071	0.0145076112322408	0.0565005776626743	0.0247820703989689	0.0565005776626743
YLR035C_mRNA	0.328709185611235	0.447339340194126	0.0756814273513507	0.077485508204539	5.14246456320115	0.0239423291173219	0.00560909643934199	0.0184069194875207	0.0160310447275772	0.0184069194875207
YDR016C_mRNA	0.329977798692885	0.44892553713958	0.345593507234332	0.354761030080977	1.53016178686277	0.279145345477552	0.302575416134408	-0.0376153666206103	0.200846137722055	0.200846137722055
YNL161W_mRNA	0.330028849222249	0.44892553713958	0.086569350617213	0.0888751479371124	6.63355064008882	0.0314872904954924	0.00142807744603704	0.0301670902373375	0.0140753589536252	0.0301670902373375
YGL097W_mRNA	0.33056353614173	0.449547890187143	-0.0606176652887477	0.0623010772301388	6.93602784904718	0.010597741887344	0.00101089132328394	0.00929397460028214	0.014514805572859	0.014514805572859
YML009C-A_mRNA	0.330712575657554	0.449645616284927	-0.125731896077283	0.129263426797325	3.82997492242558	0.0665959943452295	0.0254612269058809	0.0413749071236683	0.0342145599686995	0.0413749071236683
YDR504C_mRNA	0.330915135251865	0.449797744289743	0.321084687109088	0.330241548818756	2.04448520916202	0.434647494459437	0.201187002584446	0.235050919680396	0.13027228302802	0.235050919680396
YJR089W_mRNA	0.330978875690032	0.449797744289743	0.0853000177178746	0.0877442135494408	5.99379157588264	0.0306834003153088	0.00273240887192956	0.0280637791737099	0.0134524128757857	0.0280637791737099
YPL213W_mRNA	0.332022305267034	0.451110529497608	0.0755570618056004	0.0778899816619774	5.02029918711796	0.0200858423468344	0.00723897227621381	0.0126504674986244	0.0170284246969989	0.0170284246969989
YOR291W_mRNA	0.332407496537788	0.451528578882993	0.0601718483902032	0.0620791682645922	6.68573324444442	0.00632794451118919	0.00126683606983593	0.00447863266681143	0.0141484564598583	0.0141484564598583
YNL192W_mRNA	0.33254582826041	0.451611187749453	0.109982611135638	0.113501296715683	8.07158157283933	0.0513204788635188	0.000359022728484787	0.0511711546960817	0.0173253789501954	0.0511711546960817
YGR104C_mRNA	0.333212527135446	0.452411135653952	-0.0696009903667136	0.0719268641315879	5.26487254140513	0.0144564847824936	0.00547498234216039	0.0086300233933606	0.0152189127930552	0.0152189127930552
YAL043C_mRNA	0.333380572325772	0.452533833730183	0.0708091772481228	0.0732008665192365	6.60649759917898	0.0213416201629054	0.0013401059298412	0.0200933615068271	0.0140352188737671	0.0200933615068271
YMR182C_mRNA	0.333515996954798	0.452612205510984	-0.114180255442161	0.118069941497678	5.24428631882452	0.055521142913746	0.00600662812973009	0.04975541621133	0.0153429436111104	0.04975541621133
YLR380W_mRNA	0.333689344926395	0.452741994303954	-0.0604301333441433	0.062511169982642	6.30626850113418	0.00718986534255025	0.00197654732190154	0.00468350811197631	0.0136540381684935	0.0136540381684935
YJL111W_mRNA	0.334043500019043	0.453037414955077	-0.0632626858291362	0.0654892305382802	7.8649430436115	0.00454660893326025	0.000385815666630754	0.00334207464234348	0.0167695415993533	0.0167695415993533
YPL002C_mRNA	0.334062604642466	0.453037414955077	-0.0799875469364632	0.0828059996690609	4.84289916166888	0.0170433048917473	0.00864542835810452	0.00778725326450679	0.0187819059666655	0.0187819059666655
YCR106W_mRNA	0.334662288327965	0.453533959478652	-0.125928530842519	0.130527608109945	4.78486537364876	0.0678353028226136	0.00958771781100178	0.0585621081046114	0.0194246350103236	0.0585621081046114
YIR024C_mRNA	0.334588720401973	0.453533959478652	0.078541829382296	0.0813978909510842	5.08526402304596	0.0263806538881872	0.00670481854295038	0.019797648062188	0.0164752192191671	0.019797648062188
YMR103C_mRNA	0.334650846528118	0.453533959478652	0.0829359357765294	0.0859628313560198	5.01794926287969	0.0294221031172101	0.00730976515701061	0.0222486683419634	0.0170493769451969	0.0222486683419634
YGL205W_mRNA	0.335147564431538	0.454085979157706	-0.0865359080761617	0.0897864195720338	4.73453436822237	0.032093567824128	0.00910677745364873	0.0231396271046124	0.0200059519704694	0.0231396271046124
YIL099W_mRNA	0.33531691416759	0.454209798172606	-0.182469275103883	0.189389642773199	4.67715666603942	0.14278750704362	0.0105858680076636	0.132887879151376	0.0206928292850314	0.132887879151376
YKL139W_mRNA	0.335439550719121	0.454270298114737	-0.0635486153876467	0.0659755130197017	5.66700558170928	0.010765545601812	0.00379063331763882	0.00659004367924921	0.0136204399552125	0.0136204399552125
YNR034W_mRNA	0.335626746689238	0.454418179458866	0.0621509810891863	0.0645495020760096	5.82239602687649	0.0142365751066776	0.00317398442714177	0.0109758476299133	0.0134925684459013	0.0134925684459013
YJL198W_mRNA	0.336240769139215	0.455143754880359	-0.0616211552616216	0.0640806003070096	7.25225982887745	0.0163428515935122	0.000694820834720896	0.015730472508106	0.0151700036007819	0.015730472508106
YBL036C_mRNA	0.336471887789323	0.455350805635447	-0.0638882593774755	0.0664699746999872	5.88973459201908	0.0175832840530455	0.00298479119008266	0.0146882389563851	0.013483466572013	0.0146882389563851
YMR099C_mRNA	0.336686968150786	0.455536060484551	0.059671852536429	0.0621108242209972	6.7117542406552	0.011678703578415	0.00124922590053048	0.0102463193663058	0.014181792041116	0.014181792041116
YHR037W_mRNA	0.336861403956729	0.455560478052903	-0.068511516233237	0.0713375415052239	6.59044064847229	0.0202507881196563	0.00143594267589223	0.0189202366361459	0.0140109717626247	0.0189202366361459
YML107C_mRNA	0.336788260530508	0.455560478052903	-0.074460157349017	0.0775198216748514	5.02176599472918	0.0131425846111358	0.00702191181410863	0.00547533883141105	0.0170153791958944	0.0170153791958944
YNR001C_mRNA	0.337141157707216	0.455832997169237	0.0794416618949859	0.0827664522220268	7.92379459943164	0.0272573269953419	0.000384260677403456	0.0270168817762807	0.0169272378417309	0.0270168817762807
YMR243C_mRNA	0.337917893999869	0.456718610821413	-0.0606429271880917	0.0632826143833166	7.32712165034985	0.00477566270202514	0.00066193323044775	0.00340411548802486	0.0153568239023024	0.0153568239023024
YNL275W_mRNA	0.337952957646947	0.456718610821413	0.0632363274716908	0.0659936909439794	5.57008508834081	0.0102527312693345	0.00354926163138344	0.00629328383944438	0.0138714073462544	0.0138714073462544
YIR022W_mRNA	0.338501139378643	0.457353348334874	0.0724626584134553	0.0757081930777897	6.23258569248065	0.0227986836938133	0.00212814213614479	0.0207987798602708	0.0135982582014453	0.0207987798602708
YHL010C_mRNA	0.338977936382984	0.457863138661054	0.0625158530593521	0.0653803858802408	5.74435948437124	0.0150945553714167	0.00357272588850681	0.0114833743283715	0.0135256535428899	0.0135256535428899
YJL056C_mRNA	0.339114219588474	0.457863138661054	-0.0798774945389932	0.0835611280308198	5.35925467095291	0.0277693023420773	0.00513737963704892	0.0227924688340833	0.0147088769731696	0.0227924688340833
YLR374C_mRNA	0.339096190011067	0.457863138661054	0.222426333838468	0.232675069135314	4.0110634294933	0.215306960838545	0.0196415800738797	0.196909171114613	0.0305093289401456	0.196909171114613
YBR113W_mRNA	0.33967352692396	0.458512040745827	-0.351771458869921	0.368420175387724	3.44372166493468	0.539736298168952	0.0651901823604688	0.477743520170416	0.0443586653173319	0.477743520170416
YAR068W_mRNA	0.339781303084271	0.458551279075506	-0.680599222328236	0.712969866517437	2.22466928952678	1.59897385717115	1.92096157133926	-0.340122524779835	0.112342550908305	0.112342550908305
YER087W_mRNA	0.339973538517115	0.458704454701415	-0.0672717022122187	0.0704993352944668	5.38554740601091	0.00969906299490103	0.00529774004222645	0.00380111833273054	0.0145828850656201	0.0145828850656201
YDR103W_mRNA	0.340188956410897	0.458888830759409	-0.0600866766025987	0.0629976752607263	6.10972463827148	0.00673132163692917	0.00238264931224199	0.003797935668712	0.0134921790407817	0.0134921790407817
YOR386W_mRNA	0.340646382684096	0.459399496647579	-0.110587890684797	0.116055391982618	5.58659676452869	0.0535449700483896	0.0043340025311904	0.0495414135017663	0.0138211068423589	0.0495414135017663
YPL063W_mRNA	0.341415415793295	0.460330065357958	-0.0597770432584427	0.0628324402016214	7.14644021847307	0.00461016359264963	0.000865016947861399	0.00305350264405699	0.0149266452188999	0.0149266452188999
YMR231W_mRNA	0.341748004140593	0.460593548685457	-0.0680490690348707	0.0715765698131378	5.97997061507272	0.020361480171606	0.00255303186560579	0.0179397895192542	0.0134555086024151	0.0179397895192542
YPR136C_mRNA	0.341768951419023	0.460593548685457	-0.416940390893774	0.438572612368585	1.82380466477691	0.764448639476247	0.323039822691033	0.446343922588188	0.156599765910372	0.446343922588188
YOR148C_mRNA	0.342558218923583	0.461550458706936	0.0818764524083243	0.0862654047315676	5.09257658758151	0.0295700891221304	0.00637420594627981	0.0233926742677249	0.0164161563135566	0.0233926742677249
YDL245C_mRNA	0.343301500904222	0.461910980200462	0.125985507857839	0.132943490956436	4.59670650113693	0.0702154541914058	0.0321671386500553	0.0385287485006802	0.0216925537750388	0.0385287485006802
YGL187C_mRNA	0.343078202049076	0.461910980200462	0.0769320487274419	0.0811433324941457	5.51565116585264	0.0261594415565275	0.0041594534469229	0.022177508186099	0.0140519025047468	0.022177508186099
YGR049W_mRNA	0.343086630531131	0.461910980200462	-0.0707092087617121	0.0745811548604348	5.39535639897811	0.0220993795861689	0.0043672904104786	0.017882104230786	0.0145375758696556	0.017882104230786
YGR063C_mRNA	0.342975412613739	0.461910980200462	0.138287139590305	0.145825958172469	4.86822208880881	0.0844896730807815	0.00739417068405087	0.0776666696236241	0.0185114232802794	0.0776666696236241
YGR220C_mRNA	0.343251516951389	0.461910980200462	-0.0599529721318424	0.0632575291595816	6.03332854319254	0.00821838655286795	0.00255188358135896	0.00522657090601626	0.0134541764001423	0.0134541764001423
YOL113W_mRNA	0.343259323000371	0.461910980200462	0.0589934018187828	0.0622460749687503	6.78159174129261	0.00706630555110735	0.00122459127470349	0.00535210139915372	0.0142737041213576	0.0142737041213576
YPL046C_mRNA	0.343730096524762	0.462380868703132	0.29721765882018	0.313911202750263	1.81197884347747	0.17150379566512	0.235996799553057	-0.0774822575445847	0.15816417329541	0.15816417329541
YBL088C_mRNA	0.344416566404785	0.463197349001449	-0.0594273574886141	0.0628545170522177	6.23607146572317	0.0134491060207041	0.00220146298398274	0.0111992618044632	0.0136012982714874	0.0136012982714874
YER148W-A_mRNA	0.345337531688664	0.464328746738554	0.145978439936861	0.154692005372994	3.85101941347715	0.0950198230119619	0.0467771082032904	0.0489413579019831	0.0337536506917213	0.0489413579019831
YCL046W_mRNA	0.345834561861081	0.464889745593599	-0.303621388395591	0.322076489918727	1.78549007853782	0.229735720132379	0.253203532523206	-0.0333969602360189	0.161729528910264	0.161729528910264
YER129W_mRNA	0.346079302495901	0.465083147540838	-0.0706414513270731	0.0749733042851563	6.66085410909331	0.0223157769657814	0.00132116070652246	0.0211628247152161	0.0141144868411334	0.0211628247152161
YHR084W_mRNA	0.346138092642821	0.465083147540838	-0.0871425612189619	0.0924975645775746	6.00371445217273	0.0339666715506018	0.00248324807570709	0.0317399497354233	0.0134514372781864	0.0317399497354233
YAL051W_mRNA	0.346441888505001	0.465276727162318	0.0594683915199646	0.0631625628278671	6.06604197204684	0.0100590419146838	0.00249227557781744	0.00727484373363751	0.0134657617941196	0.0134657617941196
YER008C_mRNA	0.34636772604236	0.465276727162318	0.0586515638081444	0.0622854147834872	6.87506428644647	0.0127922972103311	0.00110446756608348	0.0116187063200882	0.0144134240129207	0.0144134240129207
YHR189W_mRNA	0.346829984538907	0.465690594589461	0.151903445449432	0.161469570973283	4.35623000977854	0.103490285238281	0.0152410313968829	0.0890486580043017	0.0248592743650715	0.0890486580043017
YDR275W_mRNA	0.347153296744079	0.465966741485599	-0.0766577105528711	0.0815398874883217	5.55982181188061	0.0263890533625925	0.00398271493450695	0.0226122980719257	0.0139036970292488	0.0226122980719257
YOR279C_mRNA	0.347195610159455	0.465966741485599	0.0708679407766898	0.0753879942649206	5.10660744420443	0.0158941385981592	0.00642871268622536	0.00916578866039426	0.0163046860309255	0.0163046860309255
YOR313C_mRNA	0.347401870698171	0.466136181180917	0.241071287563293	0.256556869957267	2.16371168418484	0.261230760266454	0.144044388802849	0.11924132128623	0.118085281694824	0.11924132128623
YGL060W_mRNA	0.347817167274643	0.466536621753589	-0.063661200912214	0.0678089606480747	5.4676738035201	0.00676401551738641	0.00416158309188923	0.00192764824771473	0.0142306374847994	0.0142306374847994
YLR319C_mRNA	0.347894128504526	0.466536621753589	-0.0713872620292307	0.0760505426375127	5.93213679891215	0.0229513951137258	0.00252729049320417	0.0206074496486364	0.0134746487354265	0.0206074496486364
YOR274W_mRNA	0.347940546089829	0.466536621753589	-0.0736536850187241	0.0784725721725184	5.64996228136073	0.0244362905290755	0.00382706138337085	0.0208047169501136	0.0136536525955977	0.0208047169501136
YKL194C_mRNA	0.348279388462222	0.466883506024138	0.064251415712223	0.0685032816039449	5.45077416139749	0.00570414959383248	0.00447258745475728	0.000459502989770416	0.0142982109072802	0.0142982109072802
YLR251W_mRNA	0.348465630366043	0.46702571026284	0.0694923623323141	0.0741196823240575	5.12259974703993	0.011893458062244	0.00579427548693896	0.00556894717331518	0.0161806337443379	0.0161806337443379
YOR229W_mRNA	0.348655754837853	0.467173051445568	0.089610171803783	0.0956147928895499	5.56966507142364	0.0362721662829507	0.00415057217373021	0.0324181823035159	0.0138727132583436	0.0324181823035159
YOR263C_mRNA	0.348799905580927	0.467258737621173	-0.151856458844329	0.162080562147848	3.17996525392551	0.0883547043298969	0.0515381022806015	0.0365389711892197	0.0535423322240485	0.0535423322240485
YIL029C_mRNA	0.349265925022507	0.467667956603339	0.120217425433684	0.128435484754082	3.71043245887799	0.0438467399010588	0.0289844327027483	0.0138650087975567	0.036998262273316	0.036998262273316
YLR113W_mRNA	0.349190704083697	0.467667956603339	-0.0610921140137093	0.0652581823717845	7.82365136702909	0.0137810662346394	0.000375307147482336	0.0133237648482988	0.016659214318394	0.016659214318394
YGR016W_mRNA	0.349572605800279	0.467971048114069	0.123657917241598	0.13219527051807	3.59225293545698	0.0423144743841842	0.029852859625902	0.0111151399295725	0.040049498563481	0.040049498563481
YCR037C_mRNA	0.349828952820502	0.468206634305592	-0.0580885772573933	0.0621320623960467	6.52729341630393	0.0126355486912899	0.00152660546555844	0.0110474016157413	0.0139149672447865	0.0139149672447865
YGL095C_mRNA	0.350365547116645	0.468817105535501	0.0580470571147429	0.0621568371267635	6.42682330131464	0.010987896061564	0.00168065167386736	0.00912939100932773	0.0137732379325447	0.0137732379325447
YGR109C_mRNA	0.350766732068876	0.469246149490992	0.150465599144391	0.161252917357701	3.14675858582271	0.0340459025288244	0.0491526505569102	-0.0191434397119927	0.054857362868568	0.054857362868568
YIL098C_mRNA	0.351359871288138	0.469838937621193	-0.0700659459278966	0.0751816975518842	5.10724413427228	0.0158839579227235	0.00630946467341709	0.00930642259270928	0.0162996859137148	0.0162996859137148
YLR047C_mRNA	0.3513711382107	0.469838937621193	-0.144416385064572	0.154964338571546	4.88856237417658	0.0952136905279872	0.00827865907487768	0.087777125840789	0.0182987757895164	0.087777125840789
YNL063W_mRNA	0.351532768638757	0.469947202865855	0.0654591833712014	0.0702637981332565	5.35181030697978	0.0152022284479108	0.00500223077709998	0.0100616126491974	0.0147457745353441	0.0147457745353441
YLL037W_mRNA	0.351633293344517	0.469973747883724	-0.158667278673619	0.170348792081613	3.6939972207853	0.115049935683466	0.0289165341082128	0.0871583097464456	0.0374040527096206	0.0871583097464456
YGL199C_mRNA	0.352226729632908	0.470658928174615	0.123456106036426	0.132708711036659	5.02062453399451	0.0698143567754235	0.0158548311182415	0.0545915768218045	0.0170255289506665	0.0545915768218045
YPL103C_mRNA	0.352540893626891	0.470970705404784	-0.066283783839288	0.0712980255422257	5.40942189007188	0.0201496688659018	0.00459863302602429	0.0157350007588552	0.0144741770056337	0.0157350007588552
YNL020C_mRNA	0.352806480458872	0.471217458769691	-0.0578082682481659	0.0622156626228257	6.34699555868079	0.00513336167910443	0.00179757528453335	0.00274765626369227	0.0136855794178557	0.0136855794178557
YJL052W_mRNA	0.353908299602058	0.472580736530275	-0.167939837762229	0.181158010057351	8.69943930057647	0.130042382298334	0.000228661446152191	0.131044236985605	0.0190393611706943	0.131044236985605
YFR051C_mRNA	0.354015866817326	0.47261604951369	-0.0595908418014316	0.0642954728790935	7.56043598691307	0.00672573199241885	0.000572849043412395	0.00561870139800691	0.0159627822875726	0.0159627822875726
YLR183C_mRNA	0.354752371854892	0.47349079459945	0.0652469975187931	0.0705059982689727	5.34873875956003	0.0144697604477552	0.00512322456715725	0.00916375571680398	0.0147611586004603	0.0147611586004603
YER031C_mRNA	0.354875726092635	0.473546949201945	-0.0577633367992616	0.0624351476387888	6.98120620567257	0.011850861778399	0.000997446330411638	0.0107465904098202	0.0145951443122978	0.0145951443122978
YML104C_mRNA	0.355326837382593	0.474040337666816	-0.0613737446033075	0.0663997868000453	5.69552365409641	0.0174644747055766	0.00365363874702101	0.0139820880013449	0.0135757611443433	0.0139820880013449
YFL017C_mRNA	0.35572822546139	0.474467179839299	0.064768367877592	0.0701308938085284	5.33893190629935	0.0108585573855284	0.00486246041043359	0.00557315350905337	0.0148109086550987	0.0148109086550987
YDR336W_mRNA	0.356014732530258	0.474740634406337	-0.0672952106648226	0.0729103616349167	5.40406622220462	0.021053743213521	0.00459051553964958	0.0166731677952878	0.014498100607915	0.0166731677952878
YDR053W_mRNA	0.356783735873596	0.475622012978846	0.533508506753265	0.578949730993529	1.94414430972399	1.32725077360608	0.299935499579586	1.04079566449033	0.141595276390759	1.04079566449033
YPL175W_mRNA	0.356920604315742	0.475622012978846	0.0591192954890105	0.0641730037793028	5.84858345112501	0.0089532387584081	0.00298422307317376	0.00560993528251579	0.0134884745830599	0.0134884745830599
YPR200C_mRNA	0.356916438114016	0.475622012978846	0.203158948483522	0.220523720840127	2.62317690814749	0.188180623756446	0.112872160034153	0.0769574916052017	0.0816506857785432	0.0816506857785432
YJL126W_mRNA	0.357576137557042	0.476386594421982	-0.0693803938194365	0.0754140014723464	5.07613929965057	0.010748742259067	0.0061992450043333	0.00394193911708417	0.0165498414679509	0.0165498414679509
YIL172C_mRNA	0.35816963471783	0.476959152426532	0.0867734294290284	0.0944361266413469	4.80632484484731	0.0353024470040431	0.00634015309816046	0.0293325749619216	0.0191833816628809	0.0293325749619216
YJL221C_mRNA	0.35816963471783	0.476959152426532	0.0867734294290284	0.0944361266413469	4.80632484484731	0.0353024470040431	0.00634015309816046	0.0293325749619216	0.0191833816628809	0.0293325749619216
YIL089W_mRNA	0.358603677963957	0.477428022810332	0.130281265163521	0.141914104720114	3.44068622963896	0.0484766731558485	0.0361057513710518	0.0109840532808979	0.0444527011029945	0.0444527011029945
YER184C_mRNA	0.358906214775004	0.477721637486675	-0.0820870518046994	0.0894729279983943	5.17337026041492	0.0316837205062584	0.00598206368986839	0.026039555688555	0.0158083774033022	0.026039555688555
YIL141W_mRNA	0.360423282354986	0.479631348332606	0.317640744425943	0.347315815432327	1.66384401925694	0.261775767731761	0.303268960735013	-0.0516222503136888	0.179244141862677	0.179244141862677
YKR010C_mRNA	0.36102729086003	0.480325415974088	0.0607490238185672	0.0665079944066613	5.56069352050648	0.015821800672059	0.00379232961549211	0.0121051871345972	0.0139009236644938	0.0139009236644938
YFL028C_mRNA	0.361162804247944	0.480343657964312	0.0576033427263169	0.0630819038330737	6.0777232990146	0.00591554247282464	0.00244556303244309	0.00294447673322743	0.0134717433323775	0.0134717433323775
YJL079C_mRNA	0.361205898651159	0.480343657964312	-0.0783800336958292	0.0858423359451576	7.27618873049102	0.029148832706522	0.000678934645077497	0.0287966919170077	0.0152283986350474	0.0287966919170077
YDL053C_mRNA	0.361351668959713	0.480427846499152	-0.0593102559604889	0.0649767106476203	5.67223242460538	0.00491176457873221	0.00327662072036481	0.000980925196248677	0.0136112709859735	0.0136112709859735
YDR279W_mRNA	0.361547739364569	0.480578856841884	-0.0639984323464277	0.0701414285511307	5.36475200111478	0.0163952007840178	0.00499730003428851	0.011398758136359	0.014681979962485	0.014681979962485
YPR181C_mRNA	0.361847883805299	0.480868104710236	-0.0722000058160788	0.079179728747921	7.80001537870928	0.0247959608171101	0.000424545034300903	0.0246531727440765	0.0165961834898597	0.0246531727440765
YGR068C_mRNA	0.362240666882793	0.481280302225577	0.0679367423490853	0.0745653128264899	5.7670956113211	0.0219880541967408	0.00334878617466188	0.0188911573329873	0.0135113337055764	0.0188911573329873
YDL086W_mRNA	0.362440712463762	0.481436295215202	0.0783792554387476	0.0860625597310569	6.95275085799443	0.0292901350153592	0.00098765841655776	0.0286393983332892	0.0145440270658331	0.0286393983332892
YDR317W_mRNA	0.362965163779242	0.481913182355939	0.0857167955064707	0.0942222849207219	4.46210026503779	0.0271875403749827	0.0120802052970549	0.0149500539527413	0.0234311506056719	0.0234311506056719
YIR001C_mRNA	0.362916094418466	0.481913182355939	0.0885809711036138	0.0973607106481672	5.22373740601536	0.0374810933686627	0.00600177952862492	0.0319146523830396	0.0154716000974012	0.0319146523830396
YHR134W_mRNA	0.36311077902499	0.481996673182865	0.0633835707471254	0.0696941283642233	5.34601684954217	0.0138379221080986	0.00465421600264807	0.00902427853012729	0.0147748701111473	0.0147748701111473
YOR179C_mRNA	0.363692678886818	0.482659122367791	-0.0752128218986369	0.0828014743971455	4.80972540728711	0.0169542711120824	0.00827880572110951	0.00827020801956274	0.019145530928255	0.019145530928255
YHL006W-A_mRNA	0.364249858532308	0.483288470919888	-0.21186566471494	0.233513070300472	2.3726425004392	0.178079298966587	0.118467141397487	0.0595072332423981	0.0996462746071246	0.0996462746071246
YMR263W_mRNA	0.364728516257624	0.483813373341739	-0.05908814993981	0.0651905175332915	5.81772567763432	0.0167969758749138	0.00298519773877446	0.0140140165662591	0.0134935190766323	0.0140140165662591
YDL246C_mRNA	0.365288904961295	0.484446428478148	0.60790390796401	0.671469822598496	4.02394861230018	1.78180034095048	1.43196899683077	0.37151789381105	0.0302670561230012	0.37151789381105
YNL210W_mRNA	0.366134446328406	0.485457279087231	-0.13823380851969	0.15295786823914	3.28892946603586	0.0717334636402858	0.0440960987992983	0.0273015877244769	0.04948833902575	0.04948833902575
YMR165C_mRNA	0.366708579273747	0.486107891433186	-0.0560192565730571	0.0620604819166208	6.36531980696861	0.0112006575853113	0.00170305310241916	0.00940103513698642	0.0137029605604737	0.0137029605604737
YEL018C-A_mRNA	0.366795240732704	0.486112163900986	0.25727229991386	0.285068591799086	3.78878700480673	0.321036390593964	0.199868680153498	0.125187727967759	0.0351412936849688	0.125187727967759
YBR235W_mRNA	0.367435047366599	0.486517405899501	-0.055992940206077	0.0621254481556073	6.51743055610506	0.00975653739520852	0.00153811849012391	0.00801954033247913	0.0139001667440163	0.0139001667440163
YLR031W_mRNA	0.367260099178985	0.486517405899501	-0.15278202901675	0.169453267552259	3.03254180869375	0.0965834917144312	0.0551702374831834	0.0416428326707143	0.0596874020533658	0.0596874020533658
YLR206W_mRNA	0.367408920621523	0.486517405899501	0.100269894642677	0.111245675155149	7.57355407372728	0.0488833213711472	0.000520999477773572	0.048981401485126	0.0159971875187233	0.048981401485126
YOR270C_mRNA	0.36735330612915	0.486517405899501	-0.0608731485449216	0.0675286284056982	8.30930110178843	0.00687288215464767	0.000269366497396254	0.00603571003579142	0.0179710961200232	0.0179710961200232
YGL119W_mRNA	0.367521841701138	0.486521756362379	-0.0592603107302317	0.0657625836816757	5.67074226087708	0.0127234165614599	0.00368503149769079	0.00894383355306091	0.0136138381522668	0.0136138381522668
YLR357W_mRNA	0.36799528102628	0.487037825365541	0.096743700731316	0.10746495783777	6.41073210995247	0.045611035710459	0.0018697413725109	0.0443251272797836	0.013753273969019	0.0443251272797836
YKL039W_mRNA	0.368213116427784	0.487215447719344	0.0569551736499794	0.0632957979280587	7.30137397836308	0.0120559324113263	0.000734230573873369	0.0112560136366907	0.0152912015675252	0.0152912015675252
YLR203C_mRNA	0.368359858574855	0.487298940975728	-0.0559873097703464	0.0622392523309159	6.60208983480042	0.0035825672575845	0.00146631129123887	0.00147655966893863	0.0140285868316068	0.0140285868316068
YFR032C_mRNA	0.368515043218995	0.487393562268755	-0.307776521286903	0.34225593370452	3.58781055293257	0.462579766730348	0.0438389850469847	0.424717511576826	0.0401704332245466	0.424717511576826
YGR277C_mRNA	0.368795110503865	0.487651932933944	-0.0613989772941401	0.0683172921363429	6.03245722844931	0.0184296981548161	0.00244339865608678	0.0162256109632829	0.0134539833760092	0.0162256109632829
YPR058W_mRNA	0.368877800968055	0.487651932933944	0.0567042796044079	0.0631045022886923	6.03455785630572	0.0125890328858762	0.0024742532028262	0.0100953176533398	0.0134544596335881	0.0134544596335881
YBR170C_mRNA	0.369481716055749	0.488339491320507	-0.0559805583330576	0.0623777306760079	6.47252815617991	0.0106667320684155	0.00172919078796572	0.00880407273925631	0.0138347343491886	0.0138347343491886
YKL090W_mRNA	0.370484346979985	0.489331626729855	-0.0669405834338768	0.0747466382609311	5.14011137564212	0.0170647347472451	0.00629973707436644	0.0107036096661196	0.0160485026508755	0.0160485026508755
YLR066W_mRNA	0.370478938911408	0.489331626729855	0.056640989100147	0.0632452759679428	6.08663269729726	0.0141977783034332	0.0025229862584777	0.0117722900248455	0.0134768734705673	0.0134768734705673
YPL004C_mRNA	0.370443952079393	0.489331626729855	-0.062411572218287	0.0696836084330206	8.78135495332408	0.00819713915645268	0.000159086232502095	0.00751064733605191	0.0192641349044841	0.0192641349044841
YBR214W_mRNA	0.370572767695595	0.48933747610937	0.0792241560792986	0.08847896787293	7.54229464307683	0.0309002281302674	0.000555197021338429	0.0307589140020975	0.0159152585386947	0.0307589140020975
YLR361C_mRNA	0.371476191556696	0.490419282123117	-0.0615509111149329	0.0688711076440481	5.39734846628839	0.0135497700905435	0.00444443304475785	0.00899074500680207	0.0145284848277144	0.0145284848277144
YNR062C_mRNA	0.37164982282348	0.490537351103216	-0.114787189963086	0.12848536699249	3.71493356786403	0.0651453206443595	0.0272171669899093	0.0388167911348696	0.0368881355872072	0.0388167911348696
YBR250W_mRNA	0.37182516263365	0.490657621178629	0.182091229127156	0.203895902794942	2.68571618861416	0.0946187816973585	0.0885395573461286	0.00336421855103035	0.0777545993601285	0.0777545993601285
YNR036C_mRNA	0.373031154409794	0.492137569200965	-0.103444047712958	0.116123592505549	6.73011469274288	0.0531963502178051	0.00124587598276461	0.0526928789628149	0.0142049182045895	0.0526928789628149
YNR068C_mRNA	0.373277207894756	0.49235069350121	0.0894881782476436	0.100508826258718	4.28415385751642	0.0133850832405739	0.0145024240973804	-0.00244930178136044	0.0259056725262406	0.0259056725262406
YGR011W_mRNA	0.373455507006306	0.492474373883825	0.160925789820514	0.18081156718338	2.88322386933439	0.0378518405631366	0.0639837839106741	-0.0308274146871295	0.0667875073985658	0.0667875073985658
YER032W_mRNA	0.373735793581999	0.492732458340965	0.103705118085663	0.116588437886928	5.44325757039603	0.053614625440522	0.00504094445277888	0.0493305109428771	0.0143290631920268	0.0493305109428771
YOL057W_mRNA	0.374411661765799	0.493511841956458	0.0554256933108888	0.0623994559488604	6.66018391667647	0.00770280980343424	0.00146122095864671	0.00591407312246349	0.0141135474522084	0.0141135474522084
YER104W_mRNA	0.375374570952895	0.49466913602614	0.0965970569734841	0.108970559828068	4.10642524981559	0.0384056841524054	0.0187201524015467	0.019762797357191	0.0287781792354234	0.0287781792354234
YPR004C_mRNA	0.375857034826742	0.495192918340253	0.0549890431851356	0.0620955272373167	6.72868761182166	0.00372040609164464	0.00122032387794479	0.00190188411441254	0.0142030941335766	0.0142030941335766
YDL188C_mRNA	0.3769823937048	0.496563288655701	-0.0552459913977057	0.0625329580662251	6.65723149783624	0.0125949291912527	0.00153208802322988	0.0110904448058222	0.0141093953548192	0.0141093953548192
YDR226W_mRNA	0.37729411593879	0.496733795138655	-0.058805038958631	0.0666049483268969	8.10982484129739	0.0104543671827144	0.000316018501260977	0.00989707987823981	0.0174288580652535	0.0174288580652535
YFL009W_mRNA	0.37733018277848	0.496733795138655	0.0549963499195439	0.0622957836614418	6.64499340262152	0.00867468491855282	0.00143110007833765	0.0069990341902624	0.014091958569635	0.014091958569635
YOR034C_mRNA	0.377367623975916	0.496733795138655	0.0570635070728183	0.0646423790388204	5.80316810619929	0.00848473964513016	0.00321745862796505	0.00494297846626025	0.013497090043229	0.013497090043229
YPL258C_mRNA	0.37783500229262	0.497236666671968	0.07590899384039	0.0860751205345023	4.7904436504565	0.029196571892338	0.00916073633990967	0.0204749691602067	0.0193615294167595	0.0204749691602067
YOR124C_mRNA	0.378139971576416	0.497525626559213	0.0703305937223664	0.0798006452034416	7.04058977096091	0.0250934384164636	0.000943059390896097	0.0245295125086462	0.0147074755864411	0.0245295125086462
YDR448W_mRNA	0.37913588317859	0.498723336057454	-0.0776201264294471	0.0882558800497275	5.3321051151036	0.0306859437636933	0.00481195557550073	0.0263444458779068	0.0148461138636542	0.0263444458779068
YBL058W_mRNA	0.380439541658513	0.500325230181151	-0.0559692921580174	0.0638127238740589	7.44778901042618	0.00351677596483373	0.000619483280193589	0.00225347334936558	0.015668771632714	0.015668771632714
YLL041C_mRNA	0.38060450179442	0.500429209536062	0.106867841970198	0.12188630382287	6.45870101662417	0.0585089414618082	0.00173960925462966	0.0576854749837742	0.0138154735425426	0.0576854749837742
YHR042W_mRNA	0.381908174536746	0.502030014632464	0.060712973560284	0.0694349929524982	8.19451088939007	0.0189821654951788	0.000302169448041345	0.0189827035372125	0.017658584260058	0.0189827035372125
YLR234W_mRNA	0.382068122874898	0.50212697583333	0.0893593522023257	0.102231053929356	4.5274682663802	0.0411471283336309	0.0123896172776977	0.0294151362723299	0.0225793506809614	0.0294151362723299
YFL027C_mRNA	0.382288213255906	0.502302916199574	0.0586398486198719	0.0671176115092586	5.53032331298793	0.0084807720604141	0.00401811358358556	0.00408596166795481	0.0140009815152455	0.0140009815152455
YDL078C_mRNA	0.382492734375994	0.502304645152888	0.0551403509789968	0.0631393080430708	7.31397956215325	0.00868791250855627	0.000623136417695982	0.00781663889687518	0.0153231524629351	0.0153231524629351
YML059C_mRNA	0.382548182379568	0.502304645152888	-0.0542715061390755	0.0621516652759616	6.35904288698498	0.00734552335003205	0.00175451713408345	0.00527414463277839	0.0136968008522172	0.0136968008522172
YPR028W_mRNA	0.382533403866801	0.502304645152888	-0.0554015019508578	0.0634437648225692	7.32046900557724	0.0120154909140603	0.000760709598165316	0.0112360802616391	0.0153397355812805	0.0153397355812805
YPL001W_mRNA	0.382667147552216	0.502347634438759	0.0648022549815033	0.074230022033738	5.12318392534632	0.0205095568055375	0.0058642214638216	0.0149104944704864	0.0161761632206953	0.0161761632206953
YGL144C_mRNA	0.382952665228226	0.502609197481335	-0.0871152017667504	0.099849070524353	5.37737578608429	0.0392444732701181	0.00485164641617154	0.0350277011221374	0.0146213284280754	0.0350277011221374
YER183C_mRNA	0.383397911305063	0.503080232266508	0.0584354575818998	0.0670398456562053	5.53844053375743	0.0131873503558473	0.00400382397003748	0.00914985063899723	0.0139735396523939	0.0139735396523939
YLR144C_mRNA	0.38498002702849	0.505042476349467	0.055729462249253	0.0641485003535511	5.90125102169313	0.0125704894185335	0.00297841768634427	0.00960260012991564	0.0134817027040939	0.0134817027040939
YNL008C_mRNA	0.387183792283476	0.507819174660859	0.0593206221443783	0.0685997032438032	6.02377164770416	0.0185071483209403	0.00240054642707195	0.0164231307134795	0.0134524174229337	0.0164231307134795
YDR400W_mRNA	0.387310782373941	0.507871397278996	-0.0605640668155965	0.0700563887985607	5.34927207662197	0.00514351041198897	0.00487310974227476	-0.000410207497784884	0.0147584807037056	0.0147584807037056
YBR149W_mRNA	0.388198407161391	0.50869183988355	-0.0619767835905434	0.071824732462506	7.66875351182455	0.0202837899761538	0.000470369218494327	0.0201647995547479	0.0162478613689693	0.0201647995547479
YGR215W_mRNA	0.388137523703309	0.50869183988355	-0.102344830633985	0.118591938442357	3.89005013068825	0.028970951462846	0.0233355038142056	0.00471209722241535	0.0329206876398573	0.0329206876398573
YJL140W_mRNA	0.388174741818514	0.50869183988355	-0.0536949931621821	0.0622238835870233	6.7455533316565	0.0129938215344373	0.00126230910111364	0.0118358847455873	0.0142249376534921	0.0142249376534921
YDR108W_mRNA	0.38842583056389	0.508832424209275	0.0563925276549794	0.0653844871822594	5.6470952115856	0.00998203999078462	0.0034407646013796	0.00634567333865603	0.0136597600549686	0.0136597600549686
YDR527W_mRNA	0.388480367813741	0.508832424209275	0.0537446917747742	0.0623216098243747	6.28339402513512	0.0109167156962509	0.00189687713185938	0.00897432057299073	0.013639055072547	0.013639055072547
YDL100C_mRNA	0.388805906224907	0.509144349216971	0.0560406071459449	0.0650285336641786	7.75695716585422	0.0140487417565866	0.000433245519053355	0.0137216778917791	0.0164815952429995	0.0164815952429995
YMR160W_mRNA	0.389648267867259	0.510132765976326	0.0559019370726238	0.0649829533948867	5.83000392472317	0.0164419043400294	0.00339994960693834	0.0133235117378156	0.0134911873207497	0.0134911873207497
YBR211C_mRNA	0.390193024827597	0.51073119807809	0.0562801024073072	0.0654977771699296	5.63328953566671	0.00844589968473379	0.00346844928078807	0.00467574325943329	0.0136913859760189	0.0136913859760189
YAL021C_mRNA	0.390965291082225	0.511512190847753	-0.0790567851234818	0.0921549402815529	6.77797603172892	0.0333721166747234	0.00126696410750696	0.0327031679656794	0.0142686829701407	0.0327031679656794
YML009W-B_mRNA	0.390946315791488	0.511512190847753	0.0602987739271902	0.0702862801686315	6.2122485047421	0.0194128529750212	0.00256176531058793	0.0171988794091855	0.0135801184481557	0.0171988794091855
YNL165W_mRNA	0.391291431538481	0.511784780848176	0.0614163673487131	0.0716411584959099	5.29100796824535	0.0137005226579147	0.00546157671117889	0.0081398489427835	0.0150682456513654	0.0150682456513654
YPR053C_mRNA	0.391349330360217	0.511784780848176	0.0725142502055572	0.0845969922398165	5.55570345851864	0.0281203818205878	0.00396781379064878	0.0246587905934455	0.0139168776026732	0.0246587905934455
YCR048W_mRNA	0.391661286192826	0.512077794739544	0.0839402703879542	0.0979914048562224	7.11284899521301	0.0377275693206795	0.000879116767483173	0.0375301449353012	0.0148544649493877	0.0375301449353012
YDR420W_mRNA	0.392636888836972	0.513238167907606	-0.0937074307605208	0.109619189717498	6.6670821713059	0.0472027245707278	0.0012918867742151	0.0467735802430682	0.0141231592268704	0.0467735802430682
YHR127W_mRNA	0.393316003170074	0.514010550576234	0.0621455009330098	0.0728023680315216	5.18847675994794	0.0109912283814325	0.00549668060157052	0.00517618886818867	0.015704058562418	0.015704058562418
YER019W_mRNA	0.393748418877499	0.514460257542119	0.0762210847641395	0.0893733244952502	7.08346880189619	0.0313695812270102	0.000850786081440171	0.031099578443893	0.0147933360197007	0.031099578443893
YLL014W_mRNA	0.394090657205012	0.514791966115784	0.080206389146346	0.0941143856307871	4.96825250835281	0.0347835496045714	0.00726110224788193	0.0281689680827601	0.0175073823160245	0.0281689680827601
YHR073W_mRNA	0.394937625902166	0.515782696369876	0.0536451113789746	0.0630601778207697	7.21423647931472	0.00891959165955589	0.000826577168195522	0.00790790018851074	0.0150797669389529	0.0150797669389529
YER140W_mRNA	0.395114822540873	0.515898466186268	0.0547115933983223	0.0643379498159434	5.73288110002637	0.00752839536736449	0.00302264135172913	0.0041882512698233	0.0135348457943463	0.0135348457943463
YJL168C_mRNA	0.396536128303055	0.517638244116871	0.0809111691872653	0.0954339485834976	6.40216462840262	0.0357476151708207	0.00177668510610759	0.034653869062843	0.013743067057283	0.034653869062843
YDL088C_mRNA	0.396741729366205	0.517790617223905	0.0525715774029542	0.0620346759825159	6.37483906911573	0.00496298615668978	0.00168051062839524	0.00284732575359101	0.0137126934686277	0.0137126934686277
YLL039C_mRNA	0.396990525817682	0.517822940746378	0.10068433919887	0.118870553852033	7.86356590533046	0.0554560683155096	0.000408867870167862	0.0561119664221887	0.0167658577334615	0.0561119664221887
YOL062C_mRNA	0.39703314045899	0.517822940746378	-0.0534333907571775	0.0630905478161934	7.05719685711178	0.0156215915680727	0.000894457157409624	0.0150272117375799	0.0147402569937936	0.0150272117375799
YOR334W_mRNA	0.396928664775075	0.517822940746378	-0.0697736747932301	0.0823658251497734	4.84980343243421	0.0185238693709432	0.00842897801024913	0.0100270632602896	0.0187075386001631	0.0187075386001631
YER113C_mRNA	0.397241410711991	0.517934927136314	0.0533181227088773	0.0629822279743647	6.07720091516842	0.00720392826723183	0.00239558684530428	0.00451067280981586	0.0134714573171551	0.0134714573171551
YNR044W_mRNA	0.397296805590832	0.517934927136314	-0.084661028151228	0.100017886857293	5.81121879926014	0.0392580206312529	0.00315904930098307	0.0368552614646099	0.0134949931823331	0.0368552614646099
YHR135C_mRNA	0.397475500608274	0.518051961195481	0.0541514078638827	0.0639982811494758	7.4834712390094	0.0115323961394533	0.000621500147458123	0.0108968171523445	0.0157616198128913	0.0157616198128913
YOL116W_mRNA	0.397573564572898	0.518063875464482	0.0541934843600222	0.0640613182111598	5.81473018576716	0.00540241902006163	0.00292123505436675	0.00202794711081925	0.0134941749094392	0.0134941749094392
YER007W_mRNA	0.397701411923893	0.518114585391011	0.0868494811881908	0.102691306169771	4.22581972885444	0.0353676183860771	0.0153811481640278	0.020357633711724	0.0268008692873868	0.0268008692873868
YOR037W_mRNA	0.398671381082863	0.519262120766546	-0.0607308937526859	0.071956336649766	5.25737253171141	0.0146053079315134	0.00544731226695244	0.00914744867224047	0.0152635452692654	0.0152635452692654
YOL038W_mRNA	0.399198553770906	0.519832537833997	0.0770821104666778	0.0914320567393828	7.77586865658066	0.0327944388662157	0.000415843551647105	0.0330234404467277	0.0165318851239154	0.0330234404467277
YDR141C_mRNA	0.399539504593224	0.520160257823491	-0.0628395433078435	0.0745919580674709	6.56650823364447	0.0218251336319705	0.00139149926708208	0.0208643415662753	0.0139745392563621	0.0208643415662753
YFR023W_mRNA	0.399968625178227	0.520602593898202	0.216512462502014	0.257239289310756	2.19089509465068	0.0606026071985234	0.149202850465197	-0.097665098872118	0.115485357395213	0.115485357395213
YBR024W_mRNA	0.40028782370993	0.520669091523566	-0.0605380955473247	0.0719742835035792	5.195080017511	0.0131121220110518	0.00506181362598678	0.00793978538228385	0.0156593763174276	0.0156593763174276
YDL045W-A_mRNA	0.40026382956523	0.520669091523566	-0.127816099725851	0.15195396618538	3.27762193064769	0.0639664014173011	0.0424688833305901	0.0213988452310528	0.0498911480272803	0.0498911480272803
YOR261C_mRNA	0.400270324735824	0.520669091523566	0.0529592699398236	0.0629614114907303	7.2539716734843	0.00871700432346517	0.000682417481298859	0.00785589164453982	0.0151741398663214	0.0151741398663214
YDR211W_mRNA	0.400630736163707	0.520998810020035	-0.0524143711371533	0.0623612900476523	6.98149325917278	0.00961276690006217	0.000960053061688457	0.00855440681646294	0.0145956689239412	0.0145956689239412
YGR198W_mRNA	0.401075456076125	0.521460746953694	-0.0522248050666015	0.0621944464162375	6.51744764488055	0.010780984701431	0.00157240437220826	0.00919938487525514	0.0139001922878807	0.0139001922878807
YML030W_mRNA	0.401363705474039	0.521719087035196	0.0641066415867582	0.0763912567588759	5.59594619425514	0.022882239739824	0.00399598565260914	0.0193465107841929	0.0137935122632759	0.0193465107841929
YPL089C_mRNA	0.401533827154266	0.521823795895773	0.0843436926738093	0.10054261228553	7.22841416464931	0.0396366119697687	0.000842655255788149	0.0395926122850058	0.0151130468920857	0.0395926122850058
YCR101C_mRNA	0.40246193407866	0.522690781637215	0.190261386947364	0.227250379960341	2.43746416111705	0.136033157761031	0.111975689959708	0.0234314375376438	0.0945952508087702	0.0945952508087702
YOR372C_mRNA	0.402326712799429	0.522690781637215	0.118939707700906	0.142022129596147	5.61637009598303	0.0790748395195526	0.00415613983418896	0.0765250013459096	0.0137354189175743	0.0765250013459096
YPL205C_mRNA	0.402470107522236	0.522690781637215	-0.357010353953915	0.426424663682905	1.7226836929751	0.712850214930506	0.222942656113507	0.504409319074807	0.17053202865496	0.504409319074807
YMR059W_mRNA	0.402642164688527	0.522797693665112	0.106219347412482	0.126918214547772	3.74196446733994	0.0631460838241744	0.0248820848242375	0.0395508479117398	0.03623575882712	0.0395508479117398
YIL126W_mRNA	0.403016330708052	0.523166921280104	0.0672782810471769	0.0804527056073787	7.21460783354685	0.025371545827821	0.000815525170059689	0.0250750261881305	0.0150806330811154	0.0250750261881305
YOR058C_mRNA	0.404066924143064	0.524413878382154	0.0808996973319017	0.0969578660511127	5.55878866936199	0.0368416933538642	0.00416725675960455	0.0334360543971375	0.0139069914521775	0.0334360543971375
YJR146W_mRNA	0.404188554535632	0.524454903947571	0.171225967323339	0.205266542392876	2.58266228165563	0.0570288639654296	0.0842437252281475	-0.0315180372325624	0.0842936884755574	0.0842936884755574
YKR070W_mRNA	0.405263021344227	0.525731988944882	0.0555162037022001	0.0667054771228246	6.16703204138842	0.0174337968981534	0.00227028409782371	0.015528198614911	0.0135391254235105	0.015528198614911
YOL004W_mRNA	0.405442005587716	0.525847089170533	0.0624611683161751	0.0750788049754214	7.61164107938871	0.0220845266503852	0.000543209985756649	0.0220040978403928	0.0160972695588762	0.0220040978403928
YDR205W_mRNA	0.405858045254949	0.526269524071964	0.053131016412928	0.0639205017937767	5.89906630356201	0.00793261607623417	0.00286125820056899	0.00483142905109024	0.0134820639977039	0.0134820639977039
YHL037C_mRNA	0.405956203131959	0.526279670548908	0.271452563664112	0.326645592552591	1.7217672345227	0.173567729969952	0.256125167244298	-0.0912130263678688	0.170664205291834	0.170664205291834
YHR059W_mRNA	0.406132164398261	0.526390654012073	-0.0985960859806524	0.118687592953377	3.9182789888003	0.0551828304708363	0.0216515434295523	0.034695435454714	0.0323354997241847	0.034695435454714
YFR050C_mRNA	0.406579824897232	0.526853660998949	0.0525633813959578	0.0633349140968337	7.33335126309313	0.0125782118635708	0.000672396032617734	0.0120148569458432	0.0153728493419955	0.0153728493419955
YDL225W_mRNA	0.407388123829979	0.527783680105283	0.0516039371035771	0.0622860800270705	6.56415834504136	0.0110465664361455	0.00154726815385783	0.00952749122070096	0.0139709549066967	0.0139709549066967
YPL158C_mRNA	0.407627261082059	0.527976083384632	-0.0559083335788086	0.0675159161924292	5.52608397589638	0.0102514218949421	0.00421807663228751	0.00587252060841923	0.014015519124925	0.014015519124925
YMR171C_mRNA	0.40796455839337	0.52829551393638	0.051386222979281	0.0620995899870375	6.64638640634953	0.0120230723930479	0.00133147559498334	0.0107959465655462	0.0140939607112493	0.0140939607112493
YBR255W_mRNA	0.40876937069004	0.529220078586705	0.0517090466091188	0.0625971126755381	6.21959047753774	0.0062013872657391	0.00208686147841732	0.00379353187738199	0.0135867325828387	0.0135867325828387
YNR043W_mRNA	0.409127973895238	0.529566668721096	-0.0561690261983991	0.0680482681375572	7.02743845065317	0.0181287719080983	0.000972873481673564	0.01754939370441	0.0146819395025626	0.01754939370441
YNL005C_mRNA	0.409727165011384	0.530224447658001	-0.051431720796416	0.0623888305086599	6.3487135334507	0.0128072355320689	0.00188233463670725	0.0110839257464864	0.0136871300522459	0.0136871300522459
YDR068W_mRNA	0.409916652758856	0.530351858532777	0.0515233830972914	0.062525318627847	6.22434326079147	0.0125135991427559	0.00204668293119264	0.0106022707201058	0.0135909789468625	0.0135909789468625
YER190C-A_mRNA	0.410970778419792	0.531008151491175	0.649960390894344	0.790526742067344	4.64557136877355	2.44573438097655	0.0112449405455016	2.48848517914894	0.0210807018408837	2.48848517914894
YGR296C-A_mRNA	0.410970778419792	0.531008151491175	0.649960390894344	0.790526742067344	4.64557136877355	2.44573438097655	0.0112449405455016	2.48848517914894	0.0210807018408837	2.48848517914894
YML133W-A_mRNA	0.410970778419792	0.531008151491175	0.649960390894344	0.790526742067344	4.64557136877355	2.44573438097655	0.0112449405455016	2.48848517914894	0.0210807018408837	2.48848517914894
YNL339W-A_mRNA	0.410970778419792	0.531008151491175	0.649960390894344	0.790526742067344	4.64557136877355	2.44573438097655	0.0112449405455016	2.48848517914894	0.0210807018408837	2.48848517914894
YOR360C_mRNA	0.410922439232613	0.531008151491175	-0.0526347206925478	0.0640113707645187	5.84933956349458	0.0134314029265089	0.00290144388487042	0.0106977981585656	0.0134883784637403	0.0134883784637403
YPL283W-A_mRNA	0.410970778419792	0.531008151491175	0.649960390894344	0.790526742067344	4.64557136877355	2.44573438097655	0.0112449405455016	2.48848517914894	0.0210807018408837	2.48848517914894
YIL149C_mRNA	0.411230520551925	0.531178176980483	-0.104859786961886	0.127608549520766	6.9798761394179	0.0637255364460816	0.00101586882562793	0.0641198988175475	0.0145927158493369	0.0641198988175475
YMR094W_mRNA	0.411284716161853	0.531178176980483	-0.190909230310228	0.23235287191325	3.53818588288234	0.211273688913689	0.0354260779783929	0.180525350366947	0.0415537208662843	0.180525350366947
YDR362C_mRNA	0.411894573386011	0.53173006526632	-0.0529781229981086	0.0645630482521989	5.76548878060853	0.00763622965061183	0.00316135692253846	0.00421840869843059	0.0135121918759246	0.0135121918759246
YDR425W_mRNA	0.411851611160648	0.53173006526632	0.054542754199193	0.0664637160260031	5.71895525898256	0.0172850319219802	0.00368667621856457	0.0139830259733761	0.01354801079628	0.0139830259733761
YDR067C_mRNA	0.412547388313476	0.532454825944685	-0.0559961238578607	0.068336373283826	5.43888023452687	0.0141748865473669	0.0043321804628166	0.00995932201304652	0.014347259191529	0.014347259191529
YAL048C_mRNA	0.413474686859704	0.533533449755179	-0.124408333071064	0.152126692491129	4.8429604581353	0.0905260963449563	0.00964349723649877	0.0829266250366628	0.0187812437072891	0.0829266250366628
YIL155C_mRNA	0.413931702120056	0.534004892947619	0.101719096363488	0.124504050999653	7.2259074866434	0.0606305057545451	0.000781410065832996	0.061223624795464	0.0151071311469875	0.061223624795464
YJR098C_mRNA	0.414083605472041	0.534082595855681	-0.0646462954709522	0.0791527369960033	4.9706482529201	0.0125143032672023	0.00757596318361975	0.00463817788320628	0.0174846599122141	0.0174846599122141
YKR001C_mRNA	0.414531043047197	0.534541358298576	0.0521220474744547	0.0638792884741263	7.46000210659622	0.0120624327290576	0.000621733012412244	0.0115260998164554	0.0157005209714303	0.0157005209714303
YIL029W-A_mRNA	0.41477907411657	0.534742838194985	-0.211992381864733	0.259949920928356	2.30541335975039	0.264260327850108	0.141700269301763	0.128595576260871	0.105205470407861	0.128595576260871
YBR182C_mRNA	0.41509970891945	0.535037810655911	-0.0842663974232766	0.103400425382079	4.25981643178815	0.0280377611398688	0.0164928404532036	0.0115188105581708	0.0262737514235758	0.0262737514235758
YKL179C_mRNA	0.415294588571149	0.535170597880007	0.0621871999220783	0.0763396805036852	6.65978200240958	0.0227881875482174	0.00151562991754784	0.0217953573600711	0.0141129835406434	0.0217953573600711
YIL048W_mRNA	0.415673758782645	0.53542235654824	0.0503685563281533	0.0618816561115788	6.58404093572786	0.0100667438118954	0.00131610507876788	0.00874483715781081	0.0140012523736789	0.0140012523736789
YOR102W_mRNA	0.415614605952044	0.53542235654824	0.126685923679419	0.155623685687401	4.07231936672612	0.0946964173108112	0.0216353483947624	0.0752395777929617	0.0293811169956132	0.0752395777929617
YAR023C_mRNA	0.416236457987865	0.535937704442276	0.0974296895422829	0.119844447206324	3.85372095476591	0.0465461847149873	0.0237556786638225	0.0234030779867194	0.033695087440935	0.033695087440935
YGR217W_mRNA	0.416257829145434	0.535937704442276	0.0515294565932743	0.0633872736327975	5.92583382694241	0.0153671986293022	0.00259534398305791	0.0131108588635379	0.0134764418513387	0.0134764418513387
YBR088C_mRNA	0.416969249243046	0.536616489085483	0.0540306414152156	0.066565571102457	5.76111608866842	0.0173207903462633	0.00420463377261172	0.0135192672521733	0.0135146394636355	0.0135192672521733
YLR306W_mRNA	0.416953478316583	0.536616489085483	0.0761011563638304	0.0937531985246834	4.4772377354316	0.0223522600674617	0.011925602040846	0.0103685663171738	0.0232330468935888	0.0232330468935888
YBR074W_mRNA	0.417120646496825	0.536692775285005	-0.0502923064393406	0.0619800947760433	6.46139514544084	0.00825664370386024	0.00154694235945121	0.00657679986983087	0.013819186234338	0.013819186234338
YGL019W_mRNA	0.417569097304992	0.537151150562791	-0.0511702596289391	0.0631228318776323	7.05189821793115	0.0155736752346716	0.000848097912841751	0.0150898697041656	0.0147297329070256	0.0150898697041656
YFL003C_mRNA	0.417869099575651	0.537310917472429	0.0918572681990213	0.113386722576843	4.01132560130242	0.0433816245608724	0.0209218227376129	0.0231477013716113	0.0305043726892592	0.0305043726892592
YJR086W_mRNA	0.4178777492392	0.537310917472429	0.131958463005273	0.162889838965443	4.47922550307701	0.103700381571559	0.0125551793440887	0.093577219208663	0.0232070633090629	0.093577219208663
YGL242C_mRNA	0.41797185022328	0.537313327317041	-0.0551697176585229	0.0681153969072637	5.43659282861447	0.0180198570206801	0.0042019940912176	0.0142353676462194	0.0143568350921187	0.0143568350921187
YAL045C_mRNA	0.418416436128411	0.537766193885754	0.191376389112736	0.236509022471921	2.30221556168665	0.12841712404249	0.118267701195785	0.00885781104693224	0.10547836964671	0.10547836964671
YML111W_mRNA	0.418777518397391	0.538111562016585	-0.050356652906426	0.0622806628577404	6.56820165521335	0.0128914775776768	0.00153840168645429	0.0115493835776456	0.0139771221775438	0.0139771221775438
YFR036W-A_mRNA	0.420429290656643	0.53999582172963	0.0876558983204733	0.108797857615436	6.30627987462336	0.0462403173371443	0.00352627875825827	0.0438216165285766	0.0136540454945906	0.0438216165285766
YNL166C_mRNA	0.42037322999033	0.53999582172963	-0.0503260404598798	0.0624567766135666	6.20846007197011	0.0114786399195081	0.00202671015941703	0.00954820108337891	0.0135766856204108	0.0135766856204108
YAL046C_mRNA	0.421174042045263	0.540810516890992	0.0835026489833594	0.103809168031829	4.43875465950173	0.0420910665417829	0.0128032749513267	0.0303020985185155	0.0237372954081698	0.0303020985185155
YMR076C_mRNA	0.421249249167752	0.540810516890992	0.0808443631600907	0.100520706848341	5.54207033463971	0.0394660229676862	0.00435784091851753	0.0360598091026432	0.0139614346800464	0.0360598091026432
YFR044C_mRNA	0.421543636981469	0.541069228696638	-0.0519369510751509	0.0646186059332072	7.65480244688523	0.00777008345505943	0.000491237220770696	0.0070631530847979	0.0162110197102338	0.0162110197102338
YPR095C_mRNA	0.421885242919201	0.541388419657988	0.0498488489688088	0.0620662995237481	6.47333906357342	0.00956860418720052	0.00157302295372651	0.00796907932012688	0.01383587919256	0.01383587919256
YAL042W_mRNA	0.422314360689652	0.54181974573396	0.0570857044885215	0.0711425875447619	8.23505725066956	0.0197644070220929	0.000270591202937691	0.0199744798473187	0.0177688335515377	0.0199744798473187
YOL001W_mRNA	0.422816184329123	0.542344141325731	-0.0602664420019026	0.0751878428513785	5.10036596679665	0.0165236684519657	0.00625887677128003	0.0104073268468064	0.0163539700792943	0.0163539700792943
YDR487C_mRNA	0.423625155540395	0.543176392604084	0.0764361634595827	0.0955275527509949	7.26067710720964	0.0356265796716634	0.000745102233655519	0.0357569511047209	0.0151904031539097	0.0357569511047209
YLR338W_mRNA	0.423651480946268	0.543176392604084	-0.264097593705642	0.330079749173825	4.03143530714232	0.425355869441676	0.0436652438587541	0.392145319399867	0.0301275149591592	0.392145319399867
YCL011C_mRNA	0.424132244428486	0.543673147643644	-0.0522185286926744	0.0653325477749444	7.82391549936922	0.00383271729686339	0.000413447997504157	0.00291395632375585	0.0166599191975574	0.0166599191975574
YMR138W_mRNA	0.424422007108312	0.54392490396239	-0.0736230511945379	0.0921701716550579	4.68104668145983	0.0331613656714969	0.00921048971590219	0.0247708724557891	0.0206455141583876	0.0247708724557891
YKL024C_mRNA	0.424718008052366	0.544064888943071	-0.0723383282449272	0.0906196924007827	6.65740179733202	0.0320532892919055	0.00132873761341278	0.0315189769898371	0.0141096354562273	0.0315189769898371
YOR191W_mRNA	0.424650269016036	0.544064888943071	-0.0761295278559264	0.0953550578793555	6.52318255220878	0.0354911797056052	0.00154637400628553	0.0348239742464154	0.0139087848983579	0.0348239742464154
YDR156W_mRNA	0.426115759643266	0.545636388966982	-0.0752672020008407	0.0945738996813556	4.93125646394934	0.0349024711227154	0.00732713456545591	0.0284497554383005	0.0178663156135314	0.0284497554383005
YOR164C_mRNA	0.426132092310293	0.545636388966982	-0.0512336128795363	0.0643777568387435	6.07516604463112	0.0161727523058474	0.00233866969513031	0.0142393126072232	0.0134703593115809	0.0142393126072232
YFL018C_mRNA	0.426286747408225	0.545714478224635	0.0519518203661095	0.0653020507276675	7.82356963015772	0.00793856553620506	0.000398435124140423	0.00733603033912142	0.016658996192815	0.016658996192815
YMR096W_mRNA	0.426418740243769	0.545763528264543	0.0721221780131736	0.0906815249419438	5.2789617156657	0.0320868144220035	0.00558887119422642	0.0273036846689591	0.0151367605596715	0.0273036846689591
YKR019C_mRNA	0.42710307753211	0.546519334439287	0.052626248070439	0.0662666686089308	5.62083866187524	0.00930781475163886	0.00384188086414992	0.00533948580232849	0.0137232046099535	0.0137232046099535
YDL092W_mRNA	0.427319027425937	0.54667030590666	-0.0580157756858917	0.0730872685599987	5.55022459663729	0.0208400836763453	0.00382593759131283	0.0175410577109327	0.0139346126799299	0.0175410577109327
YJL006C_mRNA	0.427408726983323	0.54667030590666	0.0788021765006696	0.0992928851052069	4.32101445796659	0.0343081436480301	0.0140737892910439	0.0209107123257762	0.0253625188390194	0.0253625188390194
YLR200W_mRNA	0.428092923296492	0.547312139181436	-0.0702204346964407	0.0886107792111966	4.62175178864151	0.0161032938760005	0.0100301943451645	0.00581450353656252	0.0213772864244972	0.0213772864244972
YOR338W_mRNA	0.428098424004429	0.547312139181436	0.0989996488667636	0.124928598573022	3.72286483934467	0.0217268730416096	0.0257334899221526	-0.0052549632277831	0.0366951290435241	0.0366951290435241
YDL125C_mRNA	0.428324370728359	0.54748086526183	0.0926890925839496	0.117022482384527	7.14273317682277	0.0534162472672404	0.000824273364305188	0.0539527721694422	0.0149185596638605	0.0539527721694422
YDL094C_mRNA	0.429018471378481	0.54824777676048	-0.264623491257424	0.334596959296642	1.71596221508104	0.165548234690169	0.276316517659254	-0.118950721098435	0.171503983022981	0.171503983022981
YPL244C_mRNA	0.429503278845746	0.548746952314762	0.0493516318156994	0.0624671041872623	6.25261005760044	0.0057954097263535	0.00199322792684731	0.00352025861913933	0.0136153284953218	0.0136153284953218
YMR161W_mRNA	0.42968467062168	0.548858340504693	0.05110708177229	0.0647145144835493	5.75332688138963	0.0103192581181674	0.00323244887296682	0.00707763230870413	0.0135194246663992	0.0135194246663992
YGL057C_mRNA	0.429933437770246	0.549055723027062	0.0718529782948595	0.0910331586854944	4.56476285833821	0.0102307251352973	0.0110489636185843	-0.00156257254214912	0.0220991803024493	0.0220991803024493
YPL133C_mRNA	0.430206205200156	0.549283662392309	-0.0549078944431411	0.0696059722485397	5.50225993743981	0.0188919349571951	0.00411393678953716	0.0152660287011208	0.0140998836095446	0.0152660287011208
YDL020C_mRNA	0.431064906586737	0.550259453500073	-0.0506778220677699	0.0643633596060974	6.84313098777381	0.0161507281297348	0.00109344456520876	0.0154771236739265	0.0143635471205073	0.0154771236739265
YPR133C_mRNA	0.431216173589761	0.550331966557272	0.0489677813603656	0.0622119436144591	6.91971298951589	0.00414603093800586	0.000994421212158473	0.00276265661817449	0.0144868825009961	0.0144868825009961
YPR052C_mRNA	0.43133497094557	0.550363018118461	-0.209483970008344	0.26621107874425	2.44240127617813	0.27627740584985	0.114797714522773	0.168675639261936	0.09422246817649	0.168675639261936
YJR067C_mRNA	0.43166603900246	0.550664844148967	0.0857533168129091	0.109053197467844	4.10600155798566	0.0280534700408268	0.0187848376643925	0.00917141413808896	0.0287855618474496	0.0287855618474496
YEL057C_mRNA	0.431878790033425	0.550764652262265	0.141700100580619	0.180284451403118	3.21205892916856	0.126696983027382	0.0459975750291198	0.084012358641773	0.0523075304116516	0.084012358641773
YKR067W_mRNA	0.431933349843167	0.550764652262265	0.0680518141821069	0.0865923010836324	6.86082987932982	0.0292283258429051	0.00115443453509651	0.0288384718927372	0.0143909167232675	0.0288384718927372
YPL185W_mRNA	0.432602699659505	0.551497445999186	0.151607374978759	0.193193005867432	2.68239770828226	0.0805490430450811	0.0713382487929571	0.00839721271307259	0.0779559012714166	0.0779559012714166
YBL067C_mRNA	0.432923681505483	0.551691068305609	0.0487455392730477	0.0621596995177933	6.52897167826948	0.0106876410528759	0.0015378167518948	0.00923433363360931	0.0139174962246746	0.0139174962246746
YGL106W_mRNA	0.433038663810771	0.551691068305609	0.062972692499403	0.080322059299921	6.84241783884957	0.0251435799848385	0.00107104752113239	0.0247354853195877	0.014362458617741	0.0247354853195877
YNR045W_mRNA	0.433030952224312	0.551691068305609	-0.0497253149929894	0.0634238840485894	6.0684274212381	0.00516179997054828	0.00262344513018089	0.00220059570936312	0.0134669111410548	0.0134669111410548
YDL237W_mRNA	0.434126517635332	0.552956076026114	0.0486192371872071	0.062161026632547	6.2940355415833	0.00728287951045647	0.00180966592086397	0.00531803920472056	0.0136463070071849	0.0136463070071849
YAR050W_mRNA	0.434321981673183	0.552963257261355	-0.0889315455540909	0.113749786817183	5.50700308284115	0.0504146708821343	0.00557193496289725	0.0461841210409211	0.0140827228000619	0.0461841210409211
YOR012W_mRNA	0.434230748396562	0.552963257261355	-0.11536224533679	0.147527245050304	3.35679893808774	0.0490527511943576	0.0399040583408664	0.00885004718190372	0.0471530937876636	0.0471530937876636
YBR222C_mRNA	0.434511746294479	0.553083992552248	-0.0490057128992549	0.0627076924271091	7.10499254857613	0.0151641078878691	0.000891083116954549	0.0146700153638297	0.0148379356411771	0.0148379356411771
YDL189W_mRNA	0.434850717155839	0.553394556170798	0.0484604136241661	0.0620556996209951	6.78479744609424	0.010856540646268	0.0011254595884343	0.00983557347867419	0.0142781798333704	0.0142781798333704
YNL105W_mRNA	0.435037517873611	0.553511373472736	0.256837505061713	0.329025559668289	2.3389699231531	0.421753325017803	0.175043721977628	0.257987553682496	0.102388634726178	0.257987553682496
YLR142W_mRNA	0.43612757213399	0.554777125601011	0.0929937698394964	0.119414300528918	4.85670946635225	0.0555425849654162	0.0082768966187417	0.048762204064501	0.018633615101142	0.048762204064501
YJR037W_mRNA	0.436287553271568	0.554859481632865	0.338823496081496	0.435238637859683	2.20882352800079	0.73782900477339	0.10279888390834	0.654931803635467	0.11380514701207	0.654931803635467
YPL008W_mRNA	0.436427288055658	0.554916058536068	0.0508756198602489	0.0653726253408235	5.76537831713996	0.0109783326124902	0.00358206890117822	0.00744090784187145	0.0135122516746285	0.0135122516746285
YML128C_mRNA	0.436530899686775	0.554926690284781	-0.0844704728107126	0.108564850661553	6.95858791780485	0.0459050229240476	0.00100434848498614	0.0461409587116748	0.0145543695556723	0.0461409587116748
YDL073W_mRNA	0.436765504666225	0.555103802396471	0.0626658981660319	0.0805819445972328	6.2561667589942	0.0252894165130551	0.00220210975877649	0.0237716894215095	0.0136182458582844	0.0237716894215095
YER123W_mRNA	0.437039821550113	0.555331297786469	-0.0494118791012916	0.06357665409563	5.97104087312895	0.0129973795898107	0.00270932138904362	0.0105188613725191	0.0134586423949379	0.0134586423949379
YLR218C_mRNA	0.438344943340116	0.556868216288599	0.0816939529346307	0.105412768406062	5.64284928076198	0.0432639536929351	0.00368503034497595	0.0407623766271443	0.0136690912096554	0.0407623766271443
YFL051C_mRNA	0.439190326000484	0.55781141341272	0.103114531201081	0.133298479262299	3.61450613471672	0.0513423020754625	0.0316232360469145	0.0203484857354186	0.0394507022476516	0.0394507022476516
YPL048W_mRNA	0.439278881691994	0.55781141341272	0.0513381256927882	0.0663787972983843	8.05831548333225	0.00981157857713922	0.000335054729625755	0.00942432141740954	0.0172895241934942	0.0172895241934942
YML050W_mRNA	0.439544939228739	0.55802763476719	0.0680285559159789	0.0880102336231496	4.67168256238887	0.0193889535439966	0.0102236193167477	0.00922800678895902	0.0207595855728578	0.0207595855728578
YKR038C_mRNA	0.440419848086648	0.558988384414798	0.0478796894517882	0.0620617703029741	6.44725602407648	0.00796750083803106	0.00160671735586923	0.00627490078144982	0.0137999359766872	0.0137999359766872
YOR163W_mRNA	0.440493593005207	0.558988384414798	-0.0492487652166171	0.0638466693780768	5.86395457935492	0.0136966838736712	0.00281895638235502	0.0111630789464752	0.0134866323803388	0.0134866323803388
YDL047W_mRNA	0.441404924016897	0.56002288486987	0.0478534102664666	0.0621615791830346	6.50931370527705	0.014952566609642	0.00156816931078555	0.0137981666640792	0.0138880783953292	0.0138880783953292
YML016C_mRNA	0.442340465087025	0.561087644153497	-0.0478784774502528	0.0623217252492173	6.78482278151848	0.0106443055864474	0.00125777445661178	0.00949188192802352	0.0142782152955439	0.0142782152955439
YHR159W_mRNA	0.443120593513618	0.561954849327457	-0.0576914660714439	0.0752234812102398	5.12049942269784	0.0198493030177848	0.00643754607132843	0.0138786199455918	0.0161967424302207	0.0161967424302207
YNL180C_mRNA	0.443345971017751	0.56211830841119	0.0476350762274815	0.0621417362694666	6.65110825196049	0.00680358538003503	0.00134566663600321	0.00529557470340633	0.0141007149103326	0.0141007149103326
YHR173C_mRNA	0.443819600780708	0.562474003512814	0.174019792711419	0.22725132777047	2.38541078882992	0.0988895377939351	0.107944735792116	-0.0106439133715637	0.0986279281016507	0.0986279281016507
YOR048C_mRNA	0.443756367420363	0.562474003512814	-0.0486536302711444	0.0635276476744377	6.92526036791128	0.0156980917347269	0.00103882629329929	0.0151042217828907	0.0144963120292544	0.0151042217828907
YKL012W_mRNA	0.444466079633234	0.563136709180888	0.0513385291188844	0.0671378558680117	6.36227705998327	0.0175308075306254	0.00170998511002418	0.0163199816521915	0.0136999484877753	0.0163199816521915
YOR282W_mRNA	0.444535826557313	0.563136709180888	0.194101904718256	0.253875242677251	2.30136766215624	0.250669998196618	0.131655566017367	0.126154989360365	0.105550861030992	0.126154989360365
YKR088C_mRNA	0.444719282377678	0.563246638941816	0.0476314767187769	0.0623246085074466	6.40152840577697	0.00923086466579494	0.00179510586281202	0.00744688982927938	0.0137423214396139	0.0137423214396139
YCR033W_mRNA	0.445651302846049	0.564304388259309	0.0572345715470428	0.0750435299280818	6.90831319688099	0.0218979294818961	0.0010633123950219	0.0214628131412457	0.0144677148420932	0.0214628131412457
YJL128C_mRNA	0.445962790419966	0.564576101040139	-0.0473037222395574	0.0620651080435967	6.79734033851472	0.00769559577717496	0.00111240256751524	0.00649355229725302	0.0142959079783381	0.0142959079783381
YGR112W_mRNA	0.446986912075136	0.565749674071202	-0.0524879697195604	0.0690224419730712	5.54693562945496	0.018520627175532	0.00434919590763835	0.0147071940760656	0.0139453695095791	0.0147071940760656
YGR268C_mRNA	0.44839018648265	0.567388151019867	0.086805859373611	0.114504261787207	5.92323222648033	0.0509579788708417	0.00264300908887506	0.0498018947808579	0.0134771219490843	0.0498018947808579
YPL202C_mRNA	0.448476216176877	0.567388151019867	0.0517994052348078	0.0683407464075815	5.44510262489778	0.0169671265734963	0.00436038631580479	0.0130520554750327	0.0143214441623767	0.0143214441623767
YKL031W_mRNA	0.448714586257339	0.567566474063234	0.195088555950616	0.2575223367907	2.15276378017745	0.257735493309038	0.143275198411454	0.121995817373116	0.119150510738377	0.121995817373116
YKR047W_mRNA	0.449391356313422	0.568175790338975	0.0918345780885246	0.121405237499565	4.43343181118986	0.0572754222467358	0.0129349123043388	0.0460220144649647	0.0238073171661641	0.0460220144649647
YLR125W_mRNA	0.449309008858223	0.568175790338975	0.144375383035658	0.190829476528107	2.82953997430182	0.064936522757349	0.076083787768671	-0.0124644423077094	0.0695797686792938	0.0695797686792938
YNL046W_mRNA	0.449914503775512	0.568713798870934	0.0643768985700477	0.0852044916034368	5.5120789469479	0.0282084428056266	0.00408159499256044	0.0249576265650401	0.0140645602159191	0.0249576265650401
YML120C_mRNA	0.450292916938026	0.569068662490442	0.103196321703974	0.136697126877229	6.73508293077327	0.0726013183370874	0.00123507874676284	0.0735093392391936	0.0142113034375431	0.0735093392391936
YMR287C_mRNA	0.451353170912938	0.570236957840886	-0.0515512719811475	0.0684465497519717	5.4680493367549	0.00745029503683414	0.00451055690655484	0.00271260673494625	0.0142291637852417	0.0142291637852417
YNL084C_mRNA	0.451501597344504	0.570236957840886	0.0475839909080823	0.063199769412183	6.70559910796272	0.0155155168382091	0.00116301556047396	0.0148138278545385	0.0141741313306086	0.0148138278545385
YOR022C_mRNA	0.451511000089257	0.570236957840886	0.0538610715736965	0.0715383047610931	5.41599915891747	0.019879792454491	0.00472227553486495	0.0157486406574992	0.0144451576489851	0.0157486406574992
YDR433W_mRNA	0.451924398338671	0.570635358630493	0.0714466920508526	0.0949822943378516	6.6554271876543	0.0350420099020163	0.00210022141212063	0.0339863235386085	0.0141068470437552	0.0339863235386085
YBR293W_mRNA	0.453253239737752	0.572189246958211	0.0490772126568581	0.0654360713138455	5.61795697673183	0.00952131477623867	0.00339648320857255	0.00611676182249278	0.0137310345073901	0.0137310345073901
YOL066C_mRNA	0.453751336842128	0.572693953302045	0.0543374665516166	0.0725296741174348	5.86894751833359	0.0204267496153029	0.0030172954164863	0.0180249190938388	0.013486056484345	0.0180249190938388
YCR020C_mRNA	0.454422107259847	0.573416330278508	-0.117075071497388	0.156504276069233	3.15494996014514	0.0472584356217283	0.0434449773802772	0.00327289725268357	0.0545293763315417	0.0545293763315417
YER128W_mRNA	0.45481542100304	0.57378835919526	-0.101636955862919	0.135985336546418	3.48672478032303	0.0292930621729695	0.0309150678115291	-0.00248109285394199	0.0430529792110408	0.0430529792110408
YBR176W_mRNA	0.455093751225926	0.574015196934887	-0.06257971365211	0.0837803264157533	5.1445756589786	0.027249126368374	0.00583246797065785	0.0222441044066628	0.0160154431441884	0.0222441044066628
YHR156C_mRNA	0.456823459733461	0.576072181040507	0.0704763482326878	0.0947151181829999	4.45080323300598	0.0335121855849799	0.0123045955108361	0.0221821988558666	0.0235792189388425	0.0235792189388425
YGR229C_mRNA	0.457033778306908	0.576212679596634	-0.0470025571048641	0.0631975641822062	7.27532111899545	0.0104063968445751	0.000749468821921467	0.00976903054743868	0.0152262596523348	0.0152262596523348
YDR229W_mRNA	0.458591180647071	0.578051107410176	0.0460418180567481	0.0621205675324369	6.50437575724189	0.00572844244273715	0.00155508810457051	0.00397685765265624	0.0138807715376377	0.0138807715376377
YBR262C_mRNA	0.458907607055026	0.578324836405491	0.0795096345041224	0.107351616890381	4.55731873206155	0.0447101218839166	0.0112016507807191	0.0348958278151974	0.0221945932597831	0.0348958278151974
YMR031C_mRNA	0.459083009524325	0.578420764162785	0.0566986761209121	0.0765828194328222	7.83915661404848	0.0227529960335434	0.000420728909506134	0.0230389840196149	0.016700611365397	0.0230389840196149
YNL006W_mRNA	0.460930783570989	0.580623296234504	0.0465311781957448	0.0631089496358131	6.05755869359192	0.0152359306678397	0.00246896762849844	0.0132366293601057	0.0134619904680439	0.0134619904680439
YCL029C_mRNA	0.461926374555718	0.581751633843842	0.0476142094904821	0.0647214907514057	5.78590887983015	0.00943648132479015	0.00325268594213137	0.00621008320717135	0.0135027995182058	0.0135027995182058
YOR196C_mRNA	0.462535568831087	0.582392959587187	0.0458423393680965	0.0623978585713695	6.28762704829339	0.00552474051964323	0.00193196432636212	0.00338696620790138	0.0136420066908084	0.0136420066908084
YBR122C_mRNA	0.463165578103917	0.583060211329607	-0.054404423633578	0.0741564087136224	5.27160390930462	0.0213195367085673	0.00555271144126692	0.0164439803719403	0.0151793892301326	0.0164439803719403
YEL051W_mRNA	0.463356219785372	0.583174192367591	-0.0465310786161563	0.0634516227448388	7.347985647466	0.0108989289151854	0.000693903403573324	0.0103649086406445	0.01541053031224	0.01541053031224
YDR173C_mRNA	0.463920540615962	0.583421000536151	-0.0629086731561687	0.0858931207104299	5.08796979319372	0.0285984788676108	0.00600202881954104	0.0235084839219649	0.0164532880640069	0.0235084839219649
YDR505C_mRNA	0.463767535773006	0.583421000536151	-0.0800264171688919	0.109227640702029	6.38412311447748	0.0462489899604083	0.00167311853652503	0.0460495914368011	0.0137226215394086	0.0460495914368011
YGR062C_mRNA	0.463952882849981	0.583421000536151	0.0524321149162346	0.0715940058862869	5.24705489649357	0.00462028294950487	0.00517682370610085	-0.00101198531008541	0.0153259830092819	0.0153259830092819
YGR119C_mRNA	0.463893170459807	0.583421000536151	-0.0454579654352558	0.0620627839769598	6.83426812746606	0.00646535006432796	0.00105705840710043	0.00527969476996157	0.0143500982127827	0.0143500982127827
YKL213C_mRNA	0.464166298761999	0.583563413160856	0.0456891817813645	0.0624165980166719	6.95190967070763	0.00747212407356549	0.00104078414184869	0.00636863412787136	0.0145425426900505	0.0145425426900505
YBL038W_mRNA	0.464379040036265	0.583704916343318	-0.0468607147829045	0.0640475377519633	5.8702821074802	0.0148427953568893	0.00292244653306945	0.0123531408950363	0.0134859018352872	0.0134859018352872
YOR219C_mRNA	0.464687067414341	0.583966103269187	-0.0755970528837521	0.103394615931259	6.65826892381356	0.0414349778279267	0.00139996935230045	0.04136181706199	0.0141108568616085	0.04136181706199
YAR061W	0.464871949987576	0.584072456464873	-0.119934200242498	0.164102777244808	3.70004922954963	0.104373416901395	0.0378800012447811	0.0698388847530546	0.0372539525482375	0.0698388847530546
YJL152W_mRNA	0.465306854774247	0.584492827924701	0.104121742534674	0.142605891368614	5.26356465660942	0.0788137335495932	0.00556898118046755	0.0757767798316803	0.0152266506312531	0.0757767798316803
YBR044C_mRNA	0.46550391642072	0.584614317108668	0.04569981263149	0.062618442200974	6.1562323377748	0.0057895732511718	0.00215467253658104	0.00345173512551638	0.0135296046781259	0.0135296046781259
YDL025C_mRNA	0.466496360296538	0.585734438596472	0.0693443028857748	0.095228111875608	6.56309544077192	0.0351376369125921	0.00144139920087782	0.0348321739646954	0.0139693336591324	0.0348321739646954
YPL033C_mRNA	0.46660367193517	0.585742941757014	0.312205201905016	0.428843758639728	1.36534279112801	0.712578575636277	0.281096693411732	0.454531183885264	0.231330475222425	0.454531183885264
YDR168W_mRNA	0.467171887998711	0.586329905101355	-0.0782182911356371	0.107577436015223	6.47612557161423	0.0448370046460565	0.00161170637516344	0.0446799125832744	0.0138398253357034	0.0446799125832744
YPL170W_mRNA	0.467468690814964	0.586576048392845	-0.100016553631934	0.137649364938568	5.79902046402238	0.0734043142272761	0.00305255386528599	0.0727368368066786	0.0134983015664446	0.0727368368066786
YLL006W_mRNA	0.468134223075679	0.587284664866259	-0.0533842353142024	0.0735808420085497	5.20049586556211	0.0178447717249192	0.00603343261014149	0.0122717152151056	0.0156231286326071	0.0156231286326071
YNR023W_mRNA	0.46963752188783	0.589043746505597	0.0475922760533695	0.0658198305826973	5.63747363328033	0.0056460509241348	0.00364759480405439	0.00175459554610713	0.0136814055876855	0.0136814055876855
YDR289C_mRNA	0.469991808926092	0.589361230909042	-0.0455578580112527	0.0630565239285322	6.06277223613748	0.0123512046909204	0.00244025190607415	0.0102001764266053	0.0134642489337241	0.0134642489337241
YDR179C_mRNA	0.470193674653276	0.589364873367798	-0.112088208080615	0.155211577080299	3.21641214182123	0.0484260142795569	0.0442198142843781	0.00407555347494052	0.052142720354636	0.052142720354636
YLR209C_mRNA	0.470197035944649	0.589364873367798	0.0579597935595051	0.0802591033681243	6.0980102375658	0.0249441784260891	0.00214497121193057	0.0236211234818905	0.0134840756617409	0.0236211234818905
YDR326C_mRNA	0.470344854838493	0.589423343576912	-0.0535512195544231	0.0741790824515974	6.53541245092124	0.0213075309180849	0.00158331609748335	0.0204268289959602	0.0139272261105496	0.0204268289959602
YGL164C_mRNA	0.471441649578112	0.590670763535932	0.044789808560162	0.062196373327005	6.26075870272253	0.00532126148432812	0.0018516035459133	0.00327656891562229	0.0136219518742154	0.0136219518742154
YIL156W_mRNA	0.471885865870946	0.591100205238472	0.0610432582487951	0.0848513612743522	6.23084047615846	0.0278727542717808	0.00199154596557589	0.0268074680748667	0.0135967270418314	0.0268074680748667
YGR231C_mRNA	0.472489787694406	0.591729471863201	0.0449332190157218	0.0625432885446321	7.14471197290487	0.00594732189835324	0.000723779786636568	0.00507149534128052	0.0149228719812718	0.0149228719812718
YDR333C_mRNA	0.473112203713101	0.592381624507313	-0.0495401366409347	0.0690527523004804	6.32907094248769	0.0184560484112543	0.00188490331753127	0.0171882270835548	0.0136704293340367	0.0171882270835548
YMR095C_mRNA	0.473831778679232	0.593155123030771	0.159819422761719	0.223130942635279	3.17214462333111	0.192684291666721	0.0541346078407657	0.145015062404467	0.05384857362939	0.145015062404467
YGL018C_mRNA	0.474104235388306	0.593368695031638	0.0618383590630592	0.0863884798472964	4.72180722231514	0.0284654135337412	0.00969568162128793	0.0197104092644028	0.020156196180019	0.020156196180019
YGL248W_mRNA	0.474312323413762	0.593501631488096	0.0540050805935394	0.0754808794759021	6.34628563213008	0.0220479021494117	0.00179440910106273	0.0209950435647599	0.013684943550568	0.0209950435647599
YPL236C_mRNA	0.47508507972176	0.594340922151379	0.0510133771649885	0.0714243170308646	5.31452888051848	0.00905445185966713	0.00546678181107421	0.00349088385291847	0.0149389504422276	0.0149389504422276
YGR091W_mRNA	0.475335710591211	0.594526803328552	-0.0528582331288928	0.0740493404901693	5.17428947214572	0.0162621029831308	0.0061312748956209	0.0104941232121597	0.0158019444124952	0.0158019444124952
YIL067C_mRNA	0.475644995207919	0.594785950221364	-0.0444832000460752	0.0623604005582008	6.30271201118006	0.00485522769978951	0.00190348791165849	0.00273318317059051	0.0136517903194585	0.0136517903194585
YLR309C_mRNA	0.476001050523317	0.595103459302327	0.0793508848866505	0.111330746013877	6.67019269582779	0.047952014145169	0.00140197117176094	0.0481761688602646	0.0141274504471204	0.0481761688602646
YKL064W_mRNA	0.476201345919899	0.595226140598441	0.0460369935787414	0.0646200834816798	7.51043215803327	0.0161546606470077	0.000541257566513185	0.0161617631902039	0.0158319503468102	0.0161617631902039
YHR168W_mRNA	0.47713840864177	0.596269491365713	0.0503493667424397	0.0708235696093674	5.30014589612138	0.00948676113189204	0.00504659561255633	0.00439348881979523	0.0150173164362953	0.0150173164362953
YBR232C_mRNA	0.477490803421187	0.596463978621331	0.13290479183715	0.187099180917525	2.92738811738165	0.13539976871824	0.0645439648980224	0.0754804491020131	0.0645884290267353	0.0754804491020131
YMR194W_mRNA	0.47749879785271	0.596463978621331	-0.105636943577437	0.148715062387778	5.24624041280135	0.0855428108753051	0.00572753571636125	0.0827371434076421	0.0153309635103316	0.0827371434076421
YMR193W_mRNA	0.477838863582072	0.596760818698639	-0.0847731769364775	0.119435385167186	5.0984615527034	0.0551716929995683	0.0068606468795038	0.0501985980406327	0.0163691043416352	0.0501985980406327
YGR040W_mRNA	0.478067695216983	0.596918643877871	-0.0488007593193327	0.0687902545045677	5.4394465018662	0.00559064119169824	0.00458350070308366	0.000726039399409176	0.0143448957561291	0.0143448957561291
YGL067W_mRNA	0.478219891226397	0.596980734151487	-0.0449309493759109	0.0633572226909159	5.94860694236599	0.0135456147181155	0.00258769295142667	0.0113486684717483	0.0134688577169986	0.0134688577169986
YGR260W_mRNA	0.478448212666501	0.5971010806983	-0.0464215768056608	0.0654931379331234	7.85410140416856	0.00763757069861784	0.000416856490865463	0.00715055131676112	0.016740547974443	0.016740547974443
YIL111W_mRNA	0.478521274593265	0.5971010806983	0.0661134055467233	0.0932905322263652	5.93675308641409	0.0336572560096225	0.00275783160456998	0.032054662007744	0.0134731952813786	0.032054662007744
YPR199C_mRNA	0.479485249790618	0.598175816976475	0.0466222767627463	0.0659316244520898	5.64807487475353	0.0101312253258899	0.00373026063248472	0.0065035845908139	0.0136576557790809	0.0136576557790809
YBR123C_mRNA	0.480233907216761	0.598964337564936	0.0446491811131998	0.0632490595855961	6.09314892791463	0.013615200450093	0.00252086089195882	0.0114972683405467	0.0134809132618903	0.0134809132618903
YDR526C_mRNA	0.480373175671576	0.598964337564936	0.206811712510167	0.293057934595493	2.50765827924002	0.332035313824709	0.195096629433013	0.148435182684493	0.0894473973615021	0.148435182684493
YKR095W_mRNA	0.480425737974759	0.598964337564936	0.0871662992213388	0.123531856232229	7.30850486730022	0.0589972364742575	0.000693377172941755	0.0603471008437787	0.0153092335700858	0.0603471008437787
YOR284W_mRNA	0.480639380998763	0.5989743387591	0.0706374045318078	0.100155892817454	4.30135173623308	0.0217150159871438	0.0144746769409967	0.00736579935408877	0.0256501345232483	0.0256501345232483
YPL161C_mRNA	0.480632936649311	0.5989743387591	0.0471836554201631	0.0669001326833648	5.59913878287821	0.0144852841518162	0.00411827649275353	0.0107655858588185	0.0137842345194537	0.0137842345194537
YBR087W_mRNA	0.482638603112925	0.60129484126231	-0.0451299591054417	0.0642817353323063	5.855192689255	0.00717259857465469	0.00304090755717632	0.00406210142742261	0.0134876584321544	0.0134876584321544
YCR098C_mRNA	0.482707856605531	0.60129484126231	0.0737173941284908	0.105017415768239	4.14121939669403	0.0234017971549328	0.0159336704619208	0.00758703957633718	0.0281809599966359	0.0281809599966359
YFR014C_mRNA	0.482816528690472	0.601301645179712	0.0437105364906312	0.0622852632013352	6.92584176560449	0.00933638602789039	0.00102051187873119	0.00843687000820885	0.0144973041695072	0.0144973041695072
YPR072W_mRNA	0.4829777036426	0.601373819496001	0.0529273421430292	0.0754465145078121	6.91773016188106	0.0219978067374961	0.00106799578271912	0.0217007104227909	0.0144835282772557	0.0217007104227909
YAR075W_mRNA	0.484432843170185	0.603056782972114	-0.318728543283147	0.45585350276451	1.95008334383451	0.802885788816219	0.438821179326598	0.392388484604095	0.140896150724966	0.392388484604095
YCR046C_mRNA	0.484922522881757	0.603537410448433	-0.086117376977305	0.123305382188021	5.93078019226878	0.0587400651970469	0.002737171867046	0.0580796972390896	0.0134750527710936	0.0580796972390896
YJR138W_mRNA	0.485633851898089	0.604293639717699	-0.0499390772410189	0.0716208624082203	5.86953042976779	0.0198153553293455	0.00293474333114447	0.0175834483972444	0.0134859890094625	0.0175834483972444
YKL119C_mRNA	0.486489047400611	0.605099314721597	-0.0518123320599736	0.0744532915246688	5.07127058523521	0.0157063416912449	0.00558309553844849	0.0104781226297445	0.0165900749369808	0.0165900749369808
YLR215C_mRNA	0.486423075976046	0.605099314721597	-0.0606627782513539	0.0871580136144022	5.01207878410715	0.0293416649029572	0.00732197075682149	0.0230641065920118	0.0171020005412927	0.0230641065920118
YOR280C_mRNA	0.486624990761915	0.605139209429865	0.0505495105483057	0.072661304180945	5.22554763955408	0.0100078274920559	0.00565859239746773	0.00433400762497119	0.0154600681036355	0.0154600681036355
YDL217C_mRNA	0.486970570261804	0.605310548825532	0.046802970267205	0.067329304475357	5.51123956176344	0.00774135582716043	0.0040653915969249	0.00360305592479476	0.0140675493676164	0.0140675493676164
YJL222W_mRNA	0.486940947465584	0.605310548825532	0.159454789279271	0.229371125943213	5.82440779079132	0.0960648219646536	0.196952269549015	-0.101290197393771	0.013492184116815	0.013492184116815
YNL267W_mRNA	0.487658990967323	0.606036962750773	-0.0432547513329057	0.0623234062152852	6.66613753319397	0.0147014485003373	0.0014149772073826	0.0138020108964441	0.0141218506417192	0.0141218506417192
YDR438W_mRNA	0.488027772257271	0.606365920488561	0.0486634592676729	0.0701759665527987	5.33020127748369	0.0099141257816537	0.00484264876477751	0.00510301963902391	0.0148560163617006	0.0148560163617006
YPL128C_mRNA	0.488216563390377	0.606471151026085	-0.0489984439554899	0.070689710010849	5.31009584569365	0.0128554544712212	0.00502526864901475	0.00806247613870527	0.014962871756657	0.014962871756657
YER139C_mRNA	0.488925094169242	0.607221828742274	0.0752300246766944	0.108710847859185	4.10132427450959	0.0334355963945326	0.0184049543455182	0.0158018827592365	0.028867239423533	0.028867239423533
YDR387C_mRNA	0.490141934030994	0.608603347754597	0.0432371198388683	0.0626549472231248	6.15759452261715	0.00404535698543891	0.00217177598567083	0.00162840691816781	0.0135307936604594	0.0135307936604594
YBR289W_mRNA	0.490824018010822	0.609060858132279	-0.0512224438560716	0.0743432982749257	6.10657774781769	0.0213335207285633	0.00210742309744846	0.0200002808961298	0.0134899382796348	0.0200002808961298
YLR373C_mRNA	0.490728165934176	0.609060858132279	0.0432290870513366	0.0627280215877229	6.13674024266068	0.0109128246516836	0.00222614466574525	0.00893223775611797	0.0135130741034941	0.0135130741034941
YNL090W_mRNA	0.490664785488051	0.609060858132279	0.0595916928563181	0.0864585156274683	4.86579328635831	0.0124219330863509	0.0113632069405817	0.000931387121228035	0.018537092757439	0.018537092757439
YLR396C_mRNA	0.491162014289098	0.609350488766671	-0.0455834819093963	0.0662106183895757	5.6343790279646	0.0061663310461967	0.0038466305426088	0.00216648020032073	0.0136887534075113	0.0136887534075113
YAL019W-A_mRNA	0.491769041467983	0.609973692908765	0.115038586184002	0.167329370630515	4.74293053592219	0.108059075245246	0.0101537232780455	0.101842749824371	0.0199075309449611	0.101842749824371
YDR462W_mRNA	0.491904877263601	0.610012306287301	-0.0532425170542366	0.0774681966129701	5.00044340757925	0.0204954131640282	0.00679780278596457	0.014351635426274	0.0172074831598986	0.0172074831598986
YBR270C_mRNA	0.49224655820684	0.610306117921483	0.0507862951592184	0.073952721476412	5.14881165684121	0.00938522972087381	0.0058917097657364	0.0034269655706286	0.0159843102893347	0.0159843102893347
YOR140W_mRNA	0.49271687097303	0.610759253252952	0.0781126026718685	0.113867758138975	5.87001512672743	0.0500329886684052	0.00305363616017265	0.048809829214212	0.0134859328208666	0.048809829214212
YKR008W_mRNA	0.493372576340421	0.611441954852009	-0.0461113305273528	0.0673202737678935	6.20603737009903	0.0174865398521549	0.00205511143858314	0.0160729656021534	0.0135744850028001	0.0160729656021534
YJR160C_mRNA	0.493656220111999	0.611663364179606	-0.530131872708165	0.774474596994658	4.18039703255115	2.31307043893732	2.37171416477726	0.0262785048095595	0.0275294407828892	0.0275294407828892
YMR213W_mRNA	0.49381295195504	0.611727462915174	-0.0441205091253684	0.06447944994419	5.83614672619635	0.0135117661052031	0.00314019626108925	0.0107805190443479	0.013490201599332	0.013490201599332
YFL034C-B_mRNA	0.494074956936698	0.611921917328487	0.0445617201087674	0.0651637683121188	5.67514663180409	0.0140369800113449	0.00337890972047918	0.0110933554633754	0.0136063570820628	0.0136063570820628
YLR454W_mRNA	0.495423286385533	0.613461438147103	0.0714199483244676	0.104766109643303	6.60247621644049	0.0423370499295374	0.00150379387041328	0.0423999570487568	0.0140291690027625	0.0423999570487568
YGL220W_mRNA	0.495753302258646	0.613739638537797	-0.0683760439980525	0.100377817754632	4.9914059625004	0.0388627124142325	0.00690602534111041	0.0333967998476177	0.0172904894672462	0.0333967998476177
YKL159C_mRNA	0.495889871210109	0.613778285462099	0.0552018800528692	0.081063487264264	5.12454770493325	0.0253454114948214	0.00627976773514186	0.0200053881346321	0.0161657434532935	0.0200053881346321
YJL024C_mRNA	0.496250932752185	0.614021604117171	0.0520526445582203	0.076502953730695	5.03618725828446	0.0117779302877557	0.00652234096797409	0.00532273353876287	0.0168884667501094	0.0168884667501094
YML086C_mRNA	0.496297242325396	0.614021604117171	0.0425739806143703	0.0625786744430607	7.09869543786896	0.00317618973645662	0.000839578455837942	0.00204561231169338	0.0148247835243644	0.0148247835243644
YOR249C_mRNA	0.496426914639883	0.614051635815702	0.0468128591522277	0.0688300429202574	5.5708164753943	0.0182713309599117	0.00376784000218885	0.0151824592314291	0.013869136471631	0.0151824592314291
YBL105C_mRNA	0.496626165695327	0.614167701409674	0.0506290582328083	0.0744755474400302	7.21538645311916	0.0213908804982485	0.00072958056181596	0.0214568481041528	0.0150824500941779	0.0214568481041528
YCR067C_mRNA	0.496757853911602	0.614200181852503	-0.0422310495643537	0.0621410503665583	6.79316625283959	0.00688213297971828	0.00115607045330018	0.00570808301145316	0.0142899701093364	0.0142899701093364
YDR138W_mRNA	0.49718973838425	0.614535555470995	-0.0805551224289919	0.11865218945502	5.65701251608668	0.0542895777664345	0.00375491780087446	0.0525584504490053	0.0136392820814286	0.0525584504490053
YDR197W_mRNA	0.497767471038041	0.614535555470995	-0.0482394101699397	0.0711488737187927	5.33081825410547	0.0195192831823684	0.00489720243661259	0.0153514464891983	0.014852803205544	0.0153514464891983
YML079W_mRNA	0.497328013533494	0.614535555470995	0.0435246624520628	0.064129464041157	5.87649860058656	0.0112792655957104	0.00296518342351942	0.00857848793143712	0.0134851692093048	0.0134851692093048
YMR283C_mRNA	0.497416862681994	0.614535555470995	-0.0491300216191326	0.0724033848238862	5.25187774147056	0.00554880962618757	0.00567235369316598	-0.000416845957764006	0.015296646842657	0.015296646842657
YOL078W_mRNA	0.497553655871286	0.614535555470995	-0.0461479432309091	0.0680303039518101	5.50650460892498	0.011187751972432	0.00442797132946075	0.00695043930830404	0.0140845176936419	0.0140845176936419
YPL260W_mRNA	0.497727662565283	0.614535555470995	-0.0421849020281294	0.06221324719082	6.84924252541899	0.0098417407399663	0.00110903166918395	0.00892724313531628	0.0143729208349203	0.0143729208349203
YPR118W_mRNA	0.497596970783635	0.614535555470995	-0.0421639733837671	0.0621634831245237	6.8663294391967	0.00942260528776637	0.00105763427900994	0.00853007120030913	0.0143995602576818	0.0143995602576818
YOR176W_mRNA	0.498082560124012	0.614669096238222	-0.0420148570741301	0.0620136529977831	6.62310814104923	0.00516432623687166	0.00132277607083642	0.00370607397868048	0.0140599965616814	0.0140599965616814
YPL174C_mRNA	0.498086646642747	0.614669096238222	0.0506361509046921	0.0747393368052705	5.54042164523942	0.0215380208809936	0.00419117821989283	0.0181526956444738	0.0139669201890466	0.0181526956444738
YER107W-A_mRNA	0.4984847244	0.61503007292554	-0.123004588438249	0.181724000708045	2.92080983759953	0.124572220233832	0.0671839218427505	0.0619634201858231	0.0649105278905992	0.0649105278905992
YLR127C_mRNA	0.498984542235629	0.615516397007152	-0.0436098758469152	0.0645032188012162	5.75332645996241	0.0111086522263694	0.00312323600226659	0.00823551387701965	0.0135194249406037	0.0135194249406037
YOL138C_mRNA	0.499151332459426	0.615591799938319	0.0423209990283733	0.0626211768702911	6.23920573518899	0.008112572106543	0.00208163759030103	0.00609867053563517	0.0136040095801801	0.0136040095801801
YLR382C_mRNA	0.499526603239205	0.615924230787642	0.0423206799324418	0.0626755022501734	6.21671665950152	0.012623736584978	0.00212872365990293	0.0108849826954466	0.013584150669343	0.013584150669343
YDR296W_mRNA	0.499715940826998	0.616027310888297	-0.053534111809315	0.0793172257648753	6.33262874927979	0.0242514702319251	0.00196395915876573	0.0232009300533791	0.0136732835901472	0.0232009300533791
YOR062C_mRNA	0.500423532967088	0.616656162649499	0.0848045945816724	0.125855798540242	6.08570870752201	0.0610526313677308	0.00275140396455558	0.0606073241402527	0.0134763198354821	0.0606073241402527
YOR251C_mRNA	0.500437750945217	0.616656162649499	-0.0419158824440562	0.0622080908578995	6.38494350861297	0.0130625206594583	0.00175586743842797	0.0117377072106877	0.0137235188343107	0.0137235188343107
YOR150W_mRNA	0.500665358550088	0.616806170207827	0.0464172847151174	0.0689253127117173	5.38881861539953	0.017261103179876	0.0044351210715727	0.0134433282439161	0.0145676738580594	0.0145676738580594
YPR003C_mRNA	0.500928539669147	0.616999930679165	-0.0424672011689535	0.0630985755845456	6.08177870470329	0.00969450097408925	0.00245170075008467	0.00741998938640402	0.0134740202131098	0.0134740202131098
YNL086W_mRNA	0.501483428020254	0.617488987297693	-0.174582518735965	0.259734535826164	2.2803875360594	0.259985990202627	0.123442214472136	0.146405901931195	0.107362300718048	0.146405901931195
YNL295W_mRNA	0.501537570870697	0.617488987297693	0.0453984797019561	0.0675499781766479	5.53154879978968	0.00751920235460796	0.00425519277679858	0.00321223204335312	0.0139968054298639	0.0139968054298639
YBR004C_mRNA	0.502656428615219	0.618605059804028	-0.0627762478601576	0.093651735189458	6.06913779256844	0.0337946459603598	0.00254768630399861	0.0325349037119869	0.0134672607273504	0.0325349037119869
YNL335W_mRNA	0.502596773166691	0.618605059804028	0.115732741835811	0.172629922318379	3.87252082166652	0.0427528045860389	0.0859130473250296	-0.0439333474207978	0.0332913129935693	0.0332913129935693
YLR179C_mRNA	0.503526607422255	0.61954509289167	-0.0557682895084	0.083366752950536	7.45018985447651	0.0267760850879767	0.000561272225802442	0.0272387897642604	0.0156750104045097	0.0272387897642604
YJR030C_mRNA	0.503846727147807	0.619808072711808	-0.0441934570348631	0.0661133849275631	5.60969289423483	0.00600954941142288	0.0037298341373554	0.00215095119068561	0.0137540845289651	0.0137540845289651
YNL139C_mRNA	0.504015971428766	0.619885380946589	-0.0863223681411029	0.129189463565587	6.43147906623051	0.0642961056508227	0.00204632237301112	0.0647133476124451	0.0137791952374611	0.0647133476124451
YGR295C_mRNA	0.504574991962978	0.620311015652313	-0.0455169018252001	0.0682096668792112	6.86748426650252	0.0179220292086897	0.00123792026288534	0.0173723143602065	0.0144013836428844	0.0173723143602065
YPL204W_mRNA	0.504553950659862	0.620311015652313	0.050052660690377	0.0750030563116039	7.31023298499224	0.021669783260621	0.000635122792393919	0.0218667110319326	0.0153136201144907	0.0218667110319326
YIL164C_mRNA	0.505434997126708	0.621237192670928	0.0807372934083558	0.121233972779041	4.91322755328917	0.056609593794122	0.00771273402664233	0.0510779705965151	0.0180465992431118	0.0510779705965151
YDR189W_mRNA	0.506358994018098	0.622110396277824	-0.0412448682674962	0.0620673690668095	6.63956594373077	0.0118518184527242	0.00132531505509579	0.0108870220989936	0.0140841181564064	0.0140841181564064
YHR067W_mRNA	0.506256956176984	0.622110396277824	-0.0658771735970131	0.0991115235010935	4.33668100513784	0.0315609782294596	0.014155600397616	0.0184197899907676	0.0251367759652152	0.0251367759652152
YOL072W_mRNA	0.506745777213948	0.622454332289366	0.0432751208699748	0.0651818817458947	5.69178800836171	0.009505022294786	0.00341381558128584	0.00623506942418177	0.0135808952504573	0.0135808952504573
YLR039C_mRNA	0.507151528012397	0.622785562400906	-0.0494231228583327	0.0745132613649495	5.96039424082864	0.0213796828646527	0.00286351367544657	0.0193453908015185	0.0134635701328409	0.0193453908015185
YML092C_mRNA	0.507244162058089	0.622785562400906	0.041379190447697	0.0623993558449083	6.97374613896081	0.00517098476242427	0.000993145286402138	0.00405798484416478	0.0145815731530358	0.0145815731530358
YOL087C_mRNA	0.507336127558308	0.622785562400906	0.0422378526729801	0.063708004648813	7.42605434851166	0.00660267472351241	0.00062249095480468	0.00594207876369451	0.0156123484705281	0.0156123484705281
YML110C_mRNA	0.50767551219159	0.623070894044281	-0.0412406839594971	0.0622537084220806	6.78636712547366	0.00732032479758768	0.00122171727171336	0.00613554672185996	0.0142803795774923	0.0142803795774923
YLR428C_mRNA	0.508036957550489	0.623251908757454	-0.153096086653677	0.231298807345078	2.80721867067885	0.205980359375532	0.0816571019714341	0.132339451145587	0.0707806896848751	0.132339451145587
YOR002W_mRNA	0.507962299582259	0.623251908757454	0.0413353584643843	0.0624388054514016	6.84687824689288	0.00738551673670995	0.00122513279572043	0.00619974603378904	0.0143692849090715	0.0143692849090715
YDR393W_mRNA	0.508273885950157	0.623411296746445	-0.0436679954631159	0.0660108234245245	5.59580466881655	0.00531184684089662	0.00363578999388516	0.00151064767057074	0.0137939252428499	0.0137939252428499
YBR229C_mRNA	0.508517271340317	0.623578535640642	-0.0501696847098151	0.0758826599570999	6.62419438068326	0.022168397443784	0.00136912768521886	0.0216635846434406	0.0140616031134583	0.0216635846434406
YBL059C-A_mRNA	0.508781880002151	0.623771724093546	-0.0811937513641324	0.122883873088723	3.78895951170651	0.0531585491525154	0.0252644421254092	0.0298075961778343	0.0351373429357326	0.0351373429357326
YOR211C_mRNA	0.508919603582092	0.623809301592524	-0.0508815149440237	0.0770324058861896	6.25711173702031	0.0228439494281611	0.00194028537552799	0.0217956808509307	0.0136190142306777	0.0217956808509307
YMR321C_mRNA	0.511008827046004	0.626188038286478	-0.086718989338944	0.131938621964249	3.92580867499156	0.0605735057639344	0.0374493995324758	0.0253021614683201	0.0321818003308239	0.0321818003308239
YOR266W_mRNA	0.511075201176142	0.626188038286478	-0.0492659527569197	0.0749674682867715	5.12286079795222	0.0140799105681335	0.00630184973022678	0.00809030184961708	0.0161786354750856	0.0161786354750856
YIR004W_mRNA	0.511578409967996	0.626672795726144	0.0407445703249104	0.0620744844875412	6.84519310042903	0.00362601723029042	0.00104626566666706	0.00236443279122653	0.0143667008309089	0.0143667008309089
YCR038C_mRNA	0.511983997312608	0.627031006009854	-0.0530830867824641	0.0809499986938198	5.38123478004153	0.0252155856378044	0.00424314817079793	0.0219684609833198	0.0146030943147542	0.0219684609833198
YDR419W_mRNA	0.512175241804038	0.627031006009854	-0.0465523506901847	0.0710230205040632	5.30227715813689	0.00836598343142506	0.00517151147782045	0.00317286466876871	0.0150055662882619	0.0150055662882619
YGR184C_mRNA	0.512246045079418	0.627031006009854	-0.0411022460591706	0.0627185439036824	7.1163015230955	0.00877073952172234	0.000872691952445461	0.00804184478336889	0.0148617710451471	0.0148617710451471
YMR180C_mRNA	0.512301336870392	0.627031006009854	-0.04523795238583	0.0690383299914924	5.39654822260939	0.0116088470162379	0.00453303166077223	0.00732031233203621	0.0145321323712846	0.0145321323712846
YKL040C_mRNA	0.512654039034907	0.627067485076079	0.0421151701717943	0.0643263820052793	5.84862223172946	0.00604460378134467	0.00306306405426793	0.00290652926614446	0.0134884696332885	0.0134884696332885
YLR412W_mRNA	0.512471238686632	0.627067485076079	0.0429069654677709	0.065507358792934	5.67120447404118	0.0136369734593836	0.00355181831664879	0.0105332224796473	0.0136130379074559	0.0136130379074559
YOR055W_mRNA	0.512564599864816	0.627067485076079	-0.174034414532603	0.265762424808836	2.87340709176021	0.271760882028138	0.103764374882557	0.178754290878532	0.0672881769635237	0.178754290878532
YOL067C_mRNA	0.51282173806	0.627140941632569	-0.115473251506965	0.176443118429934	4.57632633335738	0.119782535571069	0.0120270323673459	0.112501663797773	0.021951439959123	0.112501663797773
YOR390W_mRNA	0.513002771414795	0.627230670779139	-0.0984691376542985	0.150525476281335	4.41609465070446	0.0806009683892106	0.0665940859009776	0.0169937599244963	0.0240375901379131	0.0240375901379131
YLR123C_mRNA	0.513816194961552	0.628093401562317	0.193801603912309	0.296828775101143	1.90153060946859	0.0768294639309368	0.205706175815939	-0.134120053512502	0.146723111096241	0.146723111096241
YDR105C_mRNA	0.514884188238955	0.629134916250032	0.0408438873352216	0.0627160029276103	6.23480269986123	0.00374844066934376	0.00213299345814302	0.00140655779253893	0.0136001946347211	0.0136001946347211
YDR468C_mRNA	0.514853267106591	0.629134916250032	0.0416377080462551	0.0639302157555271	5.87838591394884	0.00843399962189478	0.00286334919404017	0.00567773647760563	0.0134849407521528	0.0134849407521528
YNL170W_mRNA	0.515950779710602	0.630305985027043	0.0942561954569423	0.145098873745455	4.22361302440309	0.0809695452407494	0.015385003872239	0.068829728776559	0.0268356153241859	0.068829728776559
YER079C-A_mRNA	0.516827608301896	0.631244789510869	0.180762051087034	0.278849090419356	2.09542271399469	0.16313548712182	0.186122404608277	-0.0206700738672387	0.124904856302533	0.124904856302533
YDR285W_mRNA	0.517289022233013	0.631675926122308	-0.0726535133877138	0.112201009777706	5.11074153547141	0.0484067907571989	0.00643388824921003	0.0439223781313377	0.0162723102073824	0.0439223781313377
YBR298C_mRNA	0.519395066680472	0.633716368268153	0.0431935158738002	0.0670417184116728	7.11992203987064	0.0172773247786134	0.000807977993089688	0.0171703900372704	0.0148694603523799	0.0171703900372704
YDL064W_mRNA	0.519369395673897	0.633716368268153	-0.0543763745843302	0.0843937218919419	5.41493162364664	0.0273783984639406	0.00484086782886427	0.0236483333502335	0.0144498407542615	0.0236483333502335
YDR464W_mRNA	0.519213340179686	0.633716368268153	-0.0559257617970508	0.0867659993330197	6.16308389798081	0.0289398484789831	0.00218937993024466	0.0279239746307856	0.0135356211262086	0.0279239746307856
YGL178W_mRNA	0.519301899133497	0.633716368268153	-0.083940364717924	0.130256850577416	6.14363635854196	0.0652218252111576	0.00229770587426679	0.0655696826151226	0.0135188086783273	0.0655696826151226
YJL057C_mRNA	0.519589692163517	0.633821094335144	0.0414355850390502	0.0643431673852701	5.89195583914454	0.014148550410769	0.0030770214408366	0.0115915946542649	0.013483151315839	0.013483151315839
YGL258W_mRNA	0.520358428984901	0.634625959235092	0.106030252773343	0.164952408580011	3.06359096668413	0.0954770177131589	0.0505115584119305	0.04857312785126	0.0583256299734565	0.0583256299734565
YKL210W_mRNA	0.521585209457878	0.635988997551611	0.0535511541900409	0.0835556866738267	7.97452299881408	0.0268291906593524	0.000374913785324844	0.0275512973168139	0.0170635709540374	0.0275512973168139
YDR045C_mRNA	0.521820030571701	0.636142184162111	0.0802341113552736	0.125259640698759	4.08235132149313	0.0602925863617921	0.0194714957650607	0.043288414586868	0.0292019344757104	0.043288414586868
YDL166C_mRNA	0.522090162344151	0.63620524698118	-0.0812324645406775	0.126900582264959	5.97465315801475	0.0618803525877201	0.00269992497620582	0.0617151061405365	0.0134572642774861	0.0617151061405365
YER033C_mRNA	0.521981975931761	0.63620524698118	0.0734869131908064	0.114770715676629	5.59415707405392	0.0506167378366057	0.00412620130451138	0.0485630674031911	0.01379874368332	0.0485630674031911
YHR023W_mRNA	0.52306873114468	0.637264413979277	-0.100953995036154	0.158080934117432	6.16142262738623	0.0960122275610447	0.00250445636057894	0.0974538705651804	0.0135341543611476	0.0974538705651804
YDR332W_mRNA	0.523440065178254	0.637386768107923	0.0430679532548487	0.0674991654976272	5.51695006896921	0.0107985139294853	0.00417722397979349	0.00686265563106591	0.0140473253917107	0.0140473253917107
YFL005W_mRNA	0.523362478548923	0.637386768107923	0.0580920242116636	0.091028954645663	7.11412124874009	0.0318353257203624	0.000841412617399111	0.0323036697181296	0.0148571542366688	0.0323036697181296
YOR301W_mRNA	0.523497371334777	0.637386768107923	0.0424106846591323	0.0664782195544434	5.73951337666516	0.0169785647000158	0.00340703078217917	0.0142703839183359	0.0135293611133513	0.0142703839183359
YDL140C_mRNA	0.52425989999874	0.638181817257138	-0.0699550633414308	0.109855320926853	8.26956182471031	0.0463595713040775	0.000281652140375256	0.0479911140033924	0.017862775214038	0.0479911140033924
YOL071W_mRNA	0.524565191283265	0.638420055236328	0.0491068994979293	0.0771727779305781	5.03051892753435	0.014700021134354	0.00688449305629838	0.00817653313670951	0.0169380575577909	0.0169380575577909
YJR135C_mRNA	0.524837229580158	0.638617731732247	0.0744990818792964	0.117154105822375	3.89592981034493	0.0258679434987575	0.02210271479929	0.00402719232056203	0.0327976232448713	0.0327976232448713
YLL017W	0.525783753818413	0.63963586338402	0.142388695181027	0.224426690792627	2.46230501013761	0.187018227001005	0.108733085742964	0.0858508601822972	0.0927362724175532	0.0927362724175532
YNL038W_mRNA	0.526665280717213	0.640571058617927	0.0513994220599721	0.0811862919154492	5.33964994665054	0.0253117057380871	0.00486487486889192	0.0214999811110302	0.0148072332250645	0.0214999811110302
YOR138C_mRNA	0.526772389604958	0.640571058617927	0.039295874590999	0.0620846101715148	6.83631128929055	0.0125826095855508	0.00106481187799116	0.0119753653179928	0.0143531834026047	0.0143531834026047
YNL197C_mRNA	0.526897143325667	0.640589056138425	-0.0954694488304462	0.150880287764073	6.67096999347916	0.0874193261228699	0.00139147122722229	0.0896679737158557	0.0141285184798957	0.0896679737158557
YLR110C_mRNA	0.527178527511441	0.640797434024964	-0.0583121099029372	0.0922194663704711	10.489671977332	0.0326566191595986	2.83795088024855e-05	0.0339893404018153	0.023738780454816	0.0339893404018153
YNL253W_mRNA	0.527432491908478	0.640972402557112	0.0430218261656395	0.0680800292998699	5.45510442270729	0.00356983015456032	0.00425890043474594	-0.00096290456246746	0.0142806611231386	0.0142806611231386
YJR014W_mRNA	0.527673001686406	0.641130950537018	-0.0399762780857496	0.0632974533784858	6.65100483477706	0.015384013138243	0.00134000216591655	0.0146862682508898	0.0141005675305666	0.0146862682508898
YLR166C_mRNA	0.52786593734435	0.641231641152665	-0.0398558438268488	0.0631362666122891	6.03248607567933	0.0142798301273564	0.00249076298338763	0.0123552012138799	0.0134539896635646	0.0134539896635646
YDR294C_mRNA	0.528015756853964	0.64127992483452	-0.039778928734219	0.0630373072743507	7.26238395777564	0.00286580829175343	0.00070024993193934	0.00191815518887017	0.0151945585016643	0.0151945585016643
YBR003W_mRNA	0.528553934613239	0.641799754701278	-0.0390919843784771	0.0620296012318495	6.43673597083283	0.00577184915050331	0.00160467217912854	0.00414282812708299	0.0137860135368005	0.0137860135368005
YER076W-A_mRNA	0.530544264973926	0.644082285421566	-0.176641719305111	0.281646439870224	2.04946334564639	0.21681061040446	0.187562088067355	0.0358200525091192	0.129736780298933	0.129736780298933
YKL222C_mRNA	0.530687836934825	0.644122362079643	0.071829563964441	0.114568680902755	5.10052691659128	0.0503795315393291	0.00646299400931974	0.0460409365658695	0.0163526930881551	0.0460409365658695
YOR115C_mRNA	0.531324263785852	0.644760500065898	-0.0410840327859407	0.0656309354521452	5.65422407693061	0.00736044329819439	0.00358482182544751	0.00381911092263041	0.0136448569278471	0.0136448569278471
YEL007W_mRNA	0.531665870270435	0.645040683089453	-0.0390141372876298	0.0623762053018508	6.82255147161463	0.0121398981238847	0.00123058207278976	0.0113415650861444	0.0143325818786448	0.0143325818786448
YKL020C_mRNA	0.531805442176079	0.645075683139254	0.0388134238817803	0.0620764133085131	6.58075164144141	0.00734722856096457	0.00141767607486437	0.00602393113376145	0.013996248282133	0.013996248282133
YHR013C_mRNA	0.532181529701993	0.645263182527328	-0.0388644854762932	0.0622150957297333	6.41097013896549	0.00894365393102178	0.00172931066529845	0.00742161905184296	0.0137535618813411	0.0137535618813411
YOR382W_mRNA	0.532175702800309	0.645263182527328	0.09536588409117	0.152661568241257	7.96976637213229	0.0894326436530155	0.000346477646660383	0.0928757400248592	0.0170507722054873	0.0928757400248592
YNL271C_mRNA	0.532701813374777	0.645759626450572	0.0576851843050987	0.0924609527272232	7.24778121798012	0.0328037251726598	0.000735349343148661	0.0334607617737545	0.015159212161862	0.0334607617737545
YDR337W_mRNA	0.53287220305668	0.645831798420682	0.0398875035333032	0.0639604561024046	5.83808009911057	0.00688920892234285	0.00287384795428434	0.00405287219447743	0.0134899118250261	0.0134899118250261
YGL190C_mRNA	0.533854071480426	0.646887233869584	0.038733885107992	0.0622597617454206	6.97822185796049	0.00399031591851748	0.000915410949777229	0.00293126643276034	0.0145897007806089	0.0145897007806089
YIL177C_mRNA	0.534110015938352	0.646953266771458	-0.570648195551679	0.917818135084802	4.14405533714573	3.2317603120944	1.86640898630279	1.50315153005939	0.0281330622803657	1.50315153005939
YML031W_mRNA	0.534130657942106	0.646953266771458	0.0387387294569393	0.0623096746652465	6.97672574629317	0.00747704251121992	0.000943003126864237	0.00663934551803201	0.0145869791006912	0.0145869791006912
YNL272C_mRNA	0.534244506390856	0.646956660617985	0.0385237896775895	0.0619812098223996	6.46063004338564	0.00398316533527329	0.00154855166442591	0.00229510194590314	0.0138181298197674	0.0138181298197674
YJR127C_mRNA	0.534415180952157	0.647028853746315	0.0395355001976606	0.0636355234194992	7.39208343905945	0.00802234666329991	0.000673555098892123	0.00747522896153512	0.0155243642646024	0.0155243642646024
YDL089W_mRNA	0.535442336631194	0.647734022677188	0.0471160211967922	0.0760279532887287	5.55500251167698	0.0221715773309974	0.00428215084634962	0.0188388478787428	0.013919133785779	0.0188388478787428
YDR470C_mRNA	0.535248018164669	0.647734022677188	0.0401907740764119	0.0648222778191663	5.7212859129631	0.00743383554202884	0.00326206607702628	0.00424124391204432	0.0135456447296345	0.0135456447296345
YER158C_mRNA	0.535420186155558	0.647734022677188	0.0440864036446262	0.0711354019835755	5.76100114200831	0.0194098791470467	0.00331570924858192	0.0169252724128776	0.0135147060634104	0.0169252724128776
YPR050C_mRNA	0.535263974537679	0.647734022677188	0.0732410121644349	0.118132455510174	4.49534277752886	0.0535301665309221	0.0275746169105754	0.0282464912688781	0.0229966884741573	0.0282464912688781
YLR023C_mRNA	0.535791489517868	0.647887342866563	0.0504952151707289	0.0815504952601818	6.38206644588402	0.0255084087028457	0.0017760393436859	0.0248258937650379	0.0137203861724407	0.0248258937650379
YPL130W_mRNA	0.535716430300761	0.647887342866563	0.227697196797913	0.367666567104598	3.09834374381901	0.518492767296092	0.0665080021093553	0.474206816156564	0.0568452321260538	0.474206816156564
YGL132W_mRNA	0.536126155251342	0.648157497508678	-0.152322349515408	0.246204764340561	2.21820395662892	0.0674729501541444	0.129530350538344	-0.0638670748480163	0.11293679339762	0.11293679339762
YAR073W_mRNA	0.536412216952952	0.648368791694585	-0.175079175230407	0.283186233907129	2.2642929543805	0.191520054036945	0.212002472347545	-0.015560333764921	0.108775299950468	0.108775299950468
YKL130C_mRNA	0.53682859012084	0.64873747480689	-0.0538616851050352	0.0872090387431732	5.29172411468023	0.029167176336392	0.00524332901676833	0.0251783367372648	0.0150642219436611	0.0251783367372648
YOR061W_mRNA	0.53699147479449	0.648796955191093	0.0387109328284832	0.0627030889433262	7.12142051760816	0.00437726752990297	0.000854058307073478	0.00340771795483648	0.0148726511450652	0.0148726511450652
YPL049C_mRNA	0.537100534652702	0.648796955191093	-0.0580710084902929	0.0940873024392737	7.47655905264366	0.0339483010003388	0.000568537968365847	0.0348411439528316	0.0157436128565205	0.0348411439528316
YDR445C_mRNA	0.537794701090099	0.649500814376227	0.118838516435671	0.19287231309261	3.19134932346149	0.142645013652358	0.0477194307342369	0.101079485896538	0.053100319007458	0.101079485896538
YBL006C_mRNA	0.537980298142669	0.649590304037138	-0.0583848192299158	0.0948005515367073	6.52191058458939	0.0344610162986145	0.00141596953893719	0.0345326087477184	0.0139068757428285	0.0345326087477184
YJR112W_mRNA	0.538472232651125	0.650049570539879	0.0720330131323999	0.117103066349157	4.79424424195243	0.0525793464155152	0.00864083766559137	0.0462116749279085	0.0193186913304686	0.0462116749279085
YDR394W_mRNA	0.539224490166665	0.650822846428628	-0.0399075950455827	0.0649975510014737	7.74584036222747	0.0136812922977405	0.00044666504241624	0.0137568292359279	0.0164520615023405	0.0164520615023405
YJL072C_mRNA	0.539450228728955	0.650825643523482	0.052569084839715	0.0856669935124768	4.75095421966603	0.0171254096061453	0.00954133052961644	0.00801774871100065	0.0198140045802505	0.0198140045802505
YPR022C_mRNA	0.539351607265499	0.650825643523482	-0.0383342520671852	0.0624546113788889	6.28432198060141	0.00886634981832298	0.00196260450923472	0.00711719461566834	0.0136397094207174	0.0136397094207174
YDR093W_mRNA	0.540177721736795	0.651568407212954	0.0395731137723624	0.064604496574524	7.65929937564837	0.011913300238249	0.000472072721338864	0.0118447400100306	0.0162228911892518	0.0162228911892518
YIL059C_mRNA	0.540909941506887	0.652316563696776	0.0930936285027831	0.152253695500594	3.70569981699719	0.0888541474074779	0.0286625638514449	0.0640621873229059	0.0371145190547493	0.0640621873229059
YNL317W_mRNA	0.542299563606009	0.653857048337875	0.0395009034685941	0.0648257933559499	5.7774055481505	0.00267220251582818	0.00330320762862803	-0.000885939611622164	0.0135063263082852	0.0135063263082852
YCR012W_mRNA	0.542809780746005	0.654221006051218	-0.0486553450499089	0.0799503418955226	11.1258879414133	0.0244949714589009	1.79436913899482e-05	0.0255502849854539	0.0251450504182449	0.0255502849854539
YDL016C_mRNA	0.542826011543356	0.654221006051218	0.196352358301082	0.322658685802401	1.67365561380737	0.259340502160014	0.23867547846478	0.0281738456751221	0.17775903163015	0.17775903163015
YIL001W_mRNA	0.543419930398719	0.654801347363585	-0.0485503046724168	0.0798985282324093	5.00372592326444	0.0244613278601749	0.0068061863481974	0.018728912906623	0.0171775664789038	0.018728912906623
YOL091W_mRNA	0.544594347520556	0.656080783427369	0.0979161114623731	0.161609705992103	3.56139130519253	0.100062753033565	0.029509179347927	0.0749616089354888	0.0408994066999083	0.0749616089354888
YPR099C_mRNA	0.544798098748221	0.656190556813549	0.0843796496179197	0.139338444501335	4.55188708029981	0.0743820679718305	0.013417205673352	0.0642436027908542	0.0222643547110869	0.0642436027908542
YDL065C_mRNA	0.545181119908109	0.656516164651642	0.0376581795294355	0.0622452536062442	6.22312498187276	0.0110391150603075	0.00190799285348711	0.0095144480009934	0.0135898935325355	0.0135898935325355
YMR039C_mRNA	0.545352177665385	0.656586440809781	0.0380041731950685	0.0628438868559034	7.19152738659356	0.00459094559201229	0.000770048142646426	0.00373616008301224	0.0150273683179839	0.0150273683179839
YJL118W_mRNA	0.545812848298332	0.65700530045167	-0.0631332424279829	0.104517220872384	4.79334678400066	0.0418452529930357	0.00926334785470324	0.0344320499808435	0.0193287954259936	0.0344320499808435
YLR297W_mRNA	0.54597058034198	0.657059409434492	-0.0923695408247786	0.152978057989333	3.3696726062425	0.0896437704636825	0.0377714333641494	0.0558377115406017	0.0467256513291177	0.0558377115406017
YJL097W_mRNA	0.546585761214	0.657663908474342	0.0377289200672296	0.0625807132294369	6.2462670421682	0.00286685622878839	0.00205535044704446	0.000609575109674702	0.0136100322261756	0.0136100322261756
YPL111W_mRNA	0.546971832957588	0.657992545697069	0.048868314646832	0.0811356371848078	6.76680663468858	0.0252133319668823	0.00114987373210428	0.0251820927534348	0.0142533528222367	0.0251820927534348
YGL139W_mRNA	0.547815275616164	0.658871138674602	0.0408913329730805	0.0680346236833369	6.39763478295479	0.0177264110369549	0.00169547681936756	0.0168193632595655	0.0137377965188985	0.0168193632595655
YHR167W_mRNA	0.54865658850239	0.659746807970057	0.0559904639446845	0.0933525385684042	4.49184463921483	0.0188553173336446	0.0118164863542483	0.00748994448815913	0.0230422994744132	0.0230422994744132
YHR058C_mRNA	0.548798003542722	0.659780678629776	-0.0411848905264428	0.0686915990132494	5.39553580841324	0.0136564634849388	0.00433738751063431	0.00980991044960721	0.0145367555893539	0.0145367555893539
YBR107C_mRNA	0.549553153631206	0.660552232939016	0.0466283201416394	0.0779177712700823	4.99153583080985	0.00689978555663219	0.00699542627431982	-0.000223998960565716	0.0172892900444676	0.0172892900444676
YDR075W_mRNA	0.550033582206512	0.660993327131835	0.0731091469673977	0.122315455434408	4.95490784590677	0.0572799830144193	0.00808900910705145	0.0517552734454548	0.0176351183141425	0.0517552734454548
YGL230C_mRNA	0.550484961288984	0.661399336867317	0.155234891058065	0.260010318135562	2.22964947724937	0.108611034181211	0.158534296485521	-0.0490504374061687	0.111887165662304	0.111887165662304
YMR296C_mRNA	0.551049740589224	0.661941399726355	-0.0479387562434674	0.0804088109826928	7.75608921162038	0.024750986859007	0.000426467970432574	0.0254358395641691	0.016479288611076	0.0254358395641691
YNL202W_mRNA	0.551565119191994	0.662423909382098	0.0662228645154695	0.111221082878343	4.16366276493004	0.0286177515202817	0.0216754554316056	0.00773343040165787	0.0278050616749197	0.0278050616749197
YBR233W-A_mRNA	0.552052856467174	0.662466719511699	0.161985475983869	0.272387885323499	2.12294911531267	0.231183600548252	0.174675287307443	0.0655244863000496	0.122105352976588	0.122105352976588
YDR282C_mRNA	0.551991668265877	0.662466719511699	0.0557206996094957	0.0936831399526606	4.80958057030853	0.033593660353181	0.00898499531932237	0.0261211275262368	0.0191471409231906	0.0261211275262368
YGR156W_mRNA	0.551859538686837	0.662466719511699	0.0387333960787649	0.0651007746677755	5.72457367756817	0.0080637721528074	0.00341002297680677	0.00480108262354563	0.0135424204725711	0.0135424204725711
YLR379W_mRNA	0.552055599593083	0.662466719511699	0.0980571304762981	0.164889836761493	4.33200376623939	0.104068377754264	0.0145938797811414	0.0941607532877853	0.0252038567261593	0.0941607532877853
YDR248C_mRNA	0.552553701634852	0.662927896566031	-0.0552356488169421	0.0929990427792014	4.9395065840721	0.0331025291493592	0.00730432781236139	0.0272909600190296	0.0177849781146665	0.0272909600190296
YMR214W_mRNA	0.553016513480204	0.663346552920664	-0.0368650147328953	0.0621411910646967	6.69411051450153	0.00889304288888235	0.00128665532774199	0.00785331082141579	0.0141594551800146	0.0141594551800146
YDR256C_mRNA	0.553862872907468	0.664225009789812	-0.0404225636350428	0.0682834734724325	5.47072093293514	0.00566718598699984	0.00443181664167197	0.00117331587273388	0.0142187143561696	0.0142187143561696
YGL043W_mRNA	0.554241892251593	0.664542758645355	-0.0370478763052157	0.0626426951267218	6.21671734220743	0.00620345449667692	0.00211227772710531	0.00414212490826953	0.0135841512838523	0.0135841512838523
YIL008W_mRNA	0.554437694554293	0.66464074248422	0.0741667029132665	0.125467362638931	3.73278328306992	0.0396889217974206	0.0265126087569948	0.0144396075056631	0.0364556275932812	0.0364556275932812
YDR353W_mRNA	0.554861744755444	0.665012245411483	-0.0400358977694324	0.0678010684751686	8.37186901852091	0.00996469191668201	0.000246046557494013	0.00997244532174973	0.018141892988004	0.018141892988004
YIL138C_mRNA	0.555920269409271	0.66614386869157	-0.0571404108654352	0.0970270691773848	5.65795594931341	0.0360172151194701	0.00374164548918505	0.033915363123427	0.0136374277190601	0.033915363123427
YKL192C_mRNA	0.556638786092762	0.666867688212303	0.0580966306387502	0.0988304592844712	6.14804291979645	0.037365241078637	0.00208511014426152	0.0369847285852566	0.01352254181441	0.0369847285852566
YKR064W_mRNA	0.557248511268097	0.667460901860184	-0.0392880046489795	0.0669377685133591	5.71059502286011	0.0171394280690589	0.00339077502592693	0.0145318843882653	0.013557065177954	0.0145318843882653
YER050C_mRNA	0.5580210205898	0.668248811090684	-0.0425517818075945	0.0726408009257272	5.21394229992426	0.0189258035268583	0.00557207131943838	0.0141882455636238	0.0155346725170862	0.0155346725170862
YLR429W_mRNA	0.558341600905782	0.668495307619623	0.0375860527221145	0.0642160107661804	7.56172191328235	0.0142447595766254	0.000528630726236384	0.0143299798603681	0.0159661534286524	0.0159661534286524
YBR228W_mRNA	0.559352417613072	0.66945472192167	0.0416785731259845	0.0713914218085563	5.33429612007855	0.0194910386580478	0.00479495976858876	0.0155919806628001	0.0148347634493386	0.0155919806628001
YHR200W_mRNA	0.559372740527753	0.66945472192167	0.0390162750833752	0.0668346167978068	7.49240537903687	0.0170822383350712	0.000635069611361002	0.0172323943986777	0.0157849088819762	0.0172323943986777
YKR042W_mRNA	0.560768926260729	0.670987834133294	0.0538939314790965	0.0926490506404425	9.44608533659911	0.032820908809154	8.25586627292546e-05	0.0342528276755718	0.0210743627044135	0.0342528276755718
YNL164C_mRNA	0.560907485307201	0.67101581301843	0.0683574585054756	0.117554859242067	4.84896745910186	0.0528375389795301	0.00801710079419493	0.0472594789314937	0.0187165185187726	0.0472594789314937
YBR083W_mRNA	0.561610163656481	0.671580626736999	-0.0364355198892628	0.0627709946107402	6.12466963807888	0.0101521185117611	0.00225739176140699	0.00824057889845106	0.0135033992962793	0.0135033992962793
YBR215W_mRNA	0.561600971088138	0.671580626736999	0.0550813374225946	0.0948917190649042	5.89357454859127	0.0344256241577492	0.00299537505320853	0.0330223783351623	0.0134829147365116	0.0330223783351623
YEL019C_mRNA	0.561950588018584	0.671849810341939	0.09797102811606	0.16893110125486	3.26598895515027	0.109100362652435	0.0446054395352109	0.0695454283495077	0.0503097600457022	0.0695454283495077
YLR116W_mRNA	0.562156545898131	0.67195815272928	-0.0432475548725996	0.0746108946762969	6.09011979787628	0.0212814265237395	0.00247535937761255	0.0197917830399773	0.0134790062296444	0.0197917830399773
YLR342W_mRNA	0.562429523904069	0.672146544874894	-0.0477455492274944	0.0824284023080613	8.96778810173915	0.0259738182852986	0.000138479385241001	0.0270392866429975	0.0197751936983242	0.0270392866429975
YJL081C_mRNA	0.562820803302926	0.672476210016991	-0.035831714926143	0.0619222273408906	6.36612106967968	0.012806861194633	0.00163368712026016	0.0117211179326899	0.0137037618351676	0.0137037618351676
YPL010W_mRNA	0.563111831137632	0.672685980768473	-0.0378809696704314	0.0655124418799895	6.10963480563108	0.0164056769168742	0.00216447337557302	0.015003046788743	0.0134921144515311	0.015003046788743
YOR151C_mRNA	0.563444197491966	0.672945037840959	-0.0408570255946782	0.0707195275670481	8.04223226218372	0.0191164849735292	0.000317177999195366	0.0196878283180305	0.0172460845345589	0.0196878283180305
YDL226C_mRNA	0.563560352472353	0.672945811335096	-0.0358535201171022	0.0620774299616328	6.75973599871458	0.00631491061516152	0.00117063965795554	0.0052280574569211	0.0142437895846102	0.0142437895846102
YKL093W_mRNA	0.563732526877655	0.673013463440414	0.0430702047505323	0.0746054585722177	5.12407152607672	0.0180030075989876	0.00609451883546766	0.0126644057242325	0.0161693789596159	0.0161693789596159
YOL044W_mRNA	0.564228284281231	0.673467319037585	0.0442175148232712	0.0766902951919853	5.03803276495999	0.0222178745971323	0.00665320249264727	0.0165930378279527	0.0168724030138881	0.0168724030138881
YKL132C_mRNA	0.564636601698146	0.673678648677738	0.0444595636849326	0.0771909893489453	5.00457738944666	0.0222420753742692	0.00666396879145081	0.0166020683086792	0.0171698265552251	0.0171698265552251
YML095C_mRNA	0.564617285670512	0.673678648677738	-0.0656878253801466	0.114041979829345	3.94283172734919	0.0322414818336388	0.0201843197377131	0.0131272992545649	0.0318379729158735	0.0318379729158735
YER164W_mRNA	0.565106593225453	0.673687540849497	0.0475603948495835	0.0826744595647604	6.89581882035412	0.026120778362347	0.00115506214820494	0.0261852029090959	0.0144470312357212	0.0261852029090959
YGR172C_mRNA	0.564840548791636	0.673687540849497	-0.0368501049627124	0.0640129275406532	5.87469639424219	0.00658922560265023	0.00290523524173481	0.00376666926517246	0.0134853843275649	0.0134853843275649
YJL105W_mRNA	0.565027612031211	0.673687540849497	-0.0530111821314519	0.0921308824337797	4.53845287406686	0.0126645071903453	0.0115150116690585	0.00125119305460462	0.0224373863230493	0.0224373863230493
YPL172C_mRNA	0.565088452540018	0.673687540849497	-0.0370726370296961	0.0644405353480917	5.88606012807558	0.0140948803288685	0.00312636384953562	0.0115826135267277	0.013483966534259	0.013483966534259
YPR153W_mRNA	0.566242887880237	0.674904063991461	0.138541327153217	0.241532232819631	2.60225022382504	0.22291284592029	0.109890455744203	0.123460822219144	0.0830038703922843	0.123460822219144
YOR014W_mRNA	0.566630976729801	0.675228486485543	-0.0550994207769546	0.0961561478486775	7.21861967063471	0.0353280034499494	0.000791778142374633	0.0361922409340123	0.0150900092940601	0.0361922409340123
YFR010W_mRNA	0.567309506164443	0.675898810411871	0.0358578464956792	0.0626865258459033	7.13817040681835	0.0125061614544227	0.000809753591322953	0.0122223379226135	0.0149086484991934	0.0149086484991934
YGL212W_mRNA	0.567641612926717	0.676156212821724	-0.0550398026114039	0.096302854885639	4.81245096506715	0.0354316634397985	0.00856604211726022	0.0285309173192375	0.0191152695977998	0.0285309173192375
YLR021W_mRNA	0.568786709828915	0.677325370476426	0.0409764593282565	0.0719088006400799	5.27817678761237	0.0112113737289421	0.00554222261720481	0.00599022917263877	0.0151412798207742	0.0151412798207742
YNR005C_mRNA	0.568855653577266	0.677325370476426	0.115058327807786	0.201949667352576	2.86071207184173	0.134180811118098	0.095192503860587	0.0447902455379683	0.0679421687146768	0.0679421687146768
YGR292W_mRNA	0.56962814979735	0.678089926431629	-0.0652968201487121	0.114838038978295	5.16269455719568	0.0503713406588957	0.0224859657798767	0.0302651350056448	0.0158838960299401	0.0302651350056448
YJL161W_mRNA	0.569846941264891	0.678089926431629	0.0617697720053245	0.108696603208855	4.40275662591348	0.0451266203790918	0.0141893044584413	0.0330705017381313	0.0242170656652003	0.0330705017381313
YOR069W_mRNA	0.569845961434123	0.678089926431629	-0.0388744683875913	0.0684074393788096	6.33197327280241	0.0178734167908093	0.00185749257432036	0.0168608184751417	0.0136727519222588	0.0168608184751417
YPR131C_mRNA	0.571286978876303	0.679664680198763	0.0424918283729759	0.0750530676733178	5.13918947328775	0.0144257879238742	0.00647649047564973	0.00846383787750736	0.0160553613930528	0.0160553613930528
YBL077W_mRNA	0.572023922646945	0.680115933508108	-0.0484215082832392	0.0856906707294615	6.31597929865938	0.0280386979107557	0.00191156501422538	0.0274599991860346	0.0136606072444923	0.0274599991860346
YKL011C_mRNA	0.572088887685245	0.680115933508108	-0.0580764454174643	0.102794214161742	4.74933386971477	0.0403482613397729	0.00905977779530474	0.0332068240652154	0.0198328497858238	0.0332068240652154
YLR148W_mRNA	0.571822810865467	0.680115933508108	-0.0511683608396881	0.0905043636302182	5.63519335818682	0.031278069028419	0.00359153891863003	0.029172620425813	0.0136868013114518	0.029172620425813
YPR040W_mRNA	0.572133228651431	0.680115933508108	0.0358520570956159	0.0634647882770065	5.96446629164709	0.00894811972088877	0.00264957252427322	0.00657045003439695	0.0134615448799078	0.0134615448799078
YDR206W_mRNA	0.572551110471823	0.680335053968762	-0.0374536037032148	0.0663719897789451	6.61878571384931	0.0168203058163698	0.00143486050260968	0.0161861036062559	0.0140535856136884	0.0161861036062559
YHR154W_mRNA	0.572440317362811	0.680335053968762	-0.0600279030367628	0.106345495404758	5.7839060038282	0.043182520171562	0.00337209226323742	0.0418653653082958	0.0135035842388412	0.0418653653082958
YDR174W_mRNA	0.573432985328463	0.680966280579622	-0.0357341470823813	0.0634706396321976	7.4019601954998	0.00526935774051035	0.000564169361865368	0.00471673414076564	0.0155499190194158	0.0155499190194158
YLR267W_mRNA	0.573318857123596	0.680966280579622	-0.0835466369359109	0.148350547228724	5.31409403383207	0.0840241143003111	0.00548455495720909	0.0825469844950383	0.0149412878450958	0.0825469844950383
YML014W_mRNA	0.573218524846925	0.680966280579622	-0.0482180402452639	0.0855965201875513	6.00240902221722	0.0279732477760384	0.00263192273648122	0.0266751343363903	0.0134515082979578	0.0266751343363903
YDR508C_mRNA	0.573713267152808	0.681160280096242	-0.0508482980495715	0.0903823159494054	7.64490723883597	0.0311869418463552	0.000472474629632887	0.0322033775158797	0.0161849104447345	0.0322033775158797
YER121W_mRNA	0.574295710341425	0.681712878657119	0.0979290305460106	0.174332749430208	2.9544275539802	0.0515318098724855	0.0582835374067442	-0.00581091112156151	0.0632840926888392	0.0632840926888392
YOR040W_mRNA	0.574636698843436	0.68197869371804	-0.0423126265819668	0.0753918679290359	5.07770977983766	0.0113237596516334	0.0061988096881101	0.00542225897627858	0.0165369253112067	0.0165369253112067
YJR033C_mRNA	0.574948283772315	0.682070596875892	0.044983289414283	0.080215733408706	6.21685793375191	0.0245619708625818	0.00215192694139873	0.0235863286037876	0.0135842778203292	0.0235863286037876
YNL045W_mRNA	0.574888958613746	0.682070596875892	-0.0348281924427505	0.0620971831454601	6.77005198635442	0.0106671382555803	0.00116646167639915	0.00991604274348568	0.0142577789420041	0.0142577789420041
YPR172W_mRNA	0.576100761773686	0.683298664106982	-0.0404918382774834	0.0724246317696651	5.33897491503365	0.0200197789292512	0.00476977334485142	0.0162115358030349	0.014810688359843	0.0162115358030349
YER155C_mRNA	0.576346941589994	0.683451512660962	-0.0377943984350999	0.0676435694530175	7.30703349392529	0.0174633470373077	0.000684617272601386	0.0176179926807794	0.015305503841118	0.0176179926807794
YDR519W_mRNA	0.578210195140502	0.685425247633213	0.0412517074203448	0.0741935896218047	5.16351869769611	0.015876111120838	0.00614074155316581	0.0103831765434195	0.0158780134107093	0.0158780134107093
YJR105W_mRNA	0.578246668746522	0.685425247633213	0.0411047473889259	0.0739363683241999	8.25598999870953	0.0208591498964031	0.000270758990840507	0.0215955872530465	0.0178258120435268	0.0215955872530465
YBL011W_mRNA	0.578411292901751	0.685480917910008	0.0349390624066295	0.0628731933616557	7.16438087694991	0.0079184712526077	0.000845957110568594	0.00728933692240984	0.0149661966634	0.0149661966634
YPR071W_mRNA	0.578671659645972	0.68565000795148	0.0542300999287404	0.0976545208442218	4.35017812904215	0.0222281062325378	0.0132009321345674	0.00977463776078571	0.0249446896306908	0.0249446896306908
YDL239C_mRNA	0.579740094271004	0.686484758671071	-0.0841754562183968	0.152005900087161	4.9722085806876	0.0881510983167703	0.0076754087844161	0.0847477658608163	0.017469895546653	0.0847477658608163
YER076C_mRNA	0.579825633240457	0.686484758671071	0.0469789047551903	0.0848546941126138	5.39323363924557	0.0274697293528615	0.00473965501426117	0.0240616214375198	0.0145473043030309	0.0240616214375198
YGL006W_mRNA	0.579847493549664	0.686484758671071	0.040456671986799	0.0730782587694223	7.58910397960697	0.0203740770600098	0.000533803396711053	0.0208279242223715	0.0160380144224374	0.0208279242223715
YGR020C_mRNA	0.579797421882407	0.686484758671071	0.0375448400983862	0.0678095582079397	5.92426040668601	0.0175422724263992	0.00284316305952344	0.0155493816779004	0.0134768571798768	0.0155493816779004
YJL032W_mRNA	0.580931476204176	0.687488681772401	0.178626265065226	0.323583866075942	1.68314615674145	0.168528718491597	0.242491089597252	-0.0710409890908701	0.17633498394136	0.17633498394136
YNL214W_mRNA	0.580839839839361	0.687488681772401	0.0675072741204593	0.122260705134471	4.24308402357684	0.0570199339570313	0.0153111174003523	0.0444796026795598	0.0265312773554044	0.0444796026795598
YPR146C_mRNA	0.581136321496557	0.687591431567617	0.0957961811683783	0.173630096980634	2.92827076489252	0.108123593497684	0.0560442879397866	0.0571804455716052	0.0645453543702302	0.0645453543702302
YDR380W_mRNA	0.581659444422827	0.687930962892283	0.0388000671447559	0.0704223492747552	5.82259464381298	0.0189161992249856	0.00314998945037439	0.016687239659128	0.0134925298527735	0.016687239659128
YJR107W_mRNA	0.581564646776787	0.687930962892283	0.0451308765428672	0.0818922506965234	5.39295856418025	0.0255801509748051	0.00490933979224858	0.0219160231043204	0.0145485680484395	0.0219160231043204
YNL053W_mRNA	0.582396314620354	0.688662660640995	-0.0503816935053748	0.0916217655859452	5.84977376147064	0.0320165296127125	0.00289833255315533	0.0306798591631882	0.0134883236277813	0.0306798591631882
YDL165W_mRNA	0.582647622173989	0.688820017610727	0.0388604593602742	0.0707169058905851	5.37540543741007	0.0167649190717399	0.00537282949831058	0.0121581165637846	0.0146306936166409	0.0146306936166409
YPR087W_mRNA	0.583896145287033	0.690156003741581	-0.0617697137713475	0.112779667002475	4.00930323816184	0.0478715917124847	0.0203343795846477	0.029866469381759	0.0305426335721093	0.0305426335721093
YEL037C_mRNA	0.58424796226271	0.69043177041431	0.035142918277949	0.064224301477259	7.57405415706976	0.00659321083930411	0.000500543828126741	0.00621074644110179	0.0159984997728407	0.0159984997728407
YOL149W_mRNA	0.584414314551558	0.690488297825466	-0.0432172384101499	0.0790152299058433	5.73552817945508	0.0238067790652868	0.00356787783846502	0.0214057483898281	0.013532598510218	0.0214057483898281
YMR282C_mRNA	0.584916208042113	0.690941165460939	-0.0369349933545182	0.0676195301617089	5.50773468637674	0.00976930104689294	0.00420951133082976	0.0058678272953846	0.0140800921063313	0.0140800921063313
YLR163C_mRNA	0.58513808856645	0.691063146966985	0.0343916371158852	0.0630004573137646	6.2092216855251	0.00513641287329815	0.00229885386219982	0.00286650715818797	0.0135773766247741	0.0135773766247741
YPL199C_mRNA	0.585867825013865	0.691784748384836	-0.0339280739238278	0.0622723360579489	6.28696482654459	0.00971859556127206	0.00186982473411092	0.0082140664529146	0.0136415506183456	0.0136415506183456
YNL179C_mRNA	0.586164294224417	0.691994564974965	0.0960421904907822	0.176417505619866	2.94189117936844	0.0765765789618173	0.0606076187679424	0.0188032580184995	0.0638849263885989	0.0638849263885989
YPL262W_mRNA	0.586582499786123	0.692347982932324	0.0344328992288383	0.0633196234167631	7.32222578946669	0.0144360788830208	0.000693258237124167	0.0144352192663114	0.0153442406014386	0.0153442406014386
YIL043C_mRNA	0.587236327956601	0.69297930862369	0.0386729175729935	0.0712411406201407	7.85318315098398	0.0193466123172344	0.000401446836043639	0.019899753631391	0.0167380931414376	0.019899753631391
YER172C-A_mRNA	0.588097831435573	0.693768663029074	0.3186173520056	0.588294949838716	1.44379042082553	1.31914407708784	0.451186946955268	0.933176845067683	0.2162552335355	0.933176845067683
YJL054W_mRNA	0.58814339627542	0.693768663029074	-0.0338534425225689	0.0625146153780025	6.53230672776118	0.00207864968738113	0.00170977873198577	0.000189901484314333	0.0139225298114526	0.0139225298114526
YMR166C_mRNA	0.588976722762816	0.694611009476957	-0.0388852574528354	0.0719671573931547	5.22068025237511	0.011471246753527	0.005225923588735	0.00663267986228012	0.0154911633842694	0.0154911633842694
YCR028C_mRNA	0.589188536075941	0.694720180363981	-0.0348691858542104	0.0645710932073333	5.77030090377086	0.0141259616216221	0.00316801828552574	0.0116195519884592	0.0135096860264347	0.0135096860264347
YLR460C_mRNA	0.589616081688459	0.694943008682371	-0.0541410887922604	0.100374203710379	4.35914272509114	0.0149973424466243	0.0154816019849449	-0.000250522933736379	0.0248183210970258	0.0248183210970258
YOR259C_mRNA	0.589584815407997	0.694943008682371	-0.034577180878251	0.0640985520104171	7.51583167435922	0.00361998827375901	0.000588443954475704	0.0029485202138411	0.0158460535248529	0.0158460535248529
YKL155C_mRNA	0.590928583817302	0.696349095736165	-0.0346665472084477	0.0644969962919143	5.81586461270067	0.010580622240662	0.00314552801908815	0.00784749024009105	0.0134939221036287	0.0134939221036287
YBR243C_mRNA	0.591219029538996	0.696550468370919	0.0335821152489953	0.0625283374045121	6.21519905325495	0.00425825601335901	0.00205638851483075	0.00218381193816909	0.0135827833994593	0.0135827833994593
YGR003W_mRNA	0.591682336489643	0.696955376544411	-0.0441137398607208	0.082240425558367	4.85750639659172	0.0149448837243819	0.00842883577571129	0.00702753334484091	0.0186251146083739	0.0186251146083739
YPL279C_mRNA	0.59215416650577	0.697370158492544	-0.072636514742574	0.135587478923505	4.43021657338189	0.0348656129011192	0.0496860909824329	-0.0138375238095047	0.0238497667808951	0.0238497667808951
YNL228W_mRNA	0.592404953270608	0.697524506417656	-0.0747015721111316	0.13953672531289	4.98574456062939	0.0741779447548009	0.0114674652541311	0.0664145255900486	0.0173429631876927	0.0664145255900486
YIL060W_mRNA	0.593232762016882	0.698358066581199	0.067667298781573	0.126680490043649	5.08695341859353	0.0611333640352482	0.00894345355652917	0.0552483326742669	0.0164615155347507	0.0552483326742669
YDR545W_mRNA	0.593857492213277	0.698528921791752	-0.059673650986613	0.11190465854466	6.6966235312425	0.0477008216208079	0.00250321123518636	0.0475873991808015	0.0141627068602454	0.0475873991808015
YGL213C_mRNA	0.593649590164036	0.698528921791752	-0.0337863271215618	0.0633230689130958	6.15489766382972	0.00389659649562715	0.00251080080903845	0.00133797660760058	0.0135284434172523	0.0135284434172523
YLR467W_mRNA	0.593857492213277	0.698528921791752	-0.059673650986613	0.11190465854466	6.6966235312425	0.0477008216208079	0.00250321123518636	0.0475873991808015	0.0141627068602454	0.0475873991808015
YOR396W_mRNA	0.593857492213277	0.698528921791752	-0.059673650986613	0.11190465854466	6.6966235312425	0.0477008216208079	0.00250321123518636	0.0475873991808015	0.0141627068602454	0.0475873991808015
YKL052C_mRNA	0.594051134706546	0.698615646104226	0.052467229900209	0.0984422632224578	6.28879039924929	0.0369133650267832	0.00201951435403211	0.0367440023994066	0.0136428026841032	0.0367440023994066
YDR375C_mRNA	0.594404898783645	0.69889060349415	-0.033529375969955	0.0629702606494288	6.09096828639287	0.00830265488176856	0.00238147952486702	0.00619301669047511	0.013479535380161	0.013479535380161
YOR275C_mRNA	0.594834034687775	0.69925405288357	0.0429916993369393	0.0808351660897516	6.17315017701898	0.0248876862097295	0.00210866301498594	0.0240286332920449	0.013544600659559	0.0240286332920449
YBR131W_mRNA	0.595077439440354	0.699399064389652	0.0441397438211463	0.0830486452822204	4.83486133920648	0.00862333891367072	0.00871925018082436	-3.6620483204703e-05	0.0188690597520239	0.0188690597520239
YEL050C_mRNA	0.595648202875301	0.699505428331285	-0.0331492770408843	0.0624669612441361	6.14953686856	0.00548023133137788	0.00208466634135581	0.00347304592273955	0.0135238186469498	0.0135238186469498
YFR028C_mRNA	0.595356020282246	0.699505428331285	0.0329961634211616	0.0621290707029794	6.36297067638729	0.00913693931708381	0.00173945489539273	0.00773905242990678	0.0137006308102705	0.0137006308102705
YLR228C_mRNA	0.595413947348349	0.699505428331285	0.042792409826307	0.0805872842165843	6.81314708121194	0.0247337428326416	0.00111111969895542	0.0248661218106627	0.014318739192823	0.0248661218106627
YPR062W_mRNA	0.595530689296451	0.699505428331285	0.0442087936869911	0.0832810593260169	7.36841477525527	0.0264145880623329	0.000649325966750822	0.0270936134031034	0.0154632122501538	0.0270936134031034
YGR238C_mRNA	0.5960796609821	0.699871040887084	0.039452809080007	0.0744327258982349	5.52874985585476	0.0210986009944768	0.00415694286379745	0.0180039798747696	0.0140063607022058	0.0180039798747696
YDR125C_mRNA	0.596656979016273	0.700266631697986	-0.0515588604241006	0.097425345220671	4.38456508109885	0.0243386967389451	0.0135016436619307	0.0118160125331584	0.0244651479035369	0.0244651479035369
YDR402C_mRNA	0.596564936602338	0.700266631697986	0.109397240108887	0.206664614285843	2.8866775397842	0.124013593233578	0.104228647286972	0.0252237008508783	0.066612403904693	0.066612403904693
YML078W_mRNA	0.596967555847726	0.700490026257574	0.0434433450554053	0.0821598169297362	6.73829862198093	0.025704165728158	0.00113041414013662	0.0258705279315745	0.0142154651890079	0.0258705279315745
YDL107W_mRNA	0.59726277951617	0.700695318860493	0.0488179436165231	0.0923985776624979	5.03300478331098	0.0325088404735155	0.00696243789192642	0.0271875507242842	0.0169162626292519	0.0271875507242842
YFL062W_mRNA	0.597625419793109	0.700979604532847	-0.280930114550618	0.532247722397008	2.16314300704847	0.803081938117261	1.01501019661425	-0.177114328420444	0.118140355372965	0.118140355372965
YNL041C_mRNA	0.598649138595176	0.70203902605787	0.0449442134989747	0.0853894104763004	6.23871101525666	0.0277597072607742	0.0021835455354011	0.0269818601505594	0.0136035830893896	0.0269818601505594
YGR142W_mRNA	0.59911923918313	0.702448920805176	-0.0647668582090457	0.123208789848426	5.30929907220191	0.0577921142573494	0.00533428854746833	0.0553873350361858	0.0149671931084854	0.0553873350361858
YER022W_mRNA	0.600368030469201	0.703771457849812	0.0329184851567685	0.0628369652853876	6.14556263124789	0.00891163198451837	0.00227350248565113	0.00696506702204244	0.0135204343394569	0.0135204343394569
YJR100C_mRNA	0.600863019530336	0.704210008405499	0.0340885374168995	0.0651589327154241	5.73223638178235	0.0121027711174818	0.00344734097351707	0.00918790568572104	0.0135354050769356	0.0135354050769356
YOR362C_mRNA	0.601151679977288	0.704406614551022	0.0337975876038448	0.0646540550993957	7.68940871372444	0.00856624209829922	0.00041811497995267	0.00843363671741377	0.0163024723832301	0.0163024723832301
YMR003W_mRNA	0.601617958499992	0.704811225863856	-0.0598973569453379	0.114729361916357	3.98599456480998	0.0454181042161184	0.0216628627192721	0.0259743365497013	0.0309884432236652	0.0309884432236652
YGL066W_mRNA	0.602649507534952	0.705877770586777	0.0507888784432243	0.0975594442187361	6.2849182513007	0.0362211579630085	0.00190703369106188	0.0361643469340128	0.0136401277399464	0.0361643469340128
YBR049C_mRNA	0.603077932479811	0.706095666122865	-0.0359719740577393	0.0691796136537694	6.3471580040683	0.0182121195070928	0.00187041268929312	0.0172728630918461	0.0136857253215058	0.0172728630918461
YOR174W_mRNA	0.603018191351635	0.706095666122865	0.0346416613970958	0.0666102385380852	5.60555631473174	0.009729971336253	0.00398188884282375	0.00610021053048989	0.0137658066695787	0.0137658066695787
YOR188W_mRNA	0.603359653545567	0.706283572745926	-0.0391896568136396	0.0754263351889711	5.91637951728046	0.0216489807364579	0.00288409079492897	0.0198724373652271	0.0134787598300807	0.0198724373652271
YBR129C_mRNA	0.603538324362498	0.706350799063061	-0.0338083397689065	0.0651012989930858	5.75663747616517	0.00757962932056118	0.00343539410801253	0.00435906478175163	0.0135173224143361	0.0135173224143361
YHL030W_mRNA	0.604225372742685	0.70701285832474	-0.0322774757543251	0.0622715976358713	6.93956598362082	0.0135219915201176	0.000990070079640558	0.0132001107087508	0.0145209374088548	0.0145209374088548
YBL008W_mRNA	0.604613143804165	0.707304400659212	-0.0348038205672883	0.0672176455583036	5.56406681811178	0.00848926189998431	0.00418260197231483	0.00456694837021693	0.0138902455252921	0.0138902455252921
YDR175C_mRNA	0.604717339458211	0.707304400659212	-0.0325609389374197	0.0629040423527225	6.0194224523789	0.00877337945222478	0.0023757894147274	0.00672134149994592	0.013451884762525	0.013451884762525
YLR100W_mRNA	0.605028106419903	0.70743378944788	0.0324538248615014	0.0627510897410222	7.1584010439419	0.00442021724623147	0.000797860790077153	0.00363715747427343	0.0149529362646661	0.0149529362646661
YMR106C_mRNA	0.605070815794505	0.70743378944788	0.0416967799829227	0.0806323441178472	4.92185995809414	0.0121862465196056	0.00804645347170677	0.00451349023902943	0.0179598462000489	0.0179598462000489
YOR112W_mRNA	0.605392321957382	0.707667670089026	0.0326349933677087	0.0631651079348495	6.01319186428709	0.0102088105250753	0.00250789831622177	0.00812581502004168	0.013451425125463	0.013451425125463
YNL149C_mRNA	0.606003996109507	0.7082405780008	0.0360809820010507	0.0699534176292682	5.80765978442867	0.0186161509851647	0.0030811712513319	0.0164927513007274	0.0134958806397111	0.0164927513007274
YDR302W_mRNA	0.606631399594307	0.708733353558688	0.0379004661440955	0.0736091694146291	5.50755713442155	0.0206114087575204	0.00429912517248245	0.0173741141151638	0.014080730147576	0.0173741141151638
YJL203W_mRNA	0.606668938241878	0.708733353558688	-0.0384198008107484	0.0746255912156912	5.11980787900437	0.012020376919618	0.0060738569705939	0.00638338084490038	0.0162020584865719	0.0162020584865719
YKL030W_mRNA	0.6068863958415	0.708838937499281	0.03687863529134	0.0716753896133038	5.59558003638461	0.0195421585088044	0.00428117884481645	0.0162682670600591	0.013794581030845	0.0162682670600591
YOR233W_mRNA	0.607002653481619	0.708838937499281	0.0332402526784705	0.0646249094569589	5.9109071209378	0.0158864584828294	0.00280508852179105	0.0139004271674895	0.0134799221315175	0.0139004271674895
YLR443W_mRNA	0.607719960988833	0.709534367278745	0.0319019853937718	0.0621470346801157	6.32172161661336	0.00615868494619871	0.00178423398839095	0.00452357511908925	0.0136647816897351	0.0136647816897351
YGL042C_mRNA	0.608208601939606	0.709962595652203	0.0977131190369428	0.190610564206066	2.78303854726997	0.0866849092031922	0.0732206521016726	0.0169280781497683	0.0721088966461467	0.0721088966461467
YBL013W_mRNA	0.609269036663251	0.710988984205766	0.0979993672558533	0.191735631845504	3.43094472252523	0.139807896333673	0.0485250539591764	0.0985251561176027	0.0447561823309658	0.0985251561176027
YDL074C_mRNA	0.609331959859147	0.710988984205766	-0.0493412308027947	0.096553028459264	6.67461365308173	0.0354531678192829	0.00143881432906661	0.0358511348895552	0.0141335014412527	0.0358511348895552
YER133W-A_mRNA	0.61100355766096	0.712796701428264	0.0652729600434991	0.128328035202163	3.78528789636843	0.0626169983937882	0.0261018766547606	0.0397704618206295	0.0352215577564024	0.0397704618206295
YAL023C_mRNA	0.611684389209238	0.713052235698047	-0.0336153132746141	0.0662148154728144	8.01892551302282	0.0090152512149072	0.00035441466497439	0.00898192898341175	0.017183192487421	0.017183192487421
YBR102C_mRNA	0.611680859181316	0.713052235698047	-0.037957588722556	0.0747674072505105	5.80713899921439	0.0212541576424326	0.00316181777865328	0.0191988429692015	0.0134960156324644	0.0191988429692015
YIL166C_mRNA	0.611385889979824	0.713052235698047	0.0464718988531211	0.0914627980821958	4.55622602759952	0.0150621742907743	0.0112531558275343	0.00426784880314825	0.0222086179045638	0.0222086179045638
YLR071C_mRNA	0.611712165125101	0.713052235698047	-0.0316384318117926	0.0623256528775268	6.43275837672078	0.0128911240141925	0.0017571023346169	0.0117688190041581	0.013780845691823	0.013780845691823
YGL210W_mRNA	0.611975962471211	0.713217034878431	0.0584226639812967	0.115174168484509	5.94870491741928	0.0504331879658785	0.0025008264770957	0.0505595298672965	0.013468817963222	0.0505595298672965
YHR139C_mRNA	0.613140872563332	0.714288886933408	0.0707880244249397	0.14000929704401	3.4693996111992	0.0317277581857145	0.0348373047381685	-0.00227497651118461	0.0435731082968628	0.0435731082968628
YPR024W_mRNA	0.613062998022108	0.714288886933408	0.0431814675159294	0.0853884678321617	6.94735321155075	0.0277176814077245	0.00102648827963614	0.0281382734752603	0.0145345289617967	0.0281382734752603
YMR314W_mRNA	0.613445596429996	0.714501008556808	0.0319283211272333	0.0632042188641617	7.30508108631062	0.00606863431344658	0.000678531114039945	0.0055323148817946	0.0153005620148755	0.0153005620148755
YPL098C_mRNA	0.613979991575561	0.714980497885113	-0.0558512086221263	0.110727908740458	4.91904817915244	0.046604995824279	0.00772988620866381	0.0413127928874773	0.0179880170355545	0.0413127928874773
YIL057C_mRNA	0.614406460231028	0.715334140149075	-0.132646841664898	0.26329602967327	3.39229787009	0.263504633063355	0.0427890552914866	0.234510141675344	0.045986043311144	0.234510141675344
YHR121W_mRNA	0.614720922281343	0.715414321456473	0.0321345972324021	0.0638419445352676	5.96087029746638	0.0148180954174454	0.0028398413301299	0.0127416516630506	0.0134633341980468	0.0134633341980468
YOL063C_mRNA	0.614608225798107	0.715414321456473	-0.0317528165437938	0.0630633722200696	6.07634140116338	0.00387976695890896	0.00243696527780605	0.00143185893289247	0.0134709903852621	0.0134709903852621
YDR331W_mRNA	0.614972515860334	0.715564185620592	-0.0323294266619643	0.0642747123207673	5.90979158522395	0.00592355740954778	0.00304480999407248	0.00300323242235976	0.0134801445815971	0.0134801445815971
YDR160W_mRNA	0.615882169838693	0.716479537036786	0.0315197706838481	0.0628265749367733	6.17590576703753	0.00965784596665674	0.00224163229800516	0.00782220382513782	0.0135470817751388	0.0135470817751388
YOL122C_mRNA	0.616280076173931	0.716799306007052	-0.0311890428371812	0.062237506992787	6.42627166059487	0.0118545179130591	0.00172149183797713	0.0107018469565578	0.0137725372687317	0.0137725372687317
YOR347C_mRNA	0.616770614086004	0.717226666200611	0.0557425181014616	0.11138869770297	6.82529808553211	0.0471497109300756	0.00119856232516477	0.04843120557869	0.014336661163546	0.04843120557869
YGR199W_mRNA	0.617060389145243	0.717420440463018	0.0313039381078273	0.062605264285281	6.18430768707534	0.00846495442260219	0.00212298598472193	0.0066666261706208	0.0135546904801976	0.0135546904801976
YGR222W_mRNA	0.617234553397019	0.717479750217684	-0.0362375672745588	0.0725079768163456	5.23393531244486	0.0110632493812446	0.00562248992423951	0.00585580261795734	0.0154071368837593	0.0154071368837593
YER114C_mRNA	0.617813118900545	0.718009022683937	0.0412630086739065	0.0826993362072796	6.68187596155571	0.0259869756833515	0.00134614843014488	0.0260105724063538	0.0141433130892027	0.0260105724063538
YGL013C_mRNA	0.6181021808783	0.718098857670296	-0.0368206200552399	0.0738566284698706	6.0030408792174	0.0207261280070302	0.00264303764424112	0.0191761686315049	0.0134514717883788	0.0191761686315049
YJR076C_mRNA	0.618229357330406	0.718098857670296	0.031127822778334	0.0624603439866645	6.97007501406984	0.0030815506900654	0.00103023923087272	0.00199458183679181	0.0145749390528571	0.0145749390528571
YMR092C_mRNA	0.618260190537968	0.718098857670296	-0.0313275533220209	0.0628666377802731	7.1960143818699	0.0123561028919748	0.000771223604017111	0.012187053609629	0.0150376329791671	0.0150376329791671
YKL184W_mRNA	0.618512935932843	0.718232879256496	-0.0310289346265569	0.0623122269271394	6.64162392799237	0.00549998652765972	0.00144415614469429	0.00417360233949564	0.014087098353783	0.014087098353783
YPL035C_mRNA	0.618622140080517	0.718232879256496	-0.155728880783764	0.312831668322352	2.39202517564075	0.371824699249335	0.146337098297214	0.24511751252417	0.0981049713945148	0.24511751252417
YBR171W_mRNA	0.619165023726328	0.718719949836538	0.055938967817754	0.11254553932605	6.02164377041401	0.0481227056083192	0.00271535912548989	0.0479506345632762	0.0134521354037436	0.0479506345632762
YIL009C-A_mRNA	0.619601973779177	0.719083884310256	0.0486813725598477	0.0980659697632382	4.69809149979966	0.0365351887980724	0.00903544396418696	0.0294322937382304	0.0204394336394833	0.0294322937382304
YLL066C_mRNA	0.620412334059393	0.719880951649078	-0.174759691663337	0.352860230418308	6.18662936397533	0.47298286420862	0.0410345840571362	0.45700678478631	0.0135568016303941	0.45700678478631
YER035W_mRNA	0.62102015944621	0.720155941268634	-0.0457945817800353	0.0926256381310074	5.3476218578248	0.0325894046583671	0.00474174402240632	0.029576291334299	0.0147667759922849	0.029576291334299
YLR126C_mRNA	0.620960870467346	0.720155941268634	0.0372503414593599	0.0753309804395843	5.51698782212846	0.021555781475916	0.00412596241463869	0.0185730640413174	0.0140471925580732	0.0185730640413174
YPL120W_mRNA	0.620867707496539	0.720155941268634	0.0390676044130881	0.0789849358647088	4.98976566284255	0.0232816378122503	0.00764882505318308	0.0168597075414915	0.0173056553210256	0.0173056553210256
YDR183W_mRNA	0.621567313760048	0.720646998998217	0.0425089723425003	0.0861150020211287	4.70843330991108	0.0189620512998393	0.00934776569287889	0.0104524284913444	0.0203154085995171	0.0203154085995171
YBR284W_mRNA	0.622110736621807	0.721054509478163	-0.0448110203303536	0.0909201812529986	4.576628205972	0.0147753690793975	0.0111183263788055	0.00413870405110683	0.021947591057507	0.021947591057507
YJL053W_mRNA	0.622290091599074	0.721054509478163	0.0308411693038215	0.0626080237437162	6.14522638845755	0.0114446975894946	0.00215890868860323	0.00983150223613328	0.0135201498597717	0.0135201498597717
YOL046C_mRNA	0.622278512306347	0.721054509478163	-0.246774146847821	0.500938457459737	1.84959878452989	0.953079523685982	0.301689125908968	0.702068226739593	0.153244946195738	0.702068226739593
YCL041C_mRNA	0.622491016706299	0.721143898057446	0.0955810960966058	0.19414306116797	3.07334268177192	0.143151237527042	0.055970403390711	0.0947957094079687	0.0579056139293801	0.0947957094079687
YGL022W_mRNA	0.622810491622858	0.721370561470133	0.0327925937024597	0.0666690841701032	8.1222907257477	0.00947862430805592	0.00031644211616103	0.00953198272768893	0.0174626250201602	0.0174626250201602
YFL047W_mRNA	0.623132915710769	0.721600549976335	-0.0313161592667891	0.0637264949739668	5.90081681356413	0.00831874976563008	0.00276248902290946	0.0058702566313448	0.0134817756237586	0.0134817756237586
YFR019W_mRNA	0.623655761742755	0.722062493623468	-0.0432776494595366	0.0882000885786644	6.2474695467816	0.0295420089857926	0.00213254348744765	0.0289844790136894	0.0136110450115003	0.0289844790136894
YMR255W_mRNA	0.624190916549272	0.722538501850995	0.0567897774090414	0.115916566002812	5.68929293166293	0.0510235153740127	0.0038481124844758	0.0498984886110611	0.0135844398903744	0.0498984886110611
YGL259W_mRNA	0.624478760152982	0.722728100248565	0.109865715815039	0.224438945323286	2.6463632280236	0.101574704690981	0.121310647610723	-0.0159293141594007	0.080180713100592	0.080180713100592
YBL057C_mRNA	0.625158500605366	0.723371087294312	0.0487997622539267	0.0998864103249403	6.35166300000271	0.0378836123579927	0.00174675597575708	0.0381624238946523	0.0136898311106873	0.0381624238946523
YGR201C_mRNA	0.625696192371703	0.72377111797761	-0.0449642270697245	0.0921788359557643	4.92055661676437	0.032261042904057	0.00746140421791731	0.0265263469747215	0.0179728937594223	0.0265263469747215
YIR006C_mRNA	0.625876912525094	0.72377111797761	0.0340203438780385	0.069779839514181	7.83001218891544	0.0184870794224875	0.00040239357311649	0.0190745104373829	0.0166761922821844	0.0190745104373829
YJR073C_mRNA	0.625764742795223	0.72377111797761	-0.0688240076552075	0.141120533029746	6.84248903676385	0.0756124831536321	0.00111073934948837	0.0785492800209105	0.0143625672396344	0.0785492800209105
YLR253W_mRNA	0.626191943441267	0.723991717104351	0.0303395188475567	0.062286824814437	6.49388748131825	0.0067313377382308	0.00165320731940725	0.00529594414186826	0.0138653868624502	0.0138653868624502
YMR219W_mRNA	0.626644733279933	0.724371471446208	0.0536029761469261	0.110191068769013	6.78679111828957	0.0460966085232567	0.00134640362795098	0.0472218829178789	0.0142809746847683	0.0472218829178789
YDR439W_mRNA	0.626946894388549	0.72443328177463	-0.0377158216375019	0.0776000060183373	4.99089477197798	0.0129319830433894	0.00679183120441095	0.00665744114156581	0.017295212531773	0.017295212531773
YLR178C_mRNA	0.626837487655262	0.72443328177463	0.0735572664717599	0.151295459101574	6.57940611152551	0.0869000252473021	0.00154421868130945	0.090017045097715	0.0139941999261574	0.090017045097715
YNL311C_mRNA	0.627311241207614	0.724710547546215	-0.0400140515832275	0.0824157253531353	5.50648925886879	0.0257850798188995	0.00418127475962579	0.0229881323823079	0.014084572997763	0.0229881323823079
YBR095C_mRNA	0.627979035819627	0.725338196408634	0.0315183504426392	0.0650435104114095	5.7592435481593	0.0069484063461493	0.00340689387163661	0.00375399680934477	0.01351573911492	0.01351573911492
YIL114C_mRNA	0.628211637069365	0.725463032223215	-0.0394151011839061	0.0813948705514721	6.02584056074082	0.0251480798748294	0.00267116119105857	0.023829338617305	0.0134527304741696	0.023829338617305
YCL028W_mRNA	0.628998186027818	0.726227394331762	0.0343180489838102	0.0710316559476517	7.11041617924813	0.0191505798771662	0.000848072204347602	0.0193339123823146	0.014849332224504	0.0193339123823146
YPR121W_mRNA	0.629409308260111	0.726558080032377	0.0396942441090579	0.0822579037757846	5.37893581821043	0.0256812563428256	0.00516584108603408	0.0218996098483109	0.0146139399485246	0.0218996098483109
YMR021C_mRNA	0.63039667773078	0.72755369343493	0.0341845516733257	0.0710448518168788	5.2907068540803	0.0158194512644077	0.0051195447513203	0.0114959862968004	0.0150699391274088	0.0150699391274088
YMR075C-A_mRNA	0.630666198186207	0.727720592321814	0.134004692250117	0.278718078126891	2.56816746219999	0.235827439379142	0.225472244627471	0.0220693668373101	0.0852628236715205	0.0852628236715205
YDR227W_mRNA	0.631477700501364	0.72851268972692	0.0361637589129247	0.0753964532410295	5.89554935879632	0.0215713519246097	0.00333924930179781	0.0193992513435092	0.0134826177217052	0.0193992513435092
YOR129C_mRNA	0.631644123659642	0.728560416638502	-0.0371936385143652	0.0775814581900016	5.05122346431187	0.0165864935562476	0.00731676128725515	0.0100592341670281	0.0167587693322927	0.0167587693322927
YGR006W_mRNA	0.631948041980138	0.728766684991347	-0.0444850343774436	0.0928732009850903	4.49463589757435	0.0177033800334577	0.0114958229588573	0.00690667899597242	0.0230059028860106	0.0230059028860106
YDR014W_mRNA	0.632438365643408	0.72918779304146	0.0427261495371505	0.0893296238196085	4.60372556862226	0.0207106027632649	0.0103152619602905	0.0113530913277016	0.0216038648067205	0.0216038648067205
YJR092W_mRNA	0.632568657654539	0.729193707854243	-0.0440435373330736	0.0921192104862293	6.36843777684697	0.0321981648931458	0.00179165011285678	0.0321521456495681	0.0137060973584365	0.0321521456495681
YAR027W_mRNA	0.633393127795562	0.72998143481218	0.0461929786621629	0.0968494668845739	6.26390353565645	0.0355870028211332	0.00185379799964772	0.035665478943657	0.0136244481923604	0.035665478943657
YNL050C_mRNA	0.633502597736077	0.72998143481218	0.0436973730153841	0.091646649178999	5.2690197399939	0.0318658604503426	0.00543578360858267	0.0281606496143714	0.0151945028005685	0.0281606496143714
YLR139C_mRNA	0.633642315446534	0.729998048208722	0.0498098974531902	0.104509468081761	5.53702254594415	0.0414379281990811	0.00417590523253847	0.0395130104423921	0.0139782963131376	0.0395130104423921
YLR088W_mRNA	0.634276672456207	0.730584399709344	-0.0300095888647155	0.0630829835615206	6.0521329528867	0.00499731641482957	0.00245800354260971	0.00263895678075647	0.0134598477174826	0.0134598477174826
YCR059C_mRNA	0.63454559091549	0.730605259421669	0.0422215418207672	0.0888241232420739	6.4693760205979	0.0299303484719591	0.00153698791455997	0.0300219115643326	0.0138302996393041	0.0300219115643326
YGR290W_mRNA	0.63451770883073	0.730605259421669	0.106284815152542	0.223579673346741	2.55870775183761	0.149809977968319	0.114049347288454	0.0432337828398855	0.0859021340468873	0.0859021340468873
YHR048W_mRNA	0.635122089932051	0.731124539803226	0.0313884725717444	0.0661464606634047	5.63076816537493	0.0110171754918874	0.00380384641819213	0.00771877412014801	0.0136975706149893	0.0136975706149893
YGL059W_mRNA	0.635499677871458	0.731128401455778	-0.0519283399246688	0.109553385420383	5.62009968012557	0.0455263392230052	0.00372056588237298	0.0442872111458948	0.0137251954980349	0.0442872111458948
YLR361C-A_mRNA	0.635346479520117	0.731128401455778	0.205853956255176	0.434093995750076	2.12506297892434	0.714800589694305	0.118899707201106	0.634850681383962	0.121893227644976	0.634850681383962
YMR293C_mRNA	0.635501926703065	0.731128401455778	-0.0366635874338764	0.0773498027112389	5.02988952445166	0.00693257290683639	0.00698838044196201	5.53137743566001e-05	0.0169435874759083	0.0169435874759083
YOL037C_mRNA	0.636234663344411	0.7318268802852	-0.111760118015095	0.236294362798764	2.48518013003121	0.211013653006525	0.132279401474743	0.090237991324034	0.0910607020871527	0.0910607020871527
YAL040C_mRNA	0.636569964303426	0.731923546878184	-0.0449311918278414	0.0950924758413196	6.49063219190781	0.034297311323178	0.00171491628440878	0.034455399562119	0.0138606529178231	0.034455399562119
YAR066W_mRNA	0.636475721076945	0.731923546878184	-0.338834077222346	0.716908821119156	2.41352259356281	1.72368034836972	1.95940640001642	-0.145408464445179	0.0964266311774129	0.0964266311774129
YLR205C_mRNA	0.638244234229584	0.733703809909542	0.0388939566254578	0.0827258055809031	5.1641596165958	0.0259526838901639	0.00604790440688919	0.0213263312291483	0.0158734446948638	0.0213263312291483
YDR252W_mRNA	0.638729765553008	0.734117106749226	0.0721282319444275	0.153635761654998	3.30814231362566	0.0721180276501076	0.0456027378533114	0.0301801541022527	0.0488130511839342	0.0488130511839342
YAL056C-A_mRNA	0.6394974551598	0.734564703028587	0.0853239468648961	0.182159827780922	2.899815400007	0.110957593454498	0.0667776062071394	0.0500254793773646	0.0659512052215607	0.0659512052215607
YBR221C_mRNA	0.639399222960603	0.734564703028587	-0.0306501008553342	0.065416334711347	7.83725721118246	0.00363417630179254	0.000421649238491735	0.00320370288987396	0.0166955381497762	0.0166955381497762
YDL005C_mRNA	0.639496622692898	0.734564703028587	0.0460259600740502	0.0982615130715541	6.56370872441118	0.0366114502176786	0.00159627597752266	0.0370250238269221	0.0139702690947739	0.0370250238269221
YOL089C_mRNA	0.640115719226593	0.735129938934384	0.0355452390518898	0.0760265781383263	5.66668040528327	0.0219157419165809	0.00353477563447654	0.0195853866992156	0.0136210256956543	0.0195853866992156
YDR534C_mRNA	0.640612680398574	0.735555671265687	-0.0403444691775817	0.0864199016569906	6.53723664668002	0.0283160714205002	0.00149538916524748	0.0283782084443682	0.0139299881977535	0.0283782084443682
YOR366W_mRNA	0.641021635026216	0.735880206041917	0.178510856393554	0.382847980025904	1.56342048303542	0.199182693653339	0.391064587234294	-0.186759165705819	0.195225716005366	0.195225716005366
YLL005C_mRNA	0.641943899601311	0.73679376656368	0.0563927959719638	0.121279361841068	5.31145802575633	0.0557604581220295	0.00543877497174977	0.0533959594625574	0.0149554993237805	0.0533959594625574
YML037C_mRNA	0.643812084976809	0.738646949010415	0.0768319469908999	0.166167868936818	3.35269357118659	0.104658079311056	0.0453732924282609	0.0650737502397527	0.0472904238909532	0.0650737502397527
YOR156C_mRNA	0.643696927906844	0.738646949010415	-0.0487148630014431	0.10532121511294	5.28180457225406	0.0420450546179669	0.00554981642696201	0.0388204169845027	0.0151204490872022	0.0388204169845027
YMR159C_mRNA	0.644824243906139	0.739662540853941	0.0928571162750934	0.201441030182636	2.73317261992011	0.0837687618271175	0.0873736817833595	-8.49924094267207e-05	0.074940272780807	0.074940272780807
YLR400W_mRNA	0.644980706369374	0.739696377029129	-0.106299345033146	0.230711280101848	2.38577112584165	0.108593680426419	0.114311420657002	-0.00118949184426032	0.0985993584079317	0.0985993584079317
YPL014W_mRNA	0.645196729968674	0.739697873961351	0.038951892519884	0.0845961612134369	5.85184070955143	0.0271222391518874	0.00309054896352434	0.0255354930046749	0.0134880659573673	0.0255354930046749
YPR105C_mRNA	0.645235941550221	0.739697873961351	0.0286786480007957	0.062292004422768	6.4889346380716	0.006718282559432	0.00166298269228516	0.00530018723534813	0.0138581925677394	0.0138581925677394
YER115C_mRNA	0.6454942709889	0.739848440444881	-0.0390423098522068	0.0848689447118417	5.2661390208568	0.027296701554565	0.0052502645404583	0.0235606865655483	0.0152114381145012	0.0235606865655483
YLR369W_mRNA	0.645748896865317	0.739994703606872	0.0290259682281112	0.0631444253330364	5.99960824706899	0.0035657978364962	0.00249715511135832	0.00108262633300778	0.0134517186911993	0.0134517186911993
YKL183W_mRNA	0.646155214647638	0.740314706103665	-0.0413144707481251	0.0899881849697684	6.20548557285121	0.0306872302856915	0.00209140647642143	0.0303000872601916	0.0135739833046071	0.0303000872601916
YLL040C_mRNA	0.646625019166603	0.740707306658401	0.0395889454558475	0.0863528097726825	7.14735544626574	0.0282566915149935	0.000860947059094312	0.028966283963454	0.014928646033257	0.028966283963454
YCR104W_mRNA	0.647364327590941	0.741328518552087	0.118329870311934	0.258685932794144	2.31523943807295	0.149261823308152	0.163301833171857	-0.00737901054399109	0.104371814130448	0.104371814130448
YLR305C_mRNA	0.647421816408002	0.741328518552087	-0.0284823748371386	0.0622774152522626	6.97639404989865	0.00597506968514116	0.000927529455670843	0.00524254644230517	0.0145863763463401	0.0145863763463401
YLR230W_mRNA	0.64803161541454	0.741880957242112	-0.0712394166509275	0.156056221469205	3.17393415192391	0.0368155962617824	0.0436358649251776	-0.00564059878320052	0.0537783121118047	0.0537783121118047
YBR045C_mRNA	0.648668590338586	0.742070559332681	0.0489411104683474	0.107418258138241	4.12295646130864	0.0259476068470246	0.0176625158943918	0.00945413935774164	0.0284922128314236	0.0284922128314236
YCR097W_mRNA	0.648495350397067	0.742070559332681	0.103193341806531	0.226373930249606	4.36172469938399	0.194154947719026	0.0152933371545271	0.189687288032086	0.0247821027527359	0.189687288032086
YGL086W_mRNA	0.648404171873214	0.742070559332681	-0.047956770638971	0.105172909102897	6.25366291642093	0.041908966180919	0.00201330830274351	0.0422320549339214	0.0136161961926005	0.0422320549339214
YKR102W_mRNA	0.64870672136652	0.742070559332681	0.058560628528715	0.128546588213887	4.88934238683935	0.0626049338649888	0.00773406389144618	0.0583628374742766	0.0182907046840136	0.0583628374742766
YHL049C_mRNA	0.648869326705656	0.742110855395986	0.177450554611087	0.389715567517398	3.78258761872827	0.377733363876031	0.572229229824783	-0.17651168262383	0.0352836644368467	0.0352836644368467
YGL189C_mRNA	0.64949836376706	0.742684488185848	-0.0566464006299845	0.124645738875876	8.34300615666248	0.0588588420754979	0.000245059750420424	0.0619011811292323	0.0180630678129911	0.0619011811292323
YHR149C_mRNA	0.650827041149087	0.744057759367069	-0.0461621969909435	0.101990311947121	6.11805256135965	0.0394024748442734	0.00221884954700314	0.0393892453772811	0.0134983189507804	0.0393892453772811
YBL035C_mRNA	0.652030896828127	0.744964379337905	0.0338124716323137	0.074981758846618	5.10933880085115	0.0118190111497898	0.00620578499563756	0.00613078888259839	0.016283271643292	0.016283271643292
YBR194W_mRNA	0.65202211442301	0.744964379337905	0.0630347482187717	0.139780629722501	3.47998122387042	0.035196139480335	0.0349000035573486	0.00167489460500923	0.0432544942251276	0.0432544942251276
YDR148C_mRNA	0.652131537010524	0.744964379337905	-0.0280271085218082	0.0621715213868445	6.83975500838239	0.00717013615451732	0.00110278823211493	0.00635506655855556	0.0143584040541045	0.0143584040541045
YIR020C-B_mRNA	0.652090684232643	0.744964379337905	-0.0967496573729882	0.214589286791737	3.16266415923413	0.0775009515679027	0.129971586930397	-0.0496092805938701	0.0542226610927486	0.0542226610927486
YLR114C_mRNA	0.653134602869609	0.745963967127689	0.0341794753511693	0.0760537962753523	7.15836956919569	0.0219058014735415	0.000894010375751068	0.0222427093358201	0.0149528666736401	0.0222427093358201
YAL065C_mRNA	0.653739996324217	0.746451129918602	0.231866370463298	0.516898191109119	1.63146874694811	1.01182249956217	0.546268909694464	0.522466050193054	0.184238963885702	0.522466050193054
YDL243C_mRNA	0.653847107560852	0.746451129918602	0.041352000103207	0.0922162622952146	5.3743689199405	0.0322036624950221	0.00517754499031721	0.0288378111364821	0.014635635245562	0.0288378111364821
YDR484W_mRNA	0.653955589746701	0.746451129918602	0.0310844009715921	0.0693424405647051	5.41971695796883	0.0117612987944471	0.00480456689198507	0.0075207561067046	0.0144289293618936	0.0144289293618936
YJL089W_mRNA	0.654073638557237	0.746451129918602	-0.103964846435652	0.232007299272868	2.43420350910412	0.14479757653266	0.120467189163434	0.0315848744660188	0.0948423585001271	0.0948423585001271
YAL058W_mRNA	0.654356458952856	0.746627640003788	-0.0291994282948839	0.0652182933525519	5.69200854617551	0.00645384184295138	0.00343311672749649	0.00323811192916626	0.0135805864237816	0.0135805864237816
YDR330W_mRNA	0.655587502447014	0.747043212721617	0.0277302335758631	0.0621735312492301	6.53287306494195	0.0121673530342285	0.0015388063676786	0.0112779387820884	0.0139233855843173	0.0139233855843173
YDR388W_mRNA	0.655184392909809	0.747043212721617	0.0293539908756926	0.0657318776733648	7.91611256159397	0.0146495316670064	0.000376094728598528	0.0150736444059568	0.0169066242412663	0.0169066242412663
YEL075W-A_mRNA	0.655618253801172	0.747043212721617	0.19704321657987	0.441829744708189	2.23782309815733	0.713793336248852	0.669709903906887	0.0839755194454136	0.111144189328726	0.111144189328726
YFR016C_mRNA	0.655549247535111	0.747043212721617	0.0362423954885026	0.0812488712978551	7.03873980041181	0.0249954182536536	0.000964191351306778	0.0254413249973949	0.0147038608310207	0.0254413249973949
YJR106W_mRNA	0.655574315406771	0.747043212721617	-0.0565585978218703	0.126803974148356	5.39805125601594	0.0608822253400033	0.00493765313252126	0.0593793383067462	0.0145252864236787	0.0593793383067462
YLR436C_mRNA	0.6549058410276	0.747043212721617	0.0353549762741718	0.0791014507166549	6.85277053202648	0.0236929406464156	0.00107277504187716	0.0239553829800404	0.0143783690676707	0.0239553829800404
YML017W_mRNA	0.655310355126739	0.747043212721617	-0.0438805239046495	0.0982992812619501	6.11368706985429	0.0365877285682054	0.00226087550946325	0.0363901192770006	0.0134950634723405	0.0363901192770006
YOL159C_mRNA	0.657379392332623	0.748903468856055	0.0405474731714046	0.0914190467466299	4.81097432471284	0.0316395432249229	0.00890120808949467	0.0245285603427553	0.019131656016084	0.0245285603427553
YDR458C_mRNA	0.658382663272857	0.749899784208732	0.0303912475216446	0.0687355814980363	6.12914872438453	0.0178847333920391	0.00217083246549065	0.0167274881900021	0.0135069312185089	0.0167274881900021
YIL023C_mRNA	0.65881540729495	0.750246005258088	0.0433407573826306	0.0981561089994656	6.54705982095852	0.0364701668067493	0.00155308785564541	0.0369853990800145	0.013944900671051	0.0369853990800145
YBR086C_mRNA	0.660418431444351	0.75192452249263	-0.0285987916377639	0.0650955580175328	7.75382516954688	0.0103586352903742	0.000476454285049622	0.010388400416597	0.0164732724094063	0.0164732724094063
YDR109C_mRNA	0.661200421345177	0.752667771542986	0.0294038792675667	0.0670928676759477	5.57292720070078	0.00709711250545532	0.004143206284783	0.0032138176522101	0.0138626052871459	0.0138626052871459
YKR084C_mRNA	0.662082990468028	0.753525200716298	0.0271606917273275	0.0621470518114701	6.70288989898716	0.00382506176542162	0.00127830938605449	0.00260919874115239	0.0141707148093757	0.0141707148093757
YJR010C-A_mRNA	0.662899296138696	0.754306894395321	-0.142206366515155	0.326225912655207	1.71366778854935	0.198815717148118	0.253856264272893	-0.046617324664893	0.171837120077997	0.171837120077997
YGR140W_mRNA	0.664994781300979	0.756543564901289	-0.030181637140624	0.0696991210833161	5.38226892418624	0.0176073549294502	0.00483363783041662	0.0137711192452833	0.0145982320887304	0.0145982320887304
YCL010C_mRNA	0.665927522519304	0.757456803240427	-0.0441535016514017	0.102267795313249	5.89870476730506	0.0395656957662227	0.00277731367531103	0.039057494157619	0.0134821224650755	0.039057494157619
YMR064W_mRNA	0.667401778774074	0.758985509103602	0.0362909733727049	0.0844532655717865	5.94659434790068	0.0269786644449814	0.0025784774596162	0.0259509388033386	0.0134696595924744	0.0259509388033386
YKL126W_mRNA	0.667838054381366	0.759333431855159	0.0273064978551142	0.0636341499003325	7.41525157625611	0.0103470771561972	0.000612877885061374	0.0102602348322609	0.0155843422490906	0.0155843422490906
YDR328C_mRNA	0.66834082628414	0.759447376490995	0.0349777409459172	0.0816423877384864	7.33671845624537	0.025210708005509	0.000652501160807962	0.0260094167417575	0.0153815149840288	0.0260094167417575
YGL222C_mRNA	0.668105969319156	0.759447376490995	0.058617434232223	0.136717398249286	4.42993732695027	0.0706984163660599	0.012882119544472	0.0618844683917438	0.023853459034996	0.0618844683917438
YIR023W_mRNA	0.668590043601495	0.759447376490995	-0.0301805087524357	0.0705013883940294	6.16897847578729	0.0187992276867618	0.00208712822898258	0.0177946548329605	0.0135408618235975	0.0177946548329605
YOL032W_mRNA	0.668543424976117	0.759447376490995	-0.0302693442641557	0.0706983318684093	5.46732909879266	0.0189044776020913	0.00453847318904078	0.0154545433268622	0.0142319912635965	0.0154545433268622
YOL049W_mRNA	0.668241404401375	0.759447376490995	0.0267174730095172	0.062342021928271	6.92798189416595	0.00901413840771296	0.00104514822234548	0.00840890768191434	0.0145009625700746	0.0145009625700746
YLR041W_mRNA	0.669490288290746	0.760321719216742	0.150794888837669	0.353275658009645	1.62772223515652	0.443527528680495	0.31438830593902	0.154322875218777	0.18482645622957	0.18482645622957
YOR349W_mRNA	0.669694167077367	0.760405031649335	0.0286738121967678	0.0672198260025013	5.5309746986686	0.0169641495860568	0.0040752597094802	0.013865704131039	0.013998760321746	0.013998760321746
YLR087C_mRNA	0.669996738490031	0.760600350437045	-0.0295972764853952	0.0694523148190284	6.06842456125562	0.0182417960659874	0.00237815243181593	0.0169163437030698	0.0134669097403527	0.0169163437030698
YER152W-A_mRNA	0.670918032358217	0.761497848532822	-0.0770769091558755	0.181405068790852	4.09951092154079	0.124440009516591	0.0290084706028259	0.102622725329229	0.0288989934468499	0.102622725329229
YLR393W_mRNA	0.671933752697442	0.762502150996357	0.0741628438878133	0.17512072046745	4.33131459726878	0.115957829795219	0.0151661295474166	0.107502937400739	0.025213763329607	0.107502937400739
YJL094C_mRNA	0.672459343379195	0.762913785997571	0.0377440222239844	0.0892768297655142	6.30942322176002	0.0301358783667662	0.00183484577696368	0.0300465635549587	0.0136561035793979	0.0300465635549587
YMR202W_mRNA	0.672558394247087	0.762913785997571	0.0372748578481027	0.0881954216620526	8.00646300678287	0.0294099916420421	0.000337005614718089	0.0307767239938709	0.0171495917893955	0.0307767239938709
YKL092C_mRNA	0.672773393572617	0.763009108614769	0.0466166409252144	0.110375801018985	5.78612505891108	0.0460620148051481	0.00362709007142883	0.0451041797309012	0.013502716454712	0.0451041797309012
YDR368W_mRNA	0.673294286233021	0.763451247877302	0.0262530195185471	0.0622653740218428	6.60887745911581	0.0121818028757927	0.00146911643248179	0.0113858949247701	0.0140387907758381	0.0140387907758381
YNL081C_mRNA	0.673557424955045	0.763452443149435	0.0279419837225015	0.066327859723384	5.57104722734292	0.016483180264089	0.00372911906022975	0.0137083585214803	0.0138684208417099	0.0138684208417099
YOR350C_mRNA	0.673547411820921	0.763452443149435	0.0405426221059423	0.0962357518983851	5.12368630588256	0.0350139155774642	0.0063524357421167	0.0306928440316734	0.0161723221171219	0.0306928440316734
YGL014W_mRNA	0.673834016873791	0.763617386171311	-0.0263943193298164	0.0627104466492802	7.11118867576942	0.0137711771422262	0.000879439836131641	0.0136763470754295	0.0148509606396772	0.0148509606396772
YLR367W_mRNA	0.674300073956339	0.763996933269084	-0.0459780991382461	0.109405558713988	7.05684300469252	0.0452501475961721	0.000915817162364483	0.0469624879477154	0.0147395522821812	0.0469624879477154
YJR061W_mRNA	0.67449819962256	0.764072819560769	-0.0294836166152127	0.0702020034960923	5.38332313711244	0.0153969949814618	0.00511999917117425	0.0111284144093311	0.0145932860082872	0.0145932860082872
YER134C_mRNA	0.674683350033633	0.764133980811809	-0.0293678848689433	0.0699686619433157	5.31722835520117	0.0139383782809751	0.00465797036521792	0.0100295856039195	0.014924484251334	0.014924484251334
YCL047C_mRNA	0.675002993609774	0.764347413172117	-0.0377468857562532	0.0900253682200259	4.8941156452692	0.0306370038155768	0.00779887398610043	0.0246193937065046	0.0182414497480314	0.0246193937065046
YMR207C_mRNA	0.675310649715709	0.764547191069514	0.0338577641116444	0.0808310682255393	6.12958684396668	0.0246980294553026	0.00235438648550281	0.0237802598764244	0.0135072805093993	0.0237802598764244
YKL072W_mRNA	0.675567166568018	0.764689005716975	0.0274378648794325	0.0655593108715691	5.66215564106823	0.00809579170281533	0.00356272734858392	0.00489623906753481	0.0136293656192362	0.0136293656192362
YJR126C_mRNA	0.676361879218772	0.765291184371445	0.0263305469434105	0.0630773334903166	7.25099555661492	0.00868396878228551	0.000748047133972013	0.00835812007495125	0.0151669528670225	0.0151669528670225
YNL011C_mRNA	0.676270982076412	0.765291184371445	0.027046300931822	0.0647727033462837	5.81154641550427	0.0107634431429508	0.00328709790896295	0.00803616191731436	0.0134949144861797	0.0134949144861797
YHR211W_mRNA	0.677459454039547	0.766274153606994	0.0398583322387595	0.0958288657974872	5.84778381309269	0.0347074901144839	0.0036653575294046	0.0330673285507266	0.0134885771384352	0.0330673285507266
YKR054C_mRNA	0.677493677519675	0.766274153606994	-0.025909233655527	0.0622989357677397	6.47541684737572	0.0132084960050452	0.00168580968714568	0.012274353635798	0.0138388199040261	0.0138388199040261
YGR212W_mRNA	0.678389112452928	0.767137998670567	-0.0364690604664466	0.0879488148147989	4.66152417200007	0.0177702613679238	0.0100559826021144	0.00860358532885955	0.0208839935071968	0.0208839935071968
YJL025W_mRNA	0.679177073890922	0.767879998542308	0.040241974721385	0.0973000560303418	4.38216598142891	0.0338212293563448	0.0133710517629291	0.0224032892533042	0.0244981518511015	0.0244981518511015
YDL218W_mRNA	0.680498623047984	0.769173841930499	-0.0593940455648128	0.144236340898077	3.72489987453395	0.0786094296394358	0.0259933004150608	0.0572231877276047	0.0366458206009681	0.0572231877276047
YNL243W_mRNA	0.680585505518661	0.769173841930499	0.0273983916908384	0.0665551825501338	7.73766367624024	0.0167373238419167	0.00044320326877646	0.0172751660283501	0.0164303522337142	0.0172751660283501
YHR138C_mRNA	0.680802931533005	0.769270341177518	0.0628197006526907	0.152709364456156	4.93696988896741	0.08811424391641	0.00768941453016145	0.0855911854402509	0.0178099089588432	0.0855911854402509
YOR015W_mRNA	0.681247756552359	0.769623701701385	0.0651472224571767	0.158601265887337	4.57644716435581	0.0950413925783477	0.0115137001299632	0.0891037460342995	0.0219498993038941	0.0891037460342995
YBR205W_mRNA	0.681774101024012	0.769770525691065	-0.0255162665474999	0.0622282072726576	6.88968490963311	0.00531729002258568	0.00105239791758156	0.00445867571846796	0.0144370012038938	0.0144370012038938
YHR103W_mRNA	0.68170446241264	0.769770525691065	-0.0255636266389448	0.062329276643686	6.55827933674124	0.0107557088967394	0.00157776597463234	0.00975949384132118	0.0139619889330682	0.0139619889330682
YPL009C_mRNA	0.681736816246452	0.769770525691065	0.0294076359561063	0.0717094582872976	7.21192879549713	0.019428335670009	0.000773590971554979	0.0197953946598757	0.0150743912229306	0.0197953946598757
YAL063C_mRNA	0.681974957427842	0.769848111213836	0.0299335108579963	0.0730496106931643	5.94086515736457	0.0201609210096549	0.00384711249687171	0.0174978699928198	0.0134717931948938	0.0174978699928198
YOR186W_mRNA	0.682137556835656	0.769882488594447	0.1086347870645	0.26525533012053	2.21453624568805	0.149403885882719	0.168166117974496	-0.0114623879460263	0.11327544265491	0.11327544265491
YLR390W_mRNA	0.682276598506832	0.769890269785164	0.0580498002619383	0.141806758263761	4.02835070832903	0.0759727927894207	0.0196397528742598	0.0607968738828477	0.03018489874767	0.0607968738828477
YDR118W_mRNA	0.683139905269397	0.770650599508258	-0.0315976884920755	0.0774107431396145	5.00449707611223	0.0169882443671739	0.00679913635874268	0.0111172929152172	0.0171705562549668	0.0171705562549668
YPR051W_mRNA	0.68321495819776	0.770650599508258	0.0380101744869208	0.0931439336508401	5.69381531507696	0.0327748977674282	0.00454470230356505	0.0301584672002434	0.0135780835060979	0.0301584672002434
YCR095C_mRNA	0.685545899779746	0.772980532633404	0.0472692958423323	0.11674112853734	5.26266867954744	0.0514755364319558	0.00568955676425829	0.0488244076044288	0.0152319625356839	0.0488244076044288
YER016W_mRNA	0.685424192472131	0.772980532633404	0.0251224325578969	0.0620195896842157	6.51134729427664	0.00748354491162956	0.00149461969208928	0.00634313939390639	0.0138910983263046	0.0138910983263046
YLR310C_mRNA	0.686334524870663	0.773719996496997	0.0338827604978424	0.0839026183104399	6.99438344844724	0.0265875019972846	0.000942392582994696	0.0272162048543947	0.0146194108546391	0.0272162048543947
YHL008C_mRNA	0.686492404710884	0.773748258820973	-0.0340582022205003	0.0843819147570533	6.21274051726416	0.0268918044457133	0.00207789236085116	0.0264033377914153	0.0135805634078171	0.0264033377914153
YOL103W_mRNA	0.68705146935173	0.774228599698875	-0.0250917801419974	0.0622841715351776	6.68742471621906	0.0110847468365659	0.00136657562630052	0.0103300538612503	0.0141506964689932	0.0141506964689932
YHR105W_mRNA	0.687625375042862	0.774725475729978	-0.0517562349353384	0.128721334265444	4.15407529933167	0.062572601169533	0.0170381091038377	0.0492386184764671	0.0279647573349346	0.0492386184764671
YLR455W_mRNA	0.688612556516536	0.775537744880213	0.0555446422877036	0.138605655310879	5.13637813850696	0.0725457586306895	0.00612416781316117	0.0707219429234722	0.016076344064189	0.0707219429234722
YML015C_mRNA	0.68853187844203	0.775537744880213	0.0256772089498729	0.064057186736414	5.84665438998895	0.00803023879326485	0.00292456903698152	0.00549088136738641	0.0134887236533538	0.0134887236533538
YCL042W_mRNA	0.689320674629799	0.775895825677428	-0.0948193177973842	0.237180443738106	4.54539456544587	0.212414555603422	0.0120209348676589	0.212997316699561	0.0223478931206133	0.212997316699561
YIR011C_mRNA	0.689166915145433	0.775895825677428	0.0248839976346349	0.0622121898364843	6.4376138086754	0.00595355795548083	0.00169426491242265	0.00450762908608384	0.0137871613445804	0.0137871613445804
YKR048C_mRNA	0.689431564767411	0.775895825677428	-0.0258313747976599	0.0646387780203814	7.67188321172909	0.00934407602533856	0.000456555385915154	0.00936430894867984	0.0162561311099574	0.0162561311099574
YLR320W_mRNA	0.689463214818408	0.775895825677428	0.0302932617516361	0.075812068859263	5.69556568328002	0.0217019356516416	0.00355728946616646	0.0194325896727201	0.0135757045463963	0.0194325896727201
YDR482C_mRNA	0.690017261840142	0.776369364132998	-0.0500649725551786	0.125529089278406	5.36475849489202	0.0594965954794335	0.0050164172627484	0.0580137917575158	0.0146819483650368	0.0580137917575158
YML034C-A_mRNA	0.690244585415494	0.776475179500032	-0.0912858663394941	0.229060376192892	2.98094852739142	0.198105144686976	0.0700319012918423	0.139842722474674	0.062034873415031	0.139842722474674
YBR110W_mRNA	0.690756104152766	0.776900591272976	0.0248256778220473	0.062402857533144	6.27146229254454	0.00639394038250345	0.00194616822575239	0.00472839238998015	0.0136302982874551	0.0136302982874551
YIL129C_mRNA	0.691245096281799	0.777300507805011	0.0247519203582631	0.062321356918437	6.96375149227111	0.00715433278796654	0.000972225764656825	0.00651808577632963	0.014563580347964	0.014563580347964
YDR537C_mRNA	0.69142005106372	0.777347205229107	-0.0651154630521602	0.164048267676927	3.82707381960646	0.101601520351389	0.0596931679509004	0.0479541685603028	0.0342787593293238	0.0479541685603028
YMR126C_mRNA	0.691612551146999	0.777413606595102	0.0295543959360512	0.0745066938722126	5.14336701719204	0.0209575803637043	0.00563395236444412	0.0165710373626263	0.0160243683586179	0.0165710373626263
YBL071C_mRNA	0.692780804617573	0.778051410411259	-0.127775027001135	0.323412202776061	1.68670817058635	0.287392592066314	0.242578162211851	0.0606777699948733	0.175803649406004	0.175803649406004
YBR108W_mRNA	0.692555924608374	0.778051410411259	0.049480228328787	0.125143200942287	6.55708847598276	0.0591199422358963	0.00147077899997998	0.0611725039683464	0.0139601733781497	0.0611725039683464
YDR198C_mRNA	0.692949706526021	0.778051410411259	-0.0297857564070961	0.0754346188938651	5.12133122047763	0.00968381637415164	0.00657117071080307	0.00355086360871861	0.0161903561998476	0.0161903561998476
YGL048C_mRNA	0.692448991791994	0.778051410411259	0.0256834181121693	0.0649335631059363	7.70740801303463	0.00239082431161993	0.000515346491131032	0.00185778299534047	0.0163501239793994	0.0163501239793994
YGL249W_mRNA	0.692981251051154	0.778051410411259	-0.0400614217121141	0.10146948038406	4.30407679886393	0.0388665850136942	0.0143991607550257	0.0267850610426192	0.0256099859273577	0.0267850610426192
YKL019W_mRNA	0.692945308548365	0.778051410411259	0.025847536837917	0.0654598002885698	6.64447722587158	0.0161754377370826	0.00132630854651091	0.0158136332687669	0.014091215600306	0.0158136332687669
YLR389C_mRNA	0.693737359140554	0.77875026095431	0.0245797324801731	0.0624186493829944	7.0328831479215	0.00893687384019514	0.000891885071583064	0.00851071882896975	0.0146924660916057	0.0146924660916057
YDL126C_mRNA	0.69395654216202	0.778846236685788	0.0280454283889926	0.0712732864249504	9.12448109041191	0.0123129303881247	0.00011616690953828	0.0128515310624461	0.0202033585217138	0.0202033585217138
YDR288W_mRNA	0.694470817912291	0.778973235494226	-0.0293431104710586	0.0747033500466498	5.1159685615584	0.0112316282531271	0.00609068024471214	0.00569720198874785	0.016231681788057	0.016231681788057
YHR160C_mRNA	0.694451828347197	0.778973235494226	-0.0602610731307444	0.153406007325551	3.91724160383954	0.0888264106946156	0.0258034962503498	0.0683301160839187	0.0323567536122247	0.0683301160839187
YPR158W_mRNA	0.6944315639893	0.778973235494226	-0.0338417047512288	0.0861444707743964	4.72520454937945	0.0264549751025416	0.0095675113917554	0.018449887366548	0.020115967988248	0.020115967988248
YDL220C_mRNA	0.694767160711094	0.779155626237311	0.0356751252144776	0.0909166052353655	5.42170688220048	0.0311984858838386	0.00479745221298515	0.028265864217108	0.0144202949134884	0.028265864217108
YOR079C_mRNA	0.695554531897349	0.77988851093802	-0.0244870220575895	0.0625741039665391	6.19903780831235	0.012722511966278	0.00209396254253578	0.0113659819215481	0.0135681114063252	0.0135681114063252
YAR033W_mRNA	0.696006445894899	0.780245055567382	-0.0331409512261799	0.0848208623295861	5.04244580274191	0.0125808477032901	0.0119441597537084	0.00122151345748068	0.01683415499163	0.01683415499163
YLR275W_mRNA	0.696608951606947	0.780770248569079	0.0648054234647104	0.166209481433694	3.09233075962956	0.0681733220203619	0.0534042445575994	0.0184386739183768	0.0570981223162311	0.0570981223162311
YIL105C_mRNA	0.696983487430368	0.78103977645111	0.0241778146746972	0.0620906127418434	6.48160960691943	0.00881131148651821	0.0015733320380889	0.00770033977676803	0.0138476447245414	0.0138476447245414
YDR513W_mRNA	0.697940048079293	0.781961292328839	-0.0281338081981972	0.0724906309148826	6.27713860770231	0.0198293315066296	0.00191319898247371	0.0191063672992772	0.0136345413074488	0.0191063672992772
YIL066W-A_mRNA	0.698605174647398	0.78240556468584	-0.0988433956196682	0.255274714710292	2.69598822904917	0.245888676384939	0.125879155310628	0.134781564571056	0.0771352631410044	0.134781564571056
YJL093C_mRNA	0.698556281765	0.78240556468584	0.0240277960112211	0.0620440306478449	6.49101175710742	0.00968623434152307	0.00153664312842187	0.00867651224287947	0.013861203827701	0.013861203827701
YNL262W_mRNA	0.699306757061603	0.78304077775147	-0.0350490814106539	0.090740445200176	6.18133639374872	0.0310672095038658	0.00236180838623245	0.0305735051942722	0.0135519933423424	0.0305735051942722
YGR247W_mRNA	0.700406010515178	0.783970301106903	0.0319124274264658	0.0829384412155572	5.83118361092093	0.0259523715898612	0.00296314951858112	0.0245519906064846	0.0134909897737721	0.0245519906064846
YLR329W_mRNA	0.700367300502911	0.783970301106903	0.0471485839478024	0.122519641772432	3.75029848874549	0.0389544199015172	0.0240065619374076	0.01709517682328	0.0360376885427723	0.0360376885427723
YAL041W_mRNA	0.701547135252815	0.785080842141935	-0.0238852330225363	0.0623256436448015	6.38452334182615	0.00575336785946555	0.00181488453889238	0.0041864369229519	0.0137230588840628	0.0137230588840628
YKL128C_mRNA	0.701667687098019	0.785080842141935	-0.0317989951155396	0.0830108738849875	6.63177348724457	0.0259953196411863	0.00137804357017325	0.026185177162424	0.0140727579850045	0.026185177162424
YKR016W_mRNA	0.701848852032086	0.785132759588889	-0.0269471014017415	0.0703899631483546	6.41364552061168	0.018691360811288	0.00185127421807417	0.0179677134300327	0.0137568136750433	0.0179677134300327
YMR002W_mRNA	0.702069219707994	0.785228503363174	-0.0395732502176341	0.103451706181851	6.84689441196307	0.0403726984799708	0.00104771371534194	0.0417613083324018	0.0143693097272864	0.0417613083324018
YLR278C_mRNA	0.703226253797794	0.786371622768896	-0.0236914850812791	0.0621874359258982	6.83332878122843	0.0119982442821591	0.00112042589912925	0.0115744682702251	0.0143486828490215	0.0143486828490215
YNR042W_mRNA	0.704007737596803	0.78709443086528	0.202068331555171	0.531876278807762	2.82088726675705	1.06701996640933	0.357451662909121	0.77411784092445	0.0700424615976128	0.77411784092445
YNL306W_mRNA	0.704297971409495	0.787267839875617	-0.0235403049179572	0.0620256871741206	6.46708047524737	0.0135987173033034	0.00156165756983629	0.0128500692678087	0.0138270859078512	0.0138270859078512
YGL172W_mRNA	0.705031357060171	0.78763426389886	-0.0234589767138645	0.061972665865511	6.68817334498673	0.003426371514227	0.00121076043952359	0.00230311658615913	0.0141516848183895	0.0141516848183895
YGL202W_mRNA	0.704969177666025	0.78763426389886	-0.0250130703080959	0.0660635758716212	7.99908826863047	0.00940252348413952	0.000327866187951846	0.00956750792041541	0.01712971803983	0.01712971803983
YLR117C_mRNA	0.704967175468723	0.78763426389886	0.0240457959957076	0.0635083953268133	6.02090934738383	0.0138170930163638	0.0026812175461987	0.0119576105984576	0.0134520475617485	0.0134520475617485
YIR010W_mRNA	0.705757810183168	0.788294670653209	-0.0242465923871228	0.0642192514042433	5.88623329080596	0.0105566646029849	0.00301250547653025	0.0081302359574144	0.0134839435271554	0.0134839435271554
YOR057W_mRNA	0.705943896325906	0.788351378185687	0.0358906029820204	0.0951225432803609	5.60742372394011	0.0341238161984402	0.00427953185020099	0.0319136611102955	0.0137604997633758	0.0319136611102955
YBR260C_mRNA	0.706526763245289	0.788699927700145	-0.0239829394007509	0.0636955063724109	5.90443488005696	0.0111248285391408	0.00274731985563174	0.00900780175564762	0.0134811502725196	0.0134811502725196
YLR424W_mRNA	0.706398167534779	0.788699927700145	0.0301086848445567	0.0799279464097281	4.92583758682515	0.0165026951651021	0.00763376787330574	0.00978868183128391	0.0179201385957997	0.0179201385957997
YEL047C_mRNA	0.707591762654475	0.789737473031604	-0.0235708774104753	0.0628401923425878	7.18632149105911	0.00558079753735056	0.000780045376850541	0.00504064162405373	0.0150155137177632	0.0150155137177632
YHR021W-A_mRNA	0.707953648012689	0.789990031281732	-0.108932041864777	0.290791113268976	1.99513321042485	0.0971905323970877	0.202524565713896	-0.101782192358396	0.135713320510945	0.135713320510945
YML061C_mRNA	0.708574161485468	0.79053103500849	0.0237602353684301	0.0635688419502904	5.9730995732926	0.0151246565766155	0.0027061522659024	0.013337537270539	0.0134578384017016	0.0134578384017016
YLR247C_mRNA	0.709499592290876	0.791411951883332	0.0239550262028189	0.0643039206705251	6.38731496684865	0.0155903366055452	0.00183380152560268	0.0147061753288021	0.0137261304335619	0.0147061753288021
YGL056C_mRNA	0.710332198813312	0.792189010391722	0.0359380272657936	0.0967610724191668	6.56574636846893	0.0352985103209755	0.00144792853242716	0.0360028920104018	0.0139733771670244	0.0360028920104018
YIR009W_mRNA	0.711210069138871	0.793016241684796	0.0638601665401749	0.172487161990088	3.02410085482431	0.0412016386224257	0.0589431421645011	-0.0159637067463418	0.060064142041078	0.060064142041078
YBR169C_mRNA	0.712633081622413	0.793843276009977	0.0317989723079931	0.0863346864151832	6.3451760042295	0.0280967113966818	0.00174846746339956	0.0280662448502325	0.0136839554588181	0.0280662448502325
YDL216C_mRNA	0.712278230181027	0.793843276009977	0.0252688074378311	0.0685166444269562	5.42190645340848	0.00917752144041279	0.00435869131602155	0.00529193519032639	0.0144194309380982	0.0144194309380982
YFR021W_mRNA	0.712596528506786	0.793843276009977	0.0232476787509264	0.0631093955907053	6.02951084843412	0.012487830389269	0.00247780461174422	0.0107475980718137	0.0134533786355523	0.0134533786355523
YGR135W_mRNA	0.712314992421038	0.793843276009977	0.024894677140102	0.0675112138384907	7.65450270867139	0.0171809175640426	0.000457205819139195	0.0177738501566465	0.0162102285615595	0.0177738501566465
YNL316C_mRNA	0.712611079593036	0.793843276009977	-0.0268563116589346	0.0729094469693594	5.15852891208922	0.0167526820416585	0.00534938528187799	0.0123938421982071	0.0159137645476334	0.0159137645476334
YOR213C_mRNA	0.712808493622475	0.793886882784275	-0.0273020657106318	0.0741728955622468	5.15692332752267	0.0135556033374215	0.00608113689764657	0.00822975159471426	0.0159253368467053	0.0159253368467053
YBL031W_mRNA	0.713216155921641	0.794189091054946	-0.0273831885740405	0.0745039399961512	5.1303081570882	0.0154821923547483	0.00608135700279689	0.0102924665154388	0.0161219912970035	0.0161219912970035
YLR208W_mRNA	0.714647692715555	0.795631083080608	0.0231133886072583	0.0632167485242509	7.29016728188419	0.00777406549598564	0.000722343081289437	0.00745437602643515	0.0152630860946241	0.0152630860946241
YGL150C_mRNA	0.714818759809256	0.795669486940911	-0.0323997037609537	0.0886710643541896	6.9973093354407	0.029633479454844	0.000978196595390305	0.030472034019429	0.014624850093952	0.030472034019429
YPR170C_mRNA	0.715297041920285	0.796049773873463	0.157458184903903	0.431686395254719	1.7167600051082	0.702329891697445	0.224409893212156	0.521002682179898	0.17138831032898	0.521002682179898
YDR308C_mRNA	0.715483903672113	0.796105657523631	0.0313929864518961	0.0861259193762408	4.72244053521693	0.0277910466526887	0.00952200562476376	0.0199725387607258	0.0201486903288472	0.0201486903288472
YJR009C_mRNA	0.716244066221347	0.796799299179983	0.0302084921083275	0.0831083909166214	11.0819145413698	0.0260294981242556	2.23707483116883e-05	0.0276056478146881	0.0250551957713663	0.0276056478146881
YNL257C_mRNA	0.716809775121193	0.797276393634224	-0.0257312617796185	0.070938616867827	6.17039393797852	0.0189637655777216	0.0021860287313219	0.0179431207211595	0.0135421278856957	0.0179431207211595
YML021C_mRNA	0.718242340132446	0.798717288339689	0.0238602574655712	0.0661299103452208	5.58648787162698	0.00613765589675447	0.0036712281799923	0.00274217117043796	0.0138214319890755	0.0138214319890755
YER051W_mRNA	0.718841026058713	0.798928660474796	0.0255213954226961	0.070891156802992	5.32180690494472	0.0116105344692567	0.00520210299039773	0.00705165776257112	0.0149001214610678	0.0149001214610678
YIL152W_mRNA	0.718777540720961	0.798928660474796	0.0253193104398022	0.0703132414539071	5.35480832222805	0.0135861009363585	0.00504495855278671	0.00932841602726969	0.014730849142235	0.014730849142235
YKL049C_mRNA	0.718843810197199	0.798928660474796	0.0267012439874478	0.0741692065953742	5.14380117808808	0.0120090237945139	0.00598312468366645	0.00667998468746206	0.0160211601442827	0.0160211601442827
YDR112W_mRNA	0.71921443699837	0.799188119388233	0.126049925368287	0.350617002421973	1.54873147247049	0.296221641161655	0.294041898663257	0.0187988358141302	0.197687230886223	0.197687230886223
YDR265W_mRNA	0.719666629802451	0.799385659719558	0.0244800996486306	0.0682078616037725	5.45877806797557	0.0082278085351871	0.00434334950964577	0.004300938126967	0.0142659000285917	0.0142659000285917
YER045C_mRNA	0.719575667434608	0.799385659719558	0.0224354276686124	0.0624897083832015	6.2271063304503	0.011679934318822	0.00202642247030037	0.0103439790385308	0.0135934321449699	0.0135934321449699
YLL018C-A_mRNA	0.719907113754654	0.799500351645942	-0.0607080462228608	0.169299874745708	3.01212157303182	0.0303230510551467	0.0540461152691498	-0.0226101225318346	0.0606036750865004	0.0606036750865004
YHL009C_mRNA	0.720168126870848	0.799544569367212	-0.025877902302586	0.0722374055982949	5.25466988405204	0.00998147651981746	0.0055931872759805	0.00490991875880043	0.0152797837943097	0.0152797837943097
YOR078W_mRNA	0.720358641367747	0.799544569367212	-0.0392062050937993	0.109520805258355	5.48279570179576	0.0451905123999988	0.00404546976257119	0.0439337573751827	0.0141722397678362	0.0439337573751827
YPL257W_mRNA	0.720252509475155	0.799544569367212	-0.0570436408195519	0.159285790585488	3.21324862104152	0.0626173573289679	0.0492254258671152	0.0169348921402219	0.052262426462661	0.052262426462661
YNR010W_mRNA	0.721714256969298	0.800896621162501	-0.0403727120223906	0.113352790380475	3.955599247747	0.0348717477215695	0.0198120335374342	0.0170848516282353	0.0315833868107255	0.0315833868107255
YGR004W_mRNA	0.722062921110491	0.800980297879443	0.0251931356681517	0.0708263028037807	5.31262592919612	0.0122387331207185	0.0051162668265119	0.00781532035003103	0.0149491938488994	0.0149491938488994
YIL132C_mRNA	0.722202112042691	0.800980297879443	0.045131739560212	0.126946688210765	3.7311314603793	0.035527125647896	0.0279664752712599	0.00951633823270557	0.0364953713194644	0.0364953713194644
YNL019C_mRNA	0.722080919684128	0.800980297879443	0.164201389898477	0.461656034556086	3.90616367693169	0.26766589812802	0.81992026976691	-0.540838835042487	0.0325849072012895	0.0325849072012895
YPR038W_mRNA	0.722554406550128	0.801218494967842	0.0417961745306878	0.117720128710365	3.87121844013886	0.0217832700723396	0.0221130408043221	0.000727057071641855	0.0333190740100177	0.0333190740100177
YHR056C_mRNA	0.722953862124313	0.801508886914604	-0.0499900612934054	0.141010197552453	6.00300803125786	0.0748995380322838	0.00428668052976277	0.0752488227253647	0.0134514735875799	0.0752488227253647
YGL243W_mRNA	0.723438177994246	0.80189323154385	-0.0257169660847157	0.0726739965350908	5.21989636263126	0.0130818738522692	0.00562984162787711	0.00819749111538203	0.0154961974616524	0.0154961974616524
YPL099C_mRNA	0.723699742752601	0.802030569008304	0.0436936415212506	0.123596469060594	4.59325412869093	0.05753982789569	0.0122850875950811	0.0488192610619046	0.0217362673652999	0.0488192610619046
YJR121W_mRNA	0.725012965891298	0.803333118920255	0.0237147682986558	0.0674161147292661	8.28616556561777	0.0104461905425326	0.000271712573713562	0.0107599515117259	0.0179080175270447	0.0179080175270447
YGR293C_mRNA	0.726608474539462	0.804947893642689	-0.169012669070609	0.48338978084694	2.53345300381338	0.164924314173587	0.847026998353415	-0.678483885254964	0.0876357225555965	0.0876357225555965
YGR296W_mRNA	0.730246658799419	0.808487885508476	-0.0556686870621496	0.161453308008606	5.55476402135557	0.0981438378816345	0.0125460909600635	0.0917225917076238	0.013919902283484	0.0917225917076238
YNR059W_mRNA	0.730047163184502	0.808487885508476	0.0289494546500174	0.0838961925375011	5.85326917612412	0.0265008177697562	0.00290756460829782	0.02524671988086	0.0134878908593148	0.02524671988086
YOR071C_mRNA	0.730359035604378	0.808487885508476	0.0315021720026026	0.0914039090891118	5.74497651306118	0.0314554216521787	0.00370857083720283	0.0297101275498796	0.0135251990728535	0.0297101275498796
YPL283C_mRNA	0.730246658799419	0.808487885508476	-0.0556686870621496	0.161453308008606	5.55476402135557	0.0981438378816345	0.0125460909600635	0.0917225917076238	0.013919902283484	0.0917225917076238
YFR008W_mRNA	0.731550463745012	0.809499145636931	0.0323345861000332	0.094252398828088	4.45411102221121	0.0188368018228888	0.0119982112968274	0.00788535481105052	0.0235358474425684	0.0235358474425684
YGR117C_mRNA	0.731441725978354	0.809499145636931	-0.0215944231895818	0.0629192833052285	6.02854365346531	0.0049838561237143	0.00238214842451615	0.00282446339006612	0.0134531964220583	0.0134531964220583
YLR086W_mRNA	0.73172646578997	0.809540142364672	0.0362322735092571	0.105685876418548	6.26102860647647	0.0420495574092382	0.00207848410535525	0.0425995337920715	0.013622167485441	0.0425995337920715
YGR075C_mRNA	0.731945172580192	0.809615788294913	0.031258212177793	0.0912544171749597	4.57145371250165	0.0302483767652877	0.0112958515767286	0.0208339590064934	0.0220136230390377	0.0220136230390377
YKL025C_mRNA	0.732072772526193	0.809615788294913	-0.0213578916658531	0.0623825609163611	6.37803568489682	0.00283694098997234	0.00185027129791675	0.00105897703807922	0.0137160643280172	0.0137160643280172
YIL108W_mRNA	0.732661003039377	0.80979824871517	0.0212177431198029	0.0621150213519131	6.59884229242369	0.00744013855949368	0.0014094155820732	0.00643353498221344	0.0140236879281213	0.0140236879281213
YLL015W_mRNA	0.732454614555012	0.80979824871517	-0.0214782406013226	0.0628271918252737	7.17696753657326	0.00905385187804843	0.00079466327040397	0.00877408807912554	0.014994360860195	0.014994360860195
YNL158W_mRNA	0.732789596018223	0.80979824871517	0.0296593482178667	0.0868713000315872	5.10747008107853	0.0284086388547204	0.00625204586034081	0.0239344452163714	0.0162979127041128	0.0239344452163714
YOR269W_mRNA	0.732793746520147	0.80979824871517	-0.0420969714859486	0.123302699616192	5.18537566274588	0.0572325160707365	0.00585843462572477	0.054955788304839	0.0157252297792279	0.054955788304839
YHR057C_mRNA	0.733330419722249	0.810084001763713	0.0371633353830442	0.109079769645565	6.62528677930632	0.0447889758772817	0.00140276357027955	0.0461908210134387	0.0140632168646472	0.0461908210134387
YPL054W_mRNA	0.733199047731542	0.810084001763713	0.0557297888207323	0.163491263781348	5.13749586977575	0.100617950939071	0.00655862584279924	0.100358947488491	0.0160679896930888	0.100358947488491
YCL012C_mRNA	0.735330287467431	0.811677577640252	-0.0364027035473675	0.107686396740194	4.10599923873426	0.0228442271905172	0.0175998379049603	0.0064975035632917	0.0287856022665856	0.0287856022665856
YEL062W_mRNA	0.735329031102762	0.811677577640252	-0.0240502159569938	0.0711449445177991	5.28759817479854	0.00826827677300114	0.00515893288437519	0.00353467426167516	0.0150874796373876	0.0150874796373876
YIL039W_mRNA	0.735076355347021	0.811677577640252	0.0210385383867782	0.0621741771927653	6.83786228678496	0.00335928834186017	0.00110698173731018	0.00236579288683948	0.0143555315010793	0.0143555315010793
YLR269C_mRNA	0.735038051410941	0.811677577640252	-0.0960052382557905	0.283677029846399	2.01118973966909	0.154282312487193	0.187974199140084	-0.0253051516959632	0.133916429909815	0.133916429909815
YJR020W_mRNA	0.735510366220768	0.811722559879181	0.0739266568379335	0.218844368888942	2.4674473733762	0.066495348211351	0.0992148347340155	-0.0295312903907777	0.0923565964435823	0.0923565964435823
YNL183C_mRNA	0.735684308005776	0.811760753492736	0.024896835865042	0.0737522519600273	6.13002781157069	0.0204723674145456	0.00231148148784588	0.0194460971888555	0.0135076327398096	0.0194460971888555
YDL219W_mRNA	0.736209051615648	0.812103796058402	-0.0487254968952289	0.144638509080582	4.32882260669486	0.0787355600998501	0.015507710178229	0.0681734830579855	0.0252496334625883	0.0681734830579855
YOR111W_mRNA	0.736273987432283	0.812103796058402	0.0280095661825519	0.0831658632831273	4.78951174449492	0.0191175521234649	0.00829419045512261	0.0119647480206656	0.0193720528073886	0.0193720528073886
YNL118C_mRNA	0.737332740515627	0.813117650244944	0.0311120119802245	0.0927643551153667	7.12933690590714	0.0323842974424095	0.000912329101728266	0.0335085732181512	0.0148895886348498	0.0335085732181512
YDR264C_mRNA	0.737481148530437	0.813127398057972	-0.0211101810115831	0.06297959229063	7.2212774602757	0.0138462719140975	0.000769476061163184	0.0139384896347008	0.0150962401192128	0.0150962401192128
YNL027W_mRNA	0.737662552549056	0.813173515827966	0.0207809666514981	0.0620419345689039	6.43573996798387	0.00901860016201264	0.00161209218999637	0.00792730839073977	0.0137847143902123	0.0137847143902123
YPR168W_mRNA	0.738742777515981	0.814210257625445	-0.0426472170434539	0.127870543018394	3.73898432632313	0.061528278913871	0.0244381470342287	0.040965356053047	0.0363069345967483	0.040965356053047
YNL208W_mRNA	0.739432638828364	0.814816446721023	-0.0406508728679168	0.122219751426979	8.53190267157473	0.0562079574424368	0.00019529837269919	0.0595553721827907	0.0185798528630503	0.0595553721827907
YNR030W_mRNA	0.740856120266215	0.816230665028549	-0.0207073003420302	0.0626128169529563	6.18992373192944	0.0118389924462884	0.00212165795490583	0.0104404647268446	0.0135598014322318	0.0135598014322318
YOL128C_mRNA	0.741722791299142	0.81703100436922	-0.049677105218026	0.150731819853807	3.76388934525553	0.0854797216034692	0.0244304588088409	0.0664498672569209	0.0357177372276143	0.0664498672569209
YKR003W_mRNA	0.741935776322072	0.817111121522191	0.0211250141909775	0.064153034111273	6.29506892843901	0.0154839549930984	0.00210674464623065	0.014355702496498	0.0136469806745329	0.014355702496498
YER144C_mRNA	0.742720545391964	0.817769728210163	0.0228681739139649	0.0696663530152809	6.73514766617842	0.0182588170059882	0.00118690370446995	0.018226699265329	0.0142113869941335	0.018226699265329
YLR266C_mRNA	0.742814521402022	0.817769728210163	-0.0207521564079041	0.06324399647476	5.98107286806204	0.008748197010985	0.00254402763786163	0.00670599716088567	0.0134551847225362	0.0134551847225362
YJR142W_mRNA	0.743192595289507	0.817876853070772	0.0207400526233087	0.0633035731231304	5.97837515965947	0.0103885504377733	0.00257336785753905	0.00843432195927014	0.013456001623083	0.013456001623083
YPL013C_mRNA	0.74312328718412	0.817876853070772	0.0284947588538126	0.0869484565595742	5.13685447328697	0.0284406476414472	0.00623138426407472	0.0240087521282939	0.0160727817994646	0.0240087521282939
YDL030W_mRNA	0.74349292284553	0.817898370184679	0.0218045581250156	0.0666334663829725	5.60162175274091	0.0161133369804667	0.0039830056882141	0.013145444289421	0.0137770696806288	0.0137770696806288
YLR453C_mRNA	0.743471337504365	0.817898370184679	-0.0347217653133411	0.106098449240184	4.14015495855754	0.0107014192148233	0.0168285558439937	-0.00570720696710444	0.0281989678806939	0.0281989678806939
YMR066W_mRNA	0.744845991672569	0.819232159238132	0.0284436106351158	0.0873997318729015	5.63856862163622	0.0287336060870221	0.00382435688273166	0.0267304956430886	0.0136788512476198	0.0267304956430886
YBL062W_mRNA	0.746266957906899	0.820535919499605	-0.0539891495774462	0.166856904989172	3.58485878825146	0.0863774120624247	0.0711138585428204	0.0206005605891787	0.0402510484274424	0.0402510484274424
YDR497C_mRNA	0.746313051395195	0.820535919499605	-0.0228495742965491	0.0706313526581935	8.4763655362527	0.0187640359312263	0.000204890087504126	0.0197502618258002	0.0184277166177607	0.0197502618258002
YER154W_mRNA	0.746557965383854	0.820650321948364	0.0200953683163784	0.062179866927312	6.7393739611023	0.00720367705838056	0.00124848144242112	0.00635436574076642	0.0142168619619718	0.0142168619619718
YDL116W_mRNA	0.747146607647401	0.821142451641908	-0.0201168065364789	0.0623962565354037	6.27968812799587	0.00850413554576523	0.00193676912013457	0.00705918013454929	0.013636402198393	0.013636402198393
YCR096C_mRNA	0.749429830544855	0.823341164011753	-0.103397007519961	0.323731477578271	3.31709781182349	0.239088340667371	0.370706110523554	-0.117594585855395	0.0485021677764867	0.0485021677764867
YGR089W_mRNA	0.749416404907176	0.823341164011753	-0.0230366036831949	0.0721225932545849	6.29576892199034	0.0195610782714626	0.00186109436702976	0.0189455794640354	0.0136474337946391	0.0189455794640354
YOL033W_mRNA	0.749970293155557	0.823779586712722	0.0233107370274293	0.0731481240769177	5.22572357007775	0.00373226997285313	0.00594364281767569	-0.00210003654983648	0.0154589494062129	0.0154589494062129
YOR026W_mRNA	0.750169717361278	0.823843312600717	0.0222815397533827	0.069976284938801	5.32615081261554	0.0138684285016939	0.00470951423190318	0.0100076685874027	0.0148772075834419	0.0148772075834419
YPR196W_mRNA	0.75055089724334	0.824106582612081	-0.0302046978102786	0.0950093061757207	4.42319181396796	0.0278976825032804	0.0121641572591407	0.0174655529172854	0.0239429157808266	0.0239429157808266
YPR165W_mRNA	0.750918319073298	0.824354649881483	0.0204617283988284	0.0644608607283986	7.62242263113468	0.00696942479762143	0.00049515919985121	0.00685245813215248	0.0161256510635328	0.0161256510635328
YJL092W_mRNA	0.753309519005908	0.826823899345972	-0.0229673144588449	0.0730794940729776	6.36050335268477	0.0200789525037132	0.00173841832131288	0.0196240314945366	0.0136982153044451	0.0196240314945366
YGL134W_mRNA	0.753757064294926	0.827159287357739	0.0205859931692644	0.0656254334586606	5.65896396941657	0.0085448389229701	0.0035913260236042	0.00544277764678805	0.0136354640429441	0.0136354640429441
YDR409W_mRNA	0.754402981168049	0.827712197417148	0.0198041260894595	0.0633045300416728	5.99979331344294	0.0132649459010675	0.00257815176495074	0.0115222321547166	0.0134517023302375	0.0134517023302375
YGR093W_mRNA	0.755067934130321	0.828285781254614	-0.0201498799703618	0.0645904153558725	5.79964408338125	0.00812373247529873	0.00318957367617752	0.00539842035797969	0.013498113347199	0.013498113347199
YDR203W_mRNA	0.755620068534691	0.828720729452589	0.100560166221571	0.323097835853149	1.72270980577354	0.231310398226377	0.247040582004329	-0.00209725448478479	0.170528264127624	0.170528264127624
YKL085W_mRNA	0.755748924747958	0.828720729452589	0.0335713114438748	0.107922740560465	7.60038497894157	0.0437838623928537	0.000480608942436628	0.0461086627778891	0.0160676625115452	0.0461086627778891
YBL047C_mRNA	0.756066820333278	0.828913303587068	-0.0256581920071737	0.0825952157861575	8.04588404115353	0.0256442448553984	0.000355828987577208	0.0269320496954705	0.0172559449075128	0.0269320496954705
YOR089C_mRNA	0.75667212204777	0.829420843471366	0.0192542389606239	0.0621397502108238	6.86627045115638	0.00808113898942516	0.00104592702706769	0.00750651454218704	0.0143994671979866	0.0143994671979866
YNL330C_mRNA	0.757050115832518	0.829679077283719	0.0192064988450448	0.0620852615157287	6.82909804970737	0.00433259423998065	0.00107598674878763	0.00346068148036744	0.0143423320411181	0.0143423320411181
YHL018W_mRNA	0.757497852876981	0.829701539925041	-0.0961476847633744	0.311391139329849	1.76960635647174	0.180093362354393	0.223949037617992	-0.0336331143198156	0.163908728994574	0.163908728994574
YHR100C_mRNA	0.757379463148959	0.829701539925041	0.0292616939572241	0.0947213855733755	4.4584843321394	0.0337243250993086	0.01194130735662	0.0239472561831403	0.0234785257311891	0.0239472561831403
YMR305C_mRNA	0.757303843073102	0.829701539925041	-0.0205648682212432	0.0665479649591774	8.09553973399969	0.0141943467207845	0.000324341394860559	0.0147630547188493	0.0173901851659711	0.0173901851659711
YJL209W_mRNA	0.757825238067393	0.829904104695607	-0.0213102383199889	0.0691132652248574	5.41353710655413	0.0128669665090126	0.0046505997509711	0.00900568543518389	0.0144559739691948	0.0144559739691948
YDL101C_mRNA	0.758026043178844	0.829947731961438	0.0223350911303109	0.0724991167437817	5.21793154542209	0.010113912352639	0.00551564029973905	0.00517816399357441	0.0155088474147749	0.0155088474147749
YHR043C_mRNA	0.758149987898862	0.829947731961438	-0.0213128292692919	0.0692174788476293	6.50145749729996	0.0180077514623386	0.00164831948523426	0.0175159180268538	0.0138764716787391	0.0175159180268538
YDR363W_mRNA	0.758966869329006	0.830685887790868	-0.0360640145232069	0.117534475329682	5.37789487656345	0.0519204142980965	0.0052402180787575	0.0500171934853373	0.0146188673677687	0.0500171934853373
YOR025W_mRNA	0.759168616835293	0.830750631420439	-0.019914831262051	0.0649595663236285	5.70594096679625	0.0153490440522476	0.00331647753761269	0.013015612374311	0.0135625034902029	0.0135625034902029
YJL019W_mRNA	0.759734142107374	0.831213354350716	-0.0291764549212938	0.0954009155979063	5.24586210967485	0.0342053203409702	0.00629183674808991	0.0301135020395855	0.015333279384734	0.0301135020395855
YDL242W_mRNA	0.76034166432149	0.831565709843627	-0.142385367063	0.466788061097452	1.44561725533824	0.81886637560462	0.206043432414789	0.665520943517685	0.215916727905555	0.665520943517685
YNL184C_mRNA	0.760261249225785	0.831565709843627	-0.0973763840046525	0.319122715752997	1.81186487676505	0.221409654548488	0.249177899744678	-0.0146624584889611	0.158179331093594	0.158179331093594
YPR037C_mRNA	0.761071611008979	0.832207808884818	0.0284553165914637	0.0935802746743407	6.43935211267009	0.032909721161619	0.00165354105990307	0.0333755301725972	0.0137894418908953	0.0333755301725972
YGL133W_mRNA	0.761751291836006	0.832719422306753	-0.0203524895969371	0.0671296472165711	6.34413645267501	0.0169343139543177	0.00177748523562896	0.0162480729060562	0.0136830361915202	0.0162480729060562
YGR205W_mRNA	0.761974880099977	0.832719422306753	-0.0211903132810396	0.0699607854505287	6.01839025455309	0.0183925841037113	0.00259355543476761	0.016984490568652	0.0134517836645271	0.016984490568652
YIL063C_mRNA	0.762111218630211	0.832719422306753	-0.0188068129209094	0.062128244295761	6.36768021773737	0.00763883023724056	0.00173434436973982	0.00634906053809161	0.0137053305873552	0.0137053305873552
YKL073W_mRNA	0.761940798963675	0.832719422306753	-0.0245138288337099	0.0809215759996931	6.56074528228179	0.0246072395402469	0.00144824120853983	0.0247449646405566	0.013965749235854	0.0247449646405566
YPL045W_mRNA	0.76239776633747	0.832876314772567	-0.019247620892437	0.0636635188442985	5.93706312639884	0.0119385235372881	0.00273908135066099	0.00994634503642803	0.0134730931758924	0.0134730931758924
YOR076C_mRNA	0.76415470489064	0.83463916585918	-0.0201672251959496	0.0672174892623442	5.51702381803968	0.0134549370591571	0.00402569753303708	0.0102741016097443	0.0140470659178963	0.0140470659178963
YBR015C_mRNA	0.765471907650451	0.835138452054593	0.018809239204495	0.0630541382883673	7.26677859611796	0.00638483189850122	0.000698011040564605	0.00604179814227188	0.0152052863805896	0.0152052863805896
YHR124W_mRNA	0.764918165076039	0.835138452054593	-0.0230694179556388	0.0771478448052339	5.03777389386458	0.0168725433627028	0.00693250597961217	0.0109931624676232	0.0168746538527577	0.0168746538527577
YJR038C_mRNA	0.765263280417445	0.835138452054593	0.1144951798156	0.383470303616353	1.33174627904208	0.552480474341242	0.288294473143262	0.29990342187921	0.238120169835278	0.29990342187921
YNL043C_mRNA	0.765225862361851	0.835138452054593	0.0314965136906136	0.10547164056509	4.1849517910637	0.0179212800093055	0.0170419660541258	0.00187596813451213	0.02745510179984	0.02745510179984
YNR039C_mRNA	0.765352846401635	0.835138452054593	0.0193557152116672	0.0648521696565696	5.79956023816112	0.00276984295822484	0.00332507711062096	-0.000464429287195827	0.013498138526037	0.013498138526037
YNR049C_mRNA	0.764756062837631	0.835138452054593	0.0225638420993749	0.0754035432556898	5.47696915898492	0.0213623593779902	0.00410686506834884	0.0186359122737019	0.0141945120845486	0.0186359122737019
YOR267C_mRNA	0.767304204544916	0.836980770582041	0.0189595119412525	0.0640734148799298	7.51398648519782	0.0148736156820238	0.000580376633306391	0.0152529364279904	0.015841233344196	0.015841233344196
YHR011W_mRNA	0.767739240678543	0.837141833463072	0.0212744451218315	0.0720353625937695	5.24877563497493	0.0114636830859727	0.00544088809438671	0.00671231463622925	0.0153154857616766	0.0153154857616766
YKR004C_mRNA	0.767693286446641	0.837141833463072	0.0255370070181411	0.0864508044166595	4.68778494187512	0.0122221230680667	0.00933116483085853	0.00357764167708588	0.0205638015062915	0.0205638015062915
YNR011C_mRNA	0.768987965399638	0.838346535632165	0.0187593661729907	0.0638727748194769	5.93537581005342	0.00828897339007737	0.00284528352738383	0.00593521258506695	0.0134736419251746	0.0134736419251746
YNL172W_mRNA	0.769939015728714	0.839226324721326	0.0365213021393897	0.124878506746489	5.78360047179646	0.058575676205658	0.00317925329945535	0.0591993124894763	0.0135037063741549	0.0591993124894763
YEL030W_mRNA	0.770440933769814	0.839616326251952	-0.0256197137809145	0.0877994284461808	4.84505700514853	0.0289543265682347	0.00860225747283585	0.0222327010690682	0.0187586139500298	0.0222327010690682
YLR115W_mRNA	0.770832158808318	0.839885572698197	0.0228314972492767	0.0783815654108649	5.94724222699169	0.0230753745104671	0.00282486956846437	0.0217498096165664	0.013469404509475	0.0217498096165664
YDL093W_mRNA	0.77234296600089	0.840274532198167	0.0197180212228726	0.0681549715870377	5.94399193325437	0.0174453873304972	0.00270490867976152	0.0158754919283582	0.0134706555775281	0.0158754919283582
YDL134C_mRNA	0.772032305145345	0.840274532198167	0.0183929475008314	0.0634857830573399	7.31922329014682	0.013078965724072	0.000785233415758481	0.0131312868549561	0.015336545185856	0.015336545185856
YDR042C_mRNA	0.771474524510398	0.840274532198167	0.0565902470360873	0.194838667031219	2.70787609767466	0.134834238240066	0.0754228536197935	0.0681274141918188	0.0764255710622148	0.0764255710622148
YDR270W_mRNA	0.772259656977671	0.840274532198167	-0.0229965017860102	0.0794570762798232	5.96422320857089	0.0237111511166723	0.00286424996483284	0.0223894579189177	0.0134616621023149	0.0223894579189177
YDR334W_mRNA	0.772128528684938	0.840274532198167	-0.0180239230553896	0.0622390622101874	6.84245935778317	0.0143473291098944	0.00113228150015825	0.0141470391740697	0.014362521959056	0.014362521959056
YIR002C_mRNA	0.771789339185763	0.840274532198167	0.0185330449143662	0.0638993041519183	6.11562105624286	0.0153352449997837	0.00247614892037229	0.0138563353640252	0.013496495901606	0.0138563353640252
YML088W_mRNA	0.771632655499018	0.840274532198167	0.0180076627475853	0.0620440471609976	6.81198014973163	0.00492333238981572	0.00108082013911292	0.00410152858779513	0.0143170350133515	0.0143170350133515
YPL094C_mRNA	0.772117116609479	0.840274532198167	0.0180513588263222	0.062330591324417	7.02219225173263	0.00537766513448431	0.000868553021678966	0.00480013060656089	0.014671857437727	0.014671857437727
YNL138W_mRNA	0.772670531095849	0.840473957088203	0.0185007306126569	0.0640421853134306	7.51252386305325	0.0126848445312925	0.000568192963595132	0.0129249184533034	0.015837413035284	0.015837413035284
YML057C-A_mRNA	0.773324421854669	0.841028202674128	-0.0634167194683023	0.220174654150646	2.82922696232864	0.182052793848831	0.0787119300190314	0.115195583302396	0.0695964444285722	0.115195583302396
YDR164C_mRNA	0.773761375539878	0.841346355710215	0.0263774636027356	0.0917609874167022	6.12963311572084	0.0316204997199329	0.00225690662568155	0.0314234086210712	0.0135073174383151	0.0314234086210712
YEL074W_mRNA	0.774551103565938	0.84204790620921	0.081634909054029	0.285011229012083	2.05344512348414	0.107026434604933	0.195615417790131	-0.0828483116780629	0.129310184861781	0.129310184861781
YEL061C_mRNA	0.775197196259672	0.842435901027579	0.0258956270007352	0.0906762238335291	5.69509197488514	0.0308749518559139	0.00356683298997824	0.0293218772848548	0.0135763439490874	0.0293218772848548
YHL034C_mRNA	0.775178425950834	0.842435901027579	0.0189232576699119	0.0662560643816896	8.00118000334958	0.0113604059343389	0.000424110066639282	0.0116454420970547	0.0171353542027631	0.0171353542027631
YGL063W_mRNA	0.776698783843995	0.843910316052801	-0.0241362821732761	0.0850996704933374	5.55876238973815	0.0271919773253846	0.00374026097072778	0.0252275547015706	0.013907075356576	0.0252275547015706
YGR099W_mRNA	0.779536754185441	0.846835936954014	0.0192094165771351	0.0686239861568574	5.48677412892302	0.00553781768628844	0.00467981061571863	0.0011481364238093	0.0141571952885076	0.0141571952885076
YJL202C_mRNA	0.780414625293521	0.84763154492171	-0.0515004474061973	0.184735916567511	2.92297925084475	0.103375765244152	0.0717053391861111	0.0382966104088981	0.0648040962940419	0.0648040962940419
YNL051W_mRNA	0.780655970052611	0.847735634953683	-0.0187840166186124	0.0674557455390415	5.51175417644972	0.0125852198825489	0.00413539433555555	0.00924795860136731	0.0140657160893561	0.0140657160893561
YGL074C_mRNA	0.780904226773252	0.847847190678525	-0.0721767236226256	0.259497012407459	2.251810180576	0.20519235544314	0.159469401916252	0.0588911276491407	0.109885395877334	0.109885395877334
YKL070W_mRNA	0.781146432986431	0.847952136869564	0.0296782780669961	0.106823507705773	4.10331241507758	0.0126002520268774	0.0168125658893565	-0.00356395305742277	0.0288324813049044	0.0288324813049044
YCR030C_mRNA	0.78135382390381	0.848019258208569	-0.0201740188136545	0.0726847076520428	6.81315118662671	0.0198319800548199	0.00107670807182402	0.0200555588340277	0.0143187451935966	0.0200555588340277
YBR272C_mRNA	0.781503787202633	0.848024038786095	-0.0193158992989266	0.0696420099689543	5.38794321425274	0.0130426624275592	0.0048283036517053	0.00903937638761492	0.0145717345583584	0.0145717345583584
YDR028C_mRNA	0.782903961006565	0.849385191214943	0.0287902186976189	0.104487795510849	7.61523101009138	0.0409804449180518	0.000544227522056807	0.043126570120811	0.0161067172874064	0.043126570120811
YLL010C_mRNA	0.783252711240642	0.849605342708617	-0.0223665298063197	0.0813083873916318	6.38383426313192	0.0248146708530039	0.00176924246450829	0.0246749729764024	0.0137223063725133	0.0246749729764024
YGR052W_mRNA	0.783497720342404	0.849701532420361	-0.0217145603249813	0.0790299203986996	4.96510516024795	0.019918799943131	0.0074455825843079	0.0137612681747304	0.0175373306885913	0.0175373306885913
YOR173W_mRNA	0.783633081650291	0.849701532420361	-0.0394018498269752	0.143494635273709	5.68549374965464	0.0772859868539929	0.00385238424725627	0.0785104571620825	0.0135900184400965	0.0785104571620825
YJR084W_mRNA	0.784350375115674	0.850321043063625	0.0174389282894254	0.0637261481061607	5.94973417369852	0.0074004395223677	0.00277569154935255	0.00506646044750321	0.0134683962604408	0.0134683962604408
YPL141C_mRNA	0.784621071357811	0.850456253345229	0.027851050726234	0.101905766652293	5.74607462548798	0.03897671330785	0.0034491811475819	0.0380899599603844	0.0135243999159705	0.0380899599603844
YHR051W_mRNA	0.785791738245041	0.851566716334749	0.0203464622162405	0.0748639199003592	5.54050874540464	0.0210342585505548	0.00389047781638974	0.0185279481949999	0.0139666298622712	0.0185279481949999
YBR005W_mRNA	0.785970469107261	0.851601999817538	-0.0359724921715766	0.132472506048236	6.35547255751695	0.0658612075239559	0.00186399011217886	0.0683318693226211	0.0136933916218812	0.0683318693226211
YNL157W_mRNA	0.786399176972878	0.851908070852359	0.0192082989737642	0.0708821018163214	6.55092057562437	0.0188556724693484	0.00146684282550227	0.0186302466060951	0.0139507759191012	0.0186302466060951
YDR124W_mRNA	0.787479181407432	0.852784962877542	0.0232932806580542	0.0864040663279307	4.67671264549359	0.023111559219373	0.0091644141582259	0.015442948741441	0.0206982365537799	0.0206982365537799
YOR281C_mRNA	0.787501390367521	0.852784962877542	0.0166578993759144	0.0617974079494807	6.37945017301503	0.00818327582829171	0.00155810654640014	0.00713040738059296	0.013717571970698	0.013717571970698
YKL167C_mRNA	0.787728096783096	0.852871936788388	-0.023998795117265	0.0891280535816654	4.61175207079993	0.0161816135642608	0.0102724793987162	0.0069004088009688	0.0215027603423087	0.0215027603423087
YNL264C_mRNA	0.788155451694818	0.853176079816799	0.0169202228929866	0.0629691313638219	6.04087630359862	0.00883334931969898	0.00240433277611673	0.00697817179706132	0.0134561132427403	0.0134561132427403
YPL067C_mRNA	0.788371277172469	0.853251172358685	-0.0280906545786265	0.104649452742359	5.27213427920921	0.0410960523478689	0.00541598671038536	0.0383900451267154	0.0151762964925405	0.0383900451267154
YDR545C-A_mRNA	0.788843832528885	0.85344552800618	0.232995714957079	0.869996445138783	2.26852209847682	2.84021344185227	2.00026432556155	1.02731093265492	0.108402022736847	1.02731093265492
YGR064W_mRNA	0.788763213556444	0.85344552800618	0.0243810225716359	0.0910021508571129	4.55962244963101	0.0167335400570877	0.0109605243886941	0.00679843016914591	0.0221650414537888	0.0221650414537888
YOL045W_mRNA	0.789469415087057	0.853963760174006	-0.0165749276421202	0.062078457382542	6.60549561013046	0.0133040556944207	0.00138122640252822	0.0127946252053964	0.0140337130814561	0.0140337130814561
YPL100W_mRNA	0.789647372132291	0.853997696313853	-0.016729909111197	0.0627131993262862	6.06620721564978	0.006384441509379	0.00226594129800996	0.00449456321664785	0.0134658401809441	0.0134658401809441
YCL058W-A_mRNA	0.790153009379628	0.854385937759042	-0.146162846331849	0.549253270119594	2.22489301936345	1.13196579839114	0.521164984149973	0.685551634798298	0.112322049326766	0.685551634798298
YJR102C_mRNA	0.790695596309608	0.85481398109107	-0.0231815533133181	0.0873432647182572	4.85366082130909	0.0286243271725408	0.00816381422646613	0.0223515693401081	0.0186661910111396	0.0223515693401081
YGR018C_mRNA	0.79086310653267	0.85483644873086	-0.0314710172219797	0.118673473842327	4.19357710895176	0.0528421153168699	0.0187192624209658	0.0376143111542559	0.0273151166469001	0.0376143111542559
YJR060W_mRNA	0.791272259541642	0.855120048987128	-0.0259288993827143	0.0979710171942362	6.0338750968856	0.0360130108704602	0.00248302118873591	0.0359102596515574	0.0134543007552709	0.0359102596515574
YDL109C_mRNA	0.791609786524554	0.855167553549425	0.0266968274735955	0.101039841529214	4.87296174332582	0.0383038439105696	0.00851914021465705	0.0323170580903375	0.0184615002739186	0.0323170580903375
YKR050W_mRNA	0.791542268583177	0.855167553549425	0.0208090990683383	0.0787303660180705	6.3583103299121	0.0232564282855432	0.00184810635302282	0.0229457757803346	0.0136960957035598	0.0229457757803346
YDR228C_mRNA	0.791846394158045	0.855264570330881	-0.0167317956268121	0.0633987307408916	6.13715035561536	0.0150804106183154	0.00219965811257234	0.0138779381256519	0.0135134112136979	0.0138779381256519
YDR131C_mRNA	0.792167871866023	0.855453201388592	0.0214134128085267	0.0812663835834073	4.88681792264413	0.0106976046023329	0.00810005156193416	0.0032306578696773	0.0183168488409678	0.0183168488409678
YKR036C_mRNA	0.792506591720625	0.855660378681312	0.0166934382434178	0.063459378662221	6.00715942350442	0.00684683081048514	0.00265703961739536	0.0045992302851568	0.0134513313433853	0.0134513313433853
YGR181W_mRNA	0.793106271868995	0.856149182862473	-0.0281118175735031	0.107182834178143	4.11738665831834	0.0269068655430651	0.0173645291423063	0.0112384627146103	0.0285881106275313	0.0285881106275313
YNL288W_mRNA	0.793410588354196	0.856319023295952	-0.0194229612906593	0.0741661715816915	6.572637777334	0.0206362521398633	0.00136427893155622	0.0206382050967834	0.0139838870127703	0.0206382050967834
YPR035W_mRNA	0.793893734332288	0.856681773702521	0.026499731592707	0.101431364482776	9.421393982179	0.0385969972229908	8.68597491281998e-05	0.0410664270542231	0.0210079923075071	0.0410664270542231
YJR040W_mRNA	0.795807175481178	0.858587519324693	0.0160802838231181	0.0621395000399604	6.42526111246649	0.00567136765643511	0.00167401324012961	0.00432857338381315	0.0137712566207353	0.0137712566207353
YAL064C-A_mRNA	0.796386171250509	0.85889408250749	-0.0636816677474508	0.2468024673894	2.30937065629135	0.141622334541991	0.13877699008437	0.0118025526943074	0.104868841553614	0.104868841553614
YPL036W_mRNA	0.796273705051949	0.85889408250749	-0.0289235859716027	0.112031974828694	4.62900443725591	0.0470807629871189	0.0108599108389066	0.0393447426971618	0.021286631212204	0.0393447426971618
YDR137W_mRNA	0.798763569110714	0.861139258630462	-0.0161578890169331	0.0633772933972052	5.99877659811508	0.00935413558941991	0.00261492873776342	0.0073327658573341	0.0134517965356583	0.0134517965356583
YLR226W_mRNA	0.798738546262945	0.861139258630462	0.0427616772139134	0.167706005045859	4.43650436677865	0.105488751689688	0.0131236786534839	0.0993775378602823	0.0237668593249209	0.0993775378602823
YAL027W_mRNA	0.799618662507402	0.861901633259598	-0.0186469396113494	0.0734592317285748	5.19956809743479	0.00838883537485517	0.00595572225970024	0.00293297039711042	0.0156293126449096	0.0156293126449096
YJL183W_mRNA	0.800364127698956	0.86252512874917	-0.015732847871492	0.0622156916773058	6.29850860845668	0.00691825445065838	0.00183398720003553	0.00550770756791345	0.0136491819635068	0.0136491819635068
YJR083C_mRNA	0.80049319793113	0.86252512874917	0.0174734458303852	0.0691445704574007	5.38282069657983	0.00944611991218734	0.00452824449392524	0.00550536360936474	0.0145956420010285	0.0145956420010285
YBR091C_mRNA	0.801797158065929	0.863610693823646	0.0441156324427711	0.175744140430992	3.40990803274216	0.115826727884646	0.0353346095552747	0.0882094020280385	0.0454204593827697	0.0882094020280385
YMR285C_mRNA	0.80165292704601	0.863610693823646	-0.0158391708234636	0.0630518949543301	6.07803653278253	0.0110198766052925	0.00243025019082322	0.00930508064845445	0.0134719156385043	0.0134719156385043
YPR108W_mRNA	0.802042444761583	0.863715209460441	-0.0156934043834934	0.0625971744876776	7.07110785699531	0.00653679525240671	0.000905448835256198	0.00602789380913847	0.0147681761801068	0.0147681761801068
YIL097W_mRNA	0.802388362423946	0.863928035387527	-0.0198071818506571	0.0791472636351155	5.36975153234811	0.0234913000602229	0.00506306527774704	0.0199940920859589	0.0146577748301196	0.0199940920859589
YER066W_mRNA	0.803156863883455	0.864595692717111	0.0227694502333484	0.0913468618920749	4.8234354088786	0.0312901163598256	0.0087284893541349	0.0246485073559843	0.0189940044690284	0.0246485073559843
YCR011C_mRNA	0.803618292922993	0.864908673559535	-0.0167358380754301	0.0673021781477777	7.30096135582995	0.0169851340917813	0.000726668420801364	0.0173916643129395	0.015290161541191	0.0173916643129395
YOL100W_mRNA	0.803744517447875	0.864908673559535	0.0250998408998614	0.101003792158066	6.15417488686988	0.0382545937166762	0.00233224681153394	0.0384748173097054	0.0135278161265904	0.0384748173097054
YPL065W_mRNA	0.803933489368016	0.864952263907306	-0.0193982195606832	0.0781368088640086	4.98584311515466	0.0147214792510039	0.00707939699854095	0.00858610479264196	0.0173420465992615	0.0173420465992615
YHR083W_mRNA	0.804307327775903	0.865034980916081	-0.0154040249833514	0.0621690278728532	6.77824485728725	0.0144303560386578	0.00119089680228493	0.0142024035289377	0.0142690553043375	0.0142690553043375
YNL205C_mRNA	0.804295794567424	0.865034980916081	-0.0680873019652039	0.274776674024081	2.0587003635151	0.154461361089298	0.173259386566541	-0.00908960845340837	0.128749495784402	0.128749495784402
YBR279W_mRNA	0.804877361501646	0.865198331241406	-0.0153461412074898	0.0621200968918279	6.634406280791	0.00668200178789219	0.00135901660459023	0.00573298415387705	0.0140766091468101	0.0140766091468101
YCR073C_mRNA	0.805053236124212	0.865198331241406	-0.0167950001281552	0.0680475718883386	6.62067324226297	0.0173623148234361	0.00130523808332893	0.0172166500762655	0.0140563886399719	0.0172166500762655
YDL036C_mRNA	0.804919649736062	0.865198331241406	0.0177145478532426	0.0717231041910353	5.26010558511306	0.0169841190049777	0.00532960690259616	0.0127780048296957	0.0152472077965963	0.0152472077965963
YGR278W_mRNA	0.804956809250794	0.865198331241406	-0.0176845768879255	0.0716156792936862	5.28759705915203	0.0151643061435811	0.00542773613168893	0.0107303792336609	0.0150874859510955	0.0150874859510955
YEL032W_mRNA	0.805708088850013	0.865742406056838	-0.0152574685741886	0.0620306524075195	6.74027287962475	0.0115101607196818	0.00117317582382433	0.0110926277051798	0.0142180315285857	0.0142180315285857
YPR197C_mRNA	0.807322434355229	0.867317075890386	0.0456022090805171	0.186984948400189	3.7199781261131	0.131084467858166	0.0348963778899738	0.104957105822911	0.0367652230617223	0.104957105822911
YPR126C_mRNA	0.808494802237584	0.868416430279529	-0.0377308264297833	0.155675588992357	3.28484889905718	0.0908565497004576	0.0394411222139331	0.0574984338185359	0.0496332387572079	0.0574984338185359
YDL077C_mRNA	0.808795428593757	0.868579201287969	0.0154971979022856	0.0640432214988465	5.92493569125479	0.0146236584461588	0.00292945643283395	0.0126701310043869	0.0134766804469673	0.0134766804469673
YER177W_mRNA	0.809083640934833	0.868728583134231	0.0168012569008777	0.0695392189995973	8.75409440193713	0.0085195017674757	0.000153475107810552	0.00889391043349937	0.0191893368084853	0.0191893368084853
YNL033W_mRNA	0.810227355496066	0.869796309769685	0.130781790105001	0.544622908593026	3.7123643808336	0.215303113826441	1.1495055082233	-0.92371042244442	0.0369509420340097	0.0369509420340097
YJR111C_mRNA	0.81053702905039	0.869968447171623	-0.0205647030888314	0.0857815927957623	5.33084627088189	0.0275844400771262	0.00512034987617014	0.0243135767741417	0.0148526573891265	0.0243135767741417
YFL039C_mRNA	0.811884433363254	0.870937246820724	0.0173684293431155	0.0729779139932371	9.50680144810159	0.00839227879582593	6.59709106165024e-05	0.00883956713124084	0.0212371328126007	0.0212371328126007
YGR024C_mRNA	0.811888120062367	0.870937246820724	0.0149705323146482	0.0629037904716636	6.11842111197909	0.0095639531855024	0.00232895003806824	0.00785410927846039	0.0134985973847436	0.0134985973847436
YGR270W_mRNA	0.811855716291432	0.870937246820724	0.0193695971569732	0.0813736747227815	7.13031066469428	0.024820968113192	0.000875059935861701	0.0256116398156945	0.0148916814092213	0.0256116398156945
YML072C_mRNA	0.812059361049661	0.870960573909301	-0.0185567483662802	0.0780448988310864	7.77803623438699	0.022831584047918	0.000458989525727525	0.0239050354084905	0.0165376530385706	0.0239050354084905
YAL016W_mRNA	0.812918225230662	0.871079930144167	-0.0149696940683102	0.0632532029061088	7.30046735147006	0.00301946698878358	0.000714953835551025	0.00245616315514601	0.0152889168759745	0.0152889168759745
YBL064C_mRNA	0.81282806199581	0.871079930144167	0.0175685784795639	0.074198138690536	6.52200412828171	0.0206356661178008	0.00161993021765094	0.0204015249229091	0.013907016083766	0.0204015249229091
YFR022W_mRNA	0.812627132955063	0.871079930144167	0.0154134419398263	0.0650251312576181	5.76699252316214	0.0102213148643023	0.00340168267020162	0.00748184777228443	0.0135113881100802	0.0135113881100802
YML112W_mRNA	0.81244989522447	0.871079930144167	-0.0221777231130984	0.0934717060899594	5.25200803922139	0.0327491437743013	0.00555486153606077	0.0293929778214102	0.0152958579468184	0.0293929778214102
YOR202W_mRNA	0.812658316868601	0.871079930144167	0.0263045150817272	0.110990436670158	6.43361615518404	0.0461749882573169	0.00186553474811969	0.0474099733808099	0.0137819555297024	0.0474099733808099
YOL015W_mRNA	0.813271322730211	0.871298037187608	0.0242543012077287	0.102681991783833	4.77137380858823	0.0395196136642149	0.00932737240300036	0.0328469933437799	0.0195783790997291	0.0328469933437799
YDR223W_mRNA	0.81389578156661	0.87137479271606	0.0185504534423206	0.0788028850293943	4.94904328428046	0.00725632292289754	0.00714770212273819	0.000528609773818978	0.0176918766330856	0.0176918766330856
YFL010W-A_mRNA	0.813623704473523	0.87137479271606	0.0913627301230416	0.387534463509816	1.44932173755551	0.562908958444081	0.256826030362687	0.343905811268676	0.215232011902066	0.343905811268676
YGR072W_mRNA	0.813746626233531	0.87137479271606	0.0307775054964472	0.130637111884031	5.91345234444192	0.0639658732971188	0.00269534886118059	0.0655688711444227	0.0134793966082585	0.0655688711444227
YGR076C_mRNA	0.813941232743014	0.87137479271606	-0.0216988776430192	0.0922004238850903	4.54382772006281	0.0244061203562149	0.0116355950985045	0.0143792934857353	0.0223680775598569	0.0223680775598569
YJL196C_mRNA	0.814627000793333	0.871711303862305	-0.0150029580773094	0.0639891040751778	7.52273248756343	0.0140859798242902	0.000514335127088359	0.0145134750414884	0.0158640866342874	0.0158640866342874
YJR013W_mRNA	0.814704436925893	0.871711303862305	0.015312627616337	0.0653376743166312	5.69557727045258	0.00346463840946551	0.00350035779318996	0.000144761484232632	0.0135756889472347	0.0135756889472347
YMR084W_mRNA	0.814520532671447	0.871711303862305	0.0550913518215693	0.234832702924931	3.5381841731432	0.206689235767448	0.0330478978170115	0.187537695635104	0.0415537695654261	0.187537695635104
YCR003W_mRNA	0.816484598445188	0.873295258039593	-0.017599067300921	0.0758355684042059	5.0643548103529	0.014589776399169	0.00635641283743251	0.00918699697028794	0.0166477209033235	0.0166477209033235
YHL019C_mRNA	0.81645519018646	0.873295258039593	0.0163957471473053	0.070638855360527	6.15992113680963	0.0187004509166813	0.00254296343284168	0.0174164281137401	0.0135328329113464	0.0174164281137401
YOR326W_mRNA	0.817691365790181	0.874425458350513	-0.0179627505683712	0.0779243267336078	7.63299052766661	0.0227555920438364	0.000521177013917303	0.0237676257736269	0.0161534914947181	0.0237676257736269
YBR280C_mRNA	0.81788751061165	0.874474699361988	0.0205564310340944	0.0892737548345072	5.8783771260447	0.0298666168235689	0.00300685361590427	0.0288723595931026	0.0134849418243145	0.0288723595931026
YAL026C_mRNA	0.819667699530068	0.875895821251316	0.0142002646342847	0.062289403548854	6.89268946893499	0.0131106689475879	0.00107797521286725	0.0129115565122102	0.0144419039650207	0.0144419039650207
YHR076W_mRNA	0.819549226441072	0.875895821251316	0.0146104370358711	0.0640458095980113	5.84618757124979	0.0120561310161419	0.00291867810238713	0.00993761516622801	0.0134887848058717	0.0134887848058717
YKL098W_mRNA	0.819432800032344	0.875895821251316	0.0142341528130809	0.0623554055403417	6.28317277383592	0.00830053227595892	0.0019138879383999	0.00692165061261137	0.013638898462002	0.013638898462002
YDR310C_mRNA	0.821794194200122	0.877647598092229	0.0164795789874527	0.0731652079486556	6.68354667322956	0.0200575049818624	0.00129475565520298	0.0201178349614771	0.0141455467862378	0.0201178349614771
YER176W_mRNA	0.821866800505827	0.877647598092229	-0.0139986665285312	0.0621763422646616	6.63283617725021	0.00584613498229585	0.0013892761565951	0.00481845056312844	0.0140743139930543	0.0140743139930543
YKR035C_mRNA	0.821909594093924	0.877647598092229	0.0202352125234745	0.0898984899614263	6.83419330390464	0.0302810140769854	0.00135417012873172	0.0309727838606469	0.0143499854015103	0.0309727838606469
YNL025C_mRNA	0.821866600388103	0.877647598092229	-0.0161345608963077	0.0716630282106413	5.3308770595853	0.019242287634076	0.00499671761562035	0.0155456408336564	0.0148524971551544	0.0155456408336564
YOR047C_mRNA	0.822165319809121	0.87775978618434	0.0195202652476474	0.0868490432406404	6.35786767502747	0.0282612344321983	0.0018015074202316	0.0283695178270269	0.0136956710179661	0.0283695178270269
YMR101C_mRNA	0.82268598989047	0.878154741132627	0.0748836095067244	0.334165104439083	1.68101088424368	0.167517437797199	0.270010951751339	-0.0921301412465556	0.176654316347795	0.176654316347795
YDL147W_mRNA	0.823936010726943	0.879177860227626	0.0205305766554095	0.0922782954334306	7.38164787054995	0.0319027941043191	0.000636312406904272	0.0334248228254937	0.0154973869387112	0.0334248228254937
YKL160W_mRNA	0.823946295372956	0.879177860227626	0.0157183858430467	0.0706532515727668	6.37954881402245	0.0187022440167404	0.00161826651020176	0.0183492613210169	0.0137176774722826	0.0183492613210169
YCL038C_mRNA	0.824470749528711	0.879415339940364	0.0139366591530293	0.0628347772437796	6.12185979501724	0.00943389881222999	0.00229161562548903	0.00776063868237231	0.0135012212996126	0.0135012212996126
YKR104W_mRNA	0.824395860394864	0.879415339940364	-0.0368716392312939	0.166167285954387	3.70533643940186	0.103445721247962	0.0243734933568992	0.0860727743288882	0.0371234651550961	0.0860727743288882
YJR108W_mRNA	0.824646692338964	0.87944199699191	0.0516825459562286	0.233253431710905	2.26985248221356	0.105917977826653	0.109343760971211	0.00337661939834094	0.108284892648444	0.108284892648444
YLR098C_mRNA	0.824824560332453	0.879470697016265	-0.0156219246713453	0.0705775704796169	5.32050071784329	0.0143645594057291	0.00501772419541291	0.0103031481591719	0.0149070496238082	0.0149070496238082
YMR193C-A_mRNA	0.825499110764471	0.880028878190999	0.0392785838128859	0.178152155984467	2.92451026567846	0.0546074754076558	0.0622236545680369	-0.00415644724450463	0.0647291081596185	0.0647291081596185
YHL022C_mRNA	0.825652780841181	0.88003166871217	-0.0381435129789555	0.173158902553052	2.97859350990494	0.0700475298920693	0.0577914076859733	0.0168438236034222	0.0621446144475354	0.0621446144475354
YDL141W_mRNA	0.82674920058806	0.881039115168472	-0.0142659071426426	0.0651790108814851	6.06170435212957	0.0159146038771854	0.00237574714998733	0.0146174666879677	0.0134637707771789	0.0146174666879677
YDR027C_mRNA	0.82725727237772	0.881419324958411	0.0135783786346915	0.062223188789338	6.5392490431118	0.00731560561262536	0.00155386275756061	0.00623160829415312	0.0139330381348938	0.0139330381348938
YLR059C_mRNA	0.827686213078975	0.881715099176835	0.0203426169862496	0.0934562125606644	6.20952731952161	0.0327175235713137	0.00204120255860806	0.0328950521061283	0.0135776538066836	0.0328950521061283
YKL095W_mRNA	0.828442968965659	0.882359915391943	-0.0244792692541803	0.11296441276962	4.74545673697362	0.0478007078284297	0.0101415734679384	0.0409022607416023	0.0198780286796481	0.0409022607416023
YER112W_mRNA	0.830863436893841	0.884452838177145	-0.0133755061824307	0.0626210790752382	6.08992155544957	0.0101515394179795	0.0022067150106132	0.0086188188898973	0.0134788831675757	0.0134788831675757
YHR079C_mRNA	0.830804923396807	0.884452838177145	0.0196710401106542	0.0920629990237602	6.17034101045466	0.0317454108982718	0.00224842242876955	0.0316539607282259	0.0135420804960904	0.0316539607282259
YKL147C_mRNA	0.830599148376837	0.884452838177145	-0.0309912803700206	0.144864285342267	3.55645977227326	0.0786025908819024	0.0420771634933991	0.0418654811775041	0.0410373517501821	0.0418654811775041
YJR088C_mRNA	0.831153728352302	0.884600223123951	-0.0134808061596103	0.0632242432716406	6.05498099624746	0.00522240861360422	0.00252827417471426	0.00301524015851513	0.0134609455743721	0.0134609455743721
YKL209C_mRNA	0.831633384780984	0.884949059312149	-0.0189279641176812	0.0890278763406931	6.92056402139032	0.02968579907891	0.00108885778803957	0.0306149932748954	0.0144883247577563	0.0306149932748954
YNL059C_mRNA	0.831949655580044	0.885123939629171	-0.013204022437524	0.0622239145455525	6.89169884682578	0.00512453587115326	0.00104697684165693	0.00439378410356999	0.0144402853238319	0.0144402853238319
YMR086W_mRNA	0.83259302585195	0.885646698669611	-0.0214783060314689	0.101611320221043	6.72901477771595	0.0386691635170312	0.00130330093024061	0.0399961406580124	0.0142035119160712	0.0399961406580124
YMR313C_mRNA	0.833186724376476	0.885971098258615	0.0131978576022603	0.0626630521843312	6.2430614737273	0.010394258502838	0.00209931877728402	0.00898762006281683	0.0136073136589408	0.0136073136589408
YPR156C_mRNA	0.833202136518873	0.885971098258615	-0.019734331517102	0.0937068311179606	7.40822625122266	0.0328861404306151	0.000733346121001444	0.0343905346716785	0.0155661426330845	0.0343905346716785
YIL034C_mRNA	0.8351554396179	0.887886056790855	0.0129551602197134	0.0622562383840159	6.7837445343799	0.010974103415703	0.00122664956311759	0.0104833651890447	0.0142767073077921	0.0142767073077921
YBR219C_mRNA	0.835677989156764	0.888117468957919	0.0355406627488556	0.171342264210358	4.0173256341894	0.1099406772733	0.0205507021648444	0.0968819838540837	0.0303912491953744	0.0968819838540837
YGR057C_mRNA	0.835613115496259	0.888117468957919	-0.0195627422909371	0.0942746239322381	4.43613962860574	0.031776518979278	0.0117791623707056	0.022157764853966	0.0237716564995541	0.0237716564995541
YGR228W_mRNA	0.835888307142232	0.88817896724615	0.0227074980858358	0.109615638224432	4.16533237258894	0.037551485502832	0.0202849674792697	0.0198014439968165	0.0277773850941283	0.0277773850941283
YML002W_mRNA	0.836159402438079	0.888305010686405	-0.0133478125695899	0.0645418893082846	5.82401712334104	0.0125122899367265	0.00317036428060015	0.0101847566229231	0.0134922576213313	0.0134922576213313
YLR371W_mRNA	0.836727804556059	0.888746798421804	-0.0128122225804238	0.0621708729842604	6.70716392013204	0.0139062320247324	0.00128477799412102	0.0135678554473921	0.0141760917963792	0.0141760917963792
YDL123W_mRNA	0.838419140594731	0.890380953901732	-0.0171085786622931	0.0839001282684439	4.80434102797649	0.010018220749503	0.00895141463624357	0.00169876374855418	0.0192055114576018	0.0192055114576018
YKL195W_mRNA	0.83976984896349	0.891652841272333	0.0130102742230243	0.0643474490996634	7.57987249011087	0.0105077189723821	0.000548605734562252	0.0106613025257447	0.0160137710879729	0.0160137710879729
YHR193C-A_mRNA	0.84017799731567	0.891923653855884	-0.0861672571092078	0.427277481659118	1.63992523026979	0.683559851962435	0.379901532021587	0.350362653310244	0.182920182878479	0.350362653310244
YBR124W_mRNA	0.84034995563657	0.891943676724113	0.0667540815537366	0.331374792815905	1.70087012204018	0.108495794015513	0.265529030597722	-0.150556710553696	0.173707982657414	0.173707982657414
YDR129C_mRNA	0.840507859406565	0.891948777577896	-0.0133546748811016	0.0663606414454506	8.05167874643744	0.0125027410927691	0.000343343997053004	0.0130014936477197	0.0172715949351536	0.0172715949351536
YOR355W_mRNA	0.841020369726896	0.892330117288089	0.0147290397836378	0.0734291424669124	6.33895377043763	0.0201873840269103	0.00180730932714391	0.0197600465265606	0.0136785469132027	0.0197600465265606
YDR071C_mRNA	0.842558359294295	0.893402865223851	0.0123120605612377	0.0619873625840637	6.66742053624837	0.0135772468404206	0.0012461051287644	0.0132576345330396	0.0141236273517483	0.0141236273517483
YKL214C_mRNA	0.842497878002141	0.893402865223851	0.0176399961244364	0.0887772906079444	5.27428637420242	0.0295068992135717	0.00558198794597711	0.0259436413647725	0.015163778890235	0.0259436413647725
YNL034W_mRNA	0.842547357009872	0.893402865223851	-0.0377898351267465	0.190246494065942	3.17243350034779	0.0879691087899191	0.0909376899703727	0.00290690612199596	0.0538372240471579	0.0538372240471579
YOR165W_mRNA	0.842644823962421	0.893402865223851	-0.0123759279107721	0.0623436062916161	6.91879566833632	0.00106553003544075	0.00106157131673592	3.63069807641156e-05	0.0144853296650402	0.0144853296650402
YDR410C_mRNA	0.84360791482341	0.894242574283738	0.0133073605254541	0.0674539545886634	5.4889462076232	0.0113275495510071	0.00405110677926106	0.00803495749848809	0.0141490371793368	0.0141490371793368
YDR434W_mRNA	0.843760793494093	0.894242574283738	-0.0122371367437843	0.0620905632292382	6.47149861484654	0.00422218655211734	0.00158766899893847	0.00289331730241982	0.0138332831695576	0.0138332831695576
YNL213C_mRNA	0.843897300619978	0.894242574283738	-0.0187010977235083	0.0949724073312334	5.02902156575171	0.0337670253909654	0.00707863336700441	0.0290003992501545	0.0169512210036898	0.0290003992501545
YGR294W_mRNA	0.844171444285596	0.894263320472621	0.133035599872093	0.676817395049038	1.71425173747628	1.71489159418849	0.855195208551031	0.977131936412833	0.17175226867048	0.977131936412833
YPR020W_mRNA	0.844223869309889	0.894263320472621	0.0266610043669757	0.135683855301459	3.77392842966124	0.0689206211750398	0.0224424982153021	0.0511979361425675	0.0354838096770173	0.0511979361425675
YPR176C_mRNA	0.844601782245399	0.894500996793619	0.0124346812075923	0.0634387841737012	5.94559116541443	0.00508165324452871	0.00262786842900428	0.00277258253392378	0.0134700489207455	0.0134700489207455
YBL104C_mRNA	0.845029762407716	0.894791602287778	-0.012499440195761	0.0639475495752346	5.87484385376772	0.00786250573622194	0.00287178956121826	0.00550768486896029	0.0134853668254901	0.0134853668254901
YGR216C_mRNA	0.845773224579066	0.895253416860036	-0.0144238669223495	0.0741532590196794	5.74143049298024	0.0205839811899597	0.00356212016768422	0.0184327031252744	0.01352786480647	0.0184327031252744
YNR013C_mRNA	0.845764988657398	0.895253416860036	0.0122979685503426	0.0632205730576323	7.29919073527648	0.0144485916514332	0.000701660590429606	0.0147357618845445	0.0152857028405121	0.0152857028405121
YJL043W_mRNA	0.846568917616481	0.895932881749976	-0.0285437887732519	0.147514591808576	3.33713241563301	0.0805899389828461	0.0392267298000825	0.0468868482879577	0.047815489385721	0.047815489385721
YGL079W_mRNA	0.847190817502683	0.896265426324792	-0.0156661952694373	0.0812966936817997	4.84648710647554	0.0072925259382722	0.00769340762458957	4.98902594963171e-05	0.0187432019897799	0.0187432019897799
YGL197W_mRNA	0.847040187002649	0.896265426324792	-0.0290540775077994	0.150620194986255	6.83644797640259	0.0849211582260249	0.00125409573467618	0.0894916768161136	0.0143533901261895	0.0894916768161136
YER175C_mRNA	0.848294202696908	0.896419733958182	0.0205772503529079	0.107567958008681	5.09148348912772	0.0433108110651441	0.00655882042990705	0.0397246419307227	0.0164249431911145	0.0397246419307227
YGL091C_mRNA	0.848324711463247	0.896419733958182	0.0127625577996014	0.0667300922832541	5.54846991617016	0.00739927525017313	0.00387127970489413	0.00400997723983755	0.0139403411596323	0.0139403411596323
YGL142C_mRNA	0.848342480279221	0.896419733958182	0.0123981299572938	0.0648323394798306	5.77425082377465	0.00913398385068112	0.00330515930074039	0.00643733378886427	0.0135077696689716	0.0135077696689716
YIL142C-A_mRNA	0.848413733787404	0.896419733958182	-0.0411277540123597	0.215167711465799	3.14338698734684	0.173293735721096	0.0567268865871836	0.128461689642533	0.0549930552163955	0.128461689642533
YJL065C_mRNA	0.848177865840398	0.896419733958182	0.0197572104921067	0.103201070224316	5.09644955432719	0.0398658133073729	0.00791874793715213	0.0346830956446247	0.0163851425211256	0.0346830956446247
YOL137W_mRNA	0.848084253101149	0.896419733958182	-0.0128070293761966	0.0668553215718568	5.52496621250553	0.00834088645688587	0.00385916026111132	0.00503064094228278	0.0140193758287942	0.0140193758287942
YOR085W_mRNA	0.848375808291861	0.896419733958182	0.0118684484103524	0.0620763363553645	6.70278347469656	0.00932224201790087	0.00124330611215633	0.00870456460197482	0.0141705800290611	0.0141705800290611
YLR202C_mRNA	0.84863347529328	0.896489324942638	0.060213064106112	0.315479082371705	1.77703074161598	0.113610334531832	0.235221972425793	-0.114532503452844	0.16288623323058	0.16288623323058
YBL052C_mRNA	0.851048589028534	0.898226282550768	0.0133240544409056	0.0709554099227884	6.1358317164832	0.0188434435170926	0.00216497651822353	0.0179737042710202	0.0135123291501672	0.0179737042710202
YDR193W_mRNA	0.850843867017814	0.898226282550768	-0.0311457237097053	0.165631897444583	3.17618050352621	0.102678669978854	0.0494160376448409	0.0603196641595311	0.053690271713834	0.0603196641595311
YER153C_mRNA	0.85087459913071	0.898226282550768	-0.0288459465235894	0.153433749347909	4.58648203754478	0.0881117079403306	0.0116000843634196	0.0825675773924083	0.0218221851955905	0.0825675773924083
YOL060C_mRNA	0.851044814978287	0.898226282550768	0.0198447627939636	0.10567783148846	6.87219528430148	0.041798152417012	0.00108406684309481	0.0435871494293185	0.0144088520742831	0.0435871494293185
YOL142W_mRNA	0.850827670270887	0.898226282550768	0.0149939119881578	0.0797283526328331	5.81268688171239	0.0237912961030251	0.00311928794486255	0.022307152909319	0.0134946443578519	0.022307152909319
YKL219W_mRNA	0.851259566038134	0.898286222013796	0.0190784290483685	0.101745352229439	5.38414363361951	0.0387449654024131	0.00521131685386359	0.0361971499473066	0.0145894437904413	0.0361971499473066
YKR031C_mRNA	0.853584308174371	0.90057627298513	0.0191920300803399	0.10399531426506	6.6205738198851	0.0404743171908923	0.00143494279410484	0.0418251587622499	0.0140562411277364	0.0418251587622499
YBR273C_mRNA	0.85431852524612	0.901187711041806	-0.0114213850045636	0.0622042059255627	6.48640619873231	0.0117329213105913	0.00162291408445731	0.0109108021667698	0.0138545388548619	0.0138545388548619
YDR316W_mRNA	0.854709960224204	0.90143740555145	-0.0167039790259964	0.0912226292452602	5.63961366800771	0.0311415936333749	0.00380510162485652	0.0294811707208163	0.0136764354567002	0.0294811707208163
YJL129C_mRNA	0.854906510299203	0.901481507511883	-0.011426087029323	0.062484845403246	7.05291545288668	0.00923735750622859	0.000885675010644121	0.00897419218465746	0.0147317486096261	0.0147317486096261
YPL215W_mRNA	0.855438040677759	0.901878759498485	-0.0114868161499995	0.0630505037963934	6.0436633621504	0.00646086303994416	0.00244451846386278	0.004440135666002	0.0134569456520533	0.0134569456520533
YMR063W_mRNA	0.855868658668782	0.902169496183159	-0.0227443370506083	0.125219555280579	3.88311052859016	0.0586763795235186	0.0223256783019517	0.0403940697967122	0.0330667425349928	0.0403940697967122
YER021W_mRNA	0.856813665997297	0.902327291151516	-0.0114398127058279	0.0634024531570018	7.35261963641279	0.0136328846405612	0.000657012179469093	0.0139122587026338	0.0154224720858341	0.0154224720858341
YFL044C_mRNA	0.857368235791251	0.902327291151516	0.0180949589565078	0.100681204358071	5.4931699143	0.0379310123449392	0.00433319781008321	0.0362136218338838	0.0141332853626623	0.0362136218338838
YGL100W_mRNA	0.856244227409053	0.902327291151516	0.0113039816875266	0.0623987609045121	6.32637456119534	0.00627928837523156	0.00190610337810309	0.00478519702336158	0.0136683180715708	0.0136683180715708
YIL156W-A_mRNA	0.856851168686274	0.902327291151516	0.0189976948078081	0.105318110724453	4.18317171215366	0.0397973542664127	0.0168834974517541	0.025653407145685	0.0274841203345189	0.0274841203345189
YJL133W_mRNA	0.856774285027061	0.902327291151516	-0.0131528762450877	0.0728764397465949	6.22548508449115	0.0198737745961242	0.00201690825486051	0.0192269936256958	0.0135919941923498	0.0192269936256958
YJL204C_mRNA	0.857250295516278	0.902327291151516	0.0125752694715216	0.0699109562696784	5.37229738527296	0.0143537132050441	0.00490462482392899	0.0104291714951094	0.0146455424022345	0.0146455424022345
YNL056W_mRNA	0.857069269740997	0.902327291151516	0.0146440904312201	0.0813081289832896	6.22129455383909	0.0247382973672649	0.00204501846620818	0.0243990288888448	0.0135882586873194	0.0243990288888448
YOR292C_mRNA	0.856576758783411	0.902327291151516	-0.011597430526004	0.0641686804931444	5.799494071484	0.0123857684155776	0.00297231980112873	0.0102597176741886	0.0134981584237963	0.0134981584237963
YPL152W_mRNA	0.857412269793133	0.902327291151516	0.0140081472903568	0.0779663225397111	5.00451262216585	0.0139918590160996	0.00714457479848728	0.00779063752147414	0.0171704150029778	0.0171704150029778
YGL058W_mRNA	0.858065092882962	0.902851224694986	-0.0125449518123445	0.0701471077537493	5.33038850912173	0.007995038125524	0.00482742603904028	0.00369372171945713	0.0148550408658242	0.0148550408658242
YDL008W_mRNA	0.858222815876776	0.902854121577843	0.0198958675652658	0.111376021387034	5.20082095266524	0.0464161332016652	0.00583970587177444	0.0437787666882455	0.0156209642554674	0.0437787666882455
YBR152W_mRNA	0.859097782863453	0.90328527034154	-0.0181582314802092	0.102286775220037	4.50209504945205	0.039148240735811	0.0125055321545053	0.0293448053851525	0.0229087327442498	0.0293448053851525
YIL076W_mRNA	0.859035815228465	0.90328527034154	0.011127083305625	0.0626519079991969	7.13313611932778	0.0039768170965636	0.000803280888475621	0.00342221971987387	0.0148977654152837	0.0148977654152837
YPR100W_mRNA	0.859081857056167	0.90328527034154	0.0134568713106553	0.0757949785904188	5.31260528435395	0.0214958374130081	0.00584957706434669	0.0171299380537415	0.0149493051857637	0.0171299380537415
YIL004C_mRNA	0.859696138966026	0.90375130018334	0.0157856284952429	0.0893049382243229	4.6350952310506	0.0214509578067699	0.0106907553819214	0.0122212176776207	0.0212107325830791	0.0212107325830791
YKL134C_mRNA	0.860888212338761	0.904841191608446	-0.0123941514268549	0.0707252655722762	5.29918956922402	0.00937457581186196	0.00498564816644831	0.00501465020637754	0.0150226045946277	0.0150226045946277
YCL007C_mRNA	0.861493412135906	0.90531396448481	0.0240239864145514	0.137694242264865	4.99384389937211	0.070936803430342	0.0071426393043017	0.06869617810728	0.0172680055879884	0.06869617810728
YHL002C-A_mRNA	0.862741555728343	0.90646209263721	0.030420045527719	0.175955032764485	3.51160526832029	0.115831415717872	0.0564078921574766	0.0674328020631269	0.0423196889827618	0.0674328020631269
YDR531W_mRNA	0.864709135273382	0.907874467850553	0.0120317446557165	0.0706159776986841	6.2295993739958	0.0186553043115294	0.00208623759457176	0.0178602276307925	0.0135956346856985	0.0178602276307925
YER044C-A_mRNA	0.864663183822098	0.907874467850553	0.0362957645876088	0.212951841808846	2.55261081494747	0.104010270131497	0.0950768841162415	0.0159862960169345	0.0863170636028784	0.0863170636028784
YGL109W_mRNA	0.864609210693991	0.907874467850553	0.0332988137798613	0.195289710613216	2.79500756367303	0.063417414512975	0.0811044253438239	-0.0134739986511067	0.0714478589417514	0.0714478589417514
YMR057C_mRNA	0.864707782396975	0.907874467850553	0.0738402503979123	0.433374292408493	2.92087056395865	0.702623537351118	0.104780069147208	0.646473040135039	0.0649075458539256	0.646473040135039
YBL025W_mRNA	0.865623585032121	0.908354088849006	0.0204165687042767	0.12065102572757	3.83578117612496	0.0379200145920477	0.0241401255575693	0.0163693654260085	0.0340865544788901	0.0340865544788901
YPL068C_mRNA	0.865633694007841	0.908354088849006	-0.0179197152226037	0.105903997603362	4.31662117757936	0.0419574160295676	0.0149011619375763	0.0299614648959149	0.025426364555374	0.0299614648959149
YPR125W_mRNA	0.865612318576003	0.908354088849006	0.0126903081213903	0.0749866013778386	6.38370068373498	0.0210354424872	0.00166307782835506	0.0208288837164404	0.0137221607576864	0.0208288837164404
YCL005W_mRNA	0.86581537448275	0.908368873546609	-0.0155118904134746	0.0917992704866086	5.91603618934322	0.0315253609627811	0.00263201070230387	0.0310764135451902	0.0134788363756308	0.0310764135451902
YER133W_mRNA	0.865959616147935	0.908368873546609	0.0131851089430312	0.0781141635094691	7.19678398152489	0.0228264967116844	0.000811272793941935	0.0235960173691943	0.0150393979331535	0.0235960173691943
YCR068W_mRNA	0.86727024660936	0.909579920206325	0.0299678885952998	0.179312241746822	5.53879027824411	0.120276905309507	0.00430843514366299	0.12430308501742	0.0139723688369248	0.12430308501742
YHR036W_mRNA	0.868433156787542	0.91030794736312	0.0150165438233348	0.09065277027782	5.28176156378863	0.0307403848573342	0.00538100688953354	0.0274906921466393	0.0151206951994934	0.0274906921466393
YJR087W_mRNA	0.868154207435696	0.91030794736312	0.019928381950307	0.120047973246728	3.86608294544111	0.0539088967296582	0.0237980018465248	0.0338480616760641	0.0334288449017341	0.0338480616760641
YLR131C_mRNA	0.868315011435381	0.91030794736312	0.015202636652705	0.0916930890757823	6.17620016403037	0.0314500896908867	0.00243408272110702	0.0311964076159304	0.0135473473302856	0.0311964076159304
YGR073C_mRNA	0.868744336024243	0.910312059781832	-0.0279711770467702	0.169262079151002	3.87470768544365	0.107167335169244	0.0229508612851348	0.0916477444689458	0.0332447689019259	0.0916477444689458
YPL242C_mRNA	0.868749579881048	0.910312059781832	0.0152628023644418	0.0923635718850331	6.20444587678356	0.0319112973053545	0.00215612877407352	0.0319679888713732	0.0135730375765767	0.0319679888713732
YHR009C_mRNA	0.869135048208059	0.910552201197654	-0.0103346188417941	0.0627263346951697	7.12007235692162	0.00624712691185463	0.000868592045623194	0.00579424268947672	0.0148697802115386	0.0148697802115386
YDR255C_mRNA	0.869660071241173	0.910794990546094	0.0132169058645589	0.0805465480947003	5.58856605256862	0.0242675030240637	0.0041287019412719	0.0218222836986156	0.0138152416412637	0.0218222836986156
YDR356W_mRNA	0.869679459733594	0.910794990546094	0.0237548330695194	0.144788580234479	5.67529783480642	0.0784150809660232	0.00396602059670097	0.0798889112685637	0.0136061059402591	0.0798889112685637
YDR522C_mRNA	0.869852754122782	0.910812750812244	0.0222182604440376	0.135604928990788	3.75426431305129	0.0687827748878698	0.0242462191198297	0.0493085679465568	0.0359439365071475	0.0493085679465568
YML036W_mRNA	0.870957817094631	0.911805973475888	-0.0134521777596062	0.0828122017885433	4.79888315826951	0.0178977300710394	0.00816486502603157	0.0109595711682318	0.0192665780342341	0.0192665780342341
YAR030C_mRNA	0.871409328744176	0.912114759120296	-0.0481210786932887	0.297284823147526	2.00028272611496	0.224597730498336	0.218378866529803	0.0215999480856693	0.13513419776562	0.13513419776562
YDL120W_mRNA	0.871840525487516	0.912402173790241	-0.0109532851643732	0.0678974225087875	5.51963316078987	0.0150585896525143	0.00440232656882654	0.0116975982143268	0.0140379133645207	0.0140379133645207
YCL004W_mRNA	0.872423744924718	0.9127928422541	-0.0116289532063275	0.0724181754756157	5.20794721581188	0.00626613502348434	0.00540372747817458	0.00127135074622294	0.0155738410786937	0.0155738410786937
YFL037W_mRNA	0.872527177911617	0.9127928422541	-0.0112812232169881	0.0703102169833672	8.10038944682025	0.0184897702849989	0.000311281355030673	0.019462825093962	0.0174033117482476	0.019462825093962
YER143W_mRNA	0.873499064162731	0.913481519980627	0.00989266368499045	0.0621337838218743	6.47335285988042	0.00565652028908654	0.00160652968392129	0.00442606639873305	0.0138358986841723	0.0138358986841723
YML133C_mRNA	0.873353824688174	0.913481519980627	-0.0760350967582626	0.477008461076145	5.38139047859027	0.851013424819811	0.295493818247686	0.614654469505244	0.0146023616152781	0.614654469505244
YLR065C_mRNA	0.873908704405457	0.913745892294722	-0.00987666518988992	0.0622365405704134	6.19817251118972	0.00979619767642897	0.00192622543790653	0.00854182963961788	0.0135673224907843	0.0135673224907843
YLR268W_mRNA	0.874374003446533	0.914068355298672	0.00990092682606547	0.0626224488337057	6.10426655574874	0.011281357645851	0.00219796258735314	0.00986119821834003	0.0134883218043672	0.0134883218043672
YDR167W_mRNA	0.875048106717801	0.914608946849284	0.0109730405604571	0.0697810211941936	5.96829375870301	0.0182111681290145	0.0024928794056569	0.0169846842699611	0.013459792681849	0.0169846842699611
YJR091C_mRNA	0.87591379717338	0.915349557368989	0.0211623387216632	0.135524613925516	7.14409868448844	0.0686892635454431	0.000786884410791253	0.0726807995078491	0.0149215345578166	0.0726807995078491
YGR026W_mRNA	0.876073832604881	0.915352609174325	-0.00968869501226952	0.0621276391000223	6.82893015084058	0.00433982884113927	0.00109729334886973	0.00352570303491073	0.0143420808117007	0.0143420808117007
YDR082W_mRNA	0.876725267333335	0.91586899901094	0.012615920225059	0.0813291055001401	4.89464273211322	0.0118928384176239	0.00822166847310684	0.00447518370488309	0.0182360251327048	0.0182360251327048
YNL187W_mRNA	0.877024413761789	0.916017252523518	-0.0174389024728637	0.112696352941818	4.69804664055622	0.0474961778263659	0.00940323440036793	0.041398637465179	0.0204399733093914	0.041398637465179
YOL059W_mRNA	0.877607149186372	0.916461597268292	0.0109494683609769	0.0710989294775978	7.74645618816542	0.0189041865806491	0.0004565491690281	0.0197636819224136	0.016453696998696	0.0197636819224136
YLR301W_mRNA	0.879021697569961	0.917774267032723	0.00948525270151108	0.0623170853501179	6.94523826585137	0.0112753415306196	0.00100285191766068	0.0110521654311999	0.0145308245884748	0.0145308245884748
YDR135C_mRNA	0.88021207047867	0.918687839951403	-0.00967941155564077	0.0642295083313984	7.54447049592156	0.0110568577382287	0.000580763938798445	0.0112391004927141	0.0159209550231742	0.0159209550231742
YGR221C_mRNA	0.880135404394987	0.918687839951403	0.00998417863090527	0.0662091486671198	5.65051227732423	0.0163922141237548	0.00371344709876899	0.0138211583701301	0.0136524985922808	0.0138211583701301
YGL108C_mRNA	0.881077592802125	0.919261829452933	-0.0154773862209732	0.103456171700542	4.23150542469954	0.0223935681766646	0.016101072808096	0.00782359324283515	0.026711645043632	0.026711645043632
YLR018C_mRNA	0.880974830882965	0.919261829452933	0.0102498719779591	0.0684540732816458	5.72421648512414	0.0175222671891866	0.00352893883285446	0.0152149017625413	0.0135427644153562	0.0152149017625413
YGL203C_mRNA	0.881616874175875	0.919659786741029	0.00931187443858925	0.0625294354564592	7.05685721957942	0.00955195945882084	0.000900140607529891	0.00930932709676098	0.0147395805864841	0.0147395805864841
YDR081C_mRNA	0.881855095532745	0.919743606619007	-0.0101988257416474	0.0686244470118357	6.19017390116251	0.0176091792624086	0.00221143752864197	0.016625821382079	0.0135600293864801	0.016625821382079
YJL131C_mRNA	0.883153864083269	0.920933311642944	0.0102018006946727	0.0694130725346068	5.40990537372207	0.0167587939607236	0.00480066823231114	0.0131254462292031	0.0144720303224672	0.0144720303224672
YFR017C_mRNA	0.883926205520084	0.921573742548319	-0.0165282442499224	0.113211884046987	6.67077133085223	0.0479227233361449	0.00136603170746934	0.0499016910504044	0.0141282456768477	0.0499016910504044
YNL107W_mRNA	0.884237444601982	0.921733289005394	0.013619199252634	0.0935386815037119	4.66486293867803	0.0327142057900328	0.0107703656538474	0.0242275740959641	0.0208430296245207	0.0242275740959641
YDL195W_mRNA	0.884798927745864	0.921988651949097	0.0128355502250082	0.0885891746550596	7.93027363413493	0.0293432899931957	0.000386009545194952	0.0310061579190636	0.0169446300045745	0.0310061579190636
YKL003C_mRNA	0.884710739477698	0.921988651949097	-0.0121510182156891	0.0838000287748326	4.7658090397676	0.0055734041210502	0.00844753298002013	-0.00251821349137435	0.0196422463106309	0.0196422463106309
YGR134W_mRNA	0.885037183308688	0.922072001065168	-0.00905344336812742	0.0626160092461563	6.19989875281045	0.00520656276918165	0.00211416224065583	0.00344087934437597	0.0135688962150031	0.0135688962150031
YOL117W_mRNA	0.885528581238632	0.922419008456332	0.0132648585405594	0.0921398520699698	5.11779931513625	0.0317419971266037	0.00625183858205701	0.0277071707758467	0.0162175329592952	0.0277071707758467
YBR265W_mRNA	0.88590394846735	0.922509162954965	0.0109554499237912	0.0763504179890283	6.64390668013232	0.0217950481233129	0.00128334149827622	0.0220342038101211	0.0140903937034279	0.0220342038101211
YER057C_mRNA	0.88609016064126	0.922509162954965	0.0158062331169454	0.110337677970125	6.4339929550868	0.0455177284061582	0.00171157963400959	0.0469860330853465	0.0137824438616194	0.0469860330853465
YER190W_mRNA	0.885972630096297	0.922509162954965	-0.165943543989236	1.15719053002952	2.95223538180107	5.00661231436048	1.39426777170849	3.96209191945154	0.063388674734456	3.96209191945154
YIL066C_mRNA	0.886384426110254	0.922526775735996	0.0135962214041789	0.0951578791886181	4.65092685943544	0.0338547106239814	0.00970117852018129	0.0265189093665213	0.0210144871042602	0.0265189093665213
YOR185C_mRNA	0.886423771124289	0.922526775735996	0.0133136165090529	0.0932124705196637	5.70837724699106	0.0324845753679623	0.00384965333126368	0.030904605310253	0.0135596203504081	0.030904605310253
YJL023C_mRNA	0.887179426304621	0.923148301062819	0.0102633656107723	0.0723413449431828	5.21892017617127	0.0135347509084106	0.00543060410666418	0.00904081853130133	0.0155024766460901	0.0155024766460901
YER166W_mRNA	0.888132997327437	0.923810541408614	0.00885337598402204	0.0629385321054084	7.18931070342165	0.00962179178311361	0.000822721870628805	0.00946394582090307	0.0150223134237053	0.0150223134237053
YLR242C_mRNA	0.888076380676667	0.923810541408614	-0.0132374721359229	0.0940570949338787	4.76062424562913	0.0330745467125757	0.00940844028025296	0.0259785081493497	0.0197019871310761	0.0259785081493497
YBR106W_mRNA	0.888749365658616	0.924121729626357	-0.010398073103358	0.0743320096964813	8.25843603733617	0.0206564232644031	0.000261459993417282	0.0218395306686539	0.017832472685556	0.0218395306686539
YLR370C_mRNA	0.888771267312186	0.924121729626357	-0.00873170606090952	0.0624321344090251	6.21895503636746	0.0135403580171331	0.00200492308080939	0.0124808197401949	0.0135861625466569	0.0135861625466569
YNR065C_mRNA	0.888908028291471	0.924121729626357	0.0111023750228852	0.0794808999004194	6.18806902451339	0.0236171336045002	0.00249276113993045	0.0227760926559915	0.0135581120508401	0.0227760926559915
YOR333C_mRNA	0.889139182951568	0.924197123974279	0.0397434965412369	0.285117220925623	2.2246205086598	0.245766349260057	0.212820297160198	0.050049492613485	0.112347021513205	0.112347021513205
YOR277C_mRNA	0.890313744203176	0.925252920750571	-0.0224702584332303	0.162937505621221	4.30156442080934	0.0992495314258595	0.0153920578072771	0.0908024651449849	0.0256469976705328	0.0908024651449849
YBR058C_mRNA	0.891294979901745	0.925946632156622	0.00853786659207584	0.062472600243645	6.48367666136341	0.00658185351068003	0.00176069352623395	0.00527046518779634	0.0138506095985752	0.0138506095985752
YHR218W_mRNA	0.891299126868235	0.925946632156622	0.0474492959720446	0.347205553273966	3.48184522741546	0.446039168735989	0.439008110964333	0.0382477310561571	0.0431986739327893	0.0431986739327893
YGR204W_mRNA	0.891908861937547	0.926249737905196	0.0131748584615776	0.0969529370431739	8.52752909465318	0.0351391426436399	0.0002044374756274	0.0373950505295632	0.0185678674157461	0.0373950505295632
YNL258C_mRNA	0.891794173705728	0.926249737905196	-0.009810102633686	0.0721149252863331	6.31306507595568	0.019441096640115	0.00196193765769743	0.0188403121385162	0.0136585704064711	0.0188403121385162
YMR262W_mRNA	0.892432054556483	0.926627900525052	0.011100538041954	0.0820879125487342	6.11484383359491	0.0251896472952911	0.00232205224273956	0.024631649303695	0.0134959183435783	0.024631649303695
YGL207W_mRNA	0.893168398520817	0.926932749222133	-0.00914419310276073	0.0680897642178785	7.41383026000474	0.0173308373719863	0.000603203186077009	0.0179416607789082	0.0155806593613772	0.0179416607789082
YHR153C_mRNA	0.893202961574503	0.926932749222133	-0.0302228960248781	0.225119904357817	2.53022779624472	0.1343045147774	0.114855929782464	0.0287807864949985	0.0878599555698269	0.0878599555698269
YJL144W_mRNA	0.893031308427311	0.926932749222133	0.0221447896043666	0.164682590724734	3.36273514025082	0.101380099022924	0.0361094744957086	0.0723719482555327	0.0469553940450696	0.0723719482555327
YJL095W_mRNA	0.893489986697976	0.927065478629102	0.00839229379173943	0.0626807661401129	6.21528273814676	0.00766607663075161	0.00213265491715661	0.00606087558862387	0.0135828588584895	0.0135828588584895
YHL024W_mRNA	0.894717194014774	0.928173499346523	-0.00912958147607035	0.0689870073820749	5.4154431219432	0.0112744578738063	0.00458923315540387	0.00746672906426621	0.014447595594734	0.014447595594734
YGR224W_mRNA	0.89498434603764	0.928285348053283	-0.00862807640011023	0.0653642491399395	5.66955985033158	0.0120347321809836	0.0034740386328674	0.00939904764608186	0.0136159016296449	0.0136159016296449
YMR109W_mRNA	0.896043561870481	0.929078598717816	-0.0105441343161498	0.0806984649579097	7.50789678021644	0.024342018725429	0.000557911142110689	0.0254910578441412	0.0158253301635372	0.0254910578441412
YOL012C_mRNA	0.896227553174412	0.929078598717816	-0.00852211346530148	0.0653394350977656	5.63068655129001	0.0111673959077243	0.00337919414706097	0.00856512249181063	0.0136977729685195	0.0136977729685195
YOR181W_mRNA	0.896135210134517	0.929078598717816	0.0108495402641275	0.0831095458938515	7.33212251803177	0.0258182573827985	0.000725816371868088	0.0269029701028608	0.0153696877446307	0.0269029701028608
YNL176C_mRNA	0.896436702981296	0.929130089231281	0.0160081127000098	0.122984211344422	6.76828452230062	0.0565354365419597	0.00107685376930497	0.0594236111907329	0.0142553655531412	0.0594236111907329
YNL032W_mRNA	0.896844305217207	0.929263224241874	-0.00830906780929665	0.0640890533615237	5.83552852875607	0.00537959231267138	0.00293933084332396	0.00280479217514986	0.013490296199781	0.013490296199781
YNL286W_mRNA	0.896884158927575	0.929263224241874	0.0089260646506713	0.0688747990532538	5.42172835387106	0.0100947022842147	0.00455474983660137	0.0062382384307293	0.014420201941903	0.014420201941903
YCL009C_mRNA	0.89905671941469	0.931348585937053	0.0106538990326053	0.0839861583783188	7.99639553432802	0.0263639874007119	0.00033844144050193	0.0278762577560903	0.0171224633431707	0.0278762577560903
YDL231C_mRNA	0.89927861076955	0.931395766098958	0.00785410266231166	0.0620521098614981	6.52491361932779	0.00283862841548034	0.00149047130409124	0.00153329144717194	0.0139113860489625	0.0139113860489625
YOR378W_mRNA	0.89942200138564	0.931395766098958	0.015955742107343	0.126240589831678	4.12034297606922	0.0595648525335719	0.0181756835320612	0.0455710625521384	0.0285371534316587	0.0455710625521384
YBR056W_mRNA	0.900261768128897	0.93176853102131	-0.0111672111146097	0.0891019782090178	6.83699394118528	0.0296727951719259	0.00110373368046725	0.0306529164025739	0.0143542162418472	0.0306529164025739
YDL058W_mRNA	0.899950592568871	0.93176853102131	-0.0152121778327901	0.120996840334961	6.7435993571877	0.0547185881464091	0.00139228824539493	0.0571686532387816	0.0142223749808791	0.0571686532387816
YDR035W_mRNA	0.900153564839327	0.93176853102131	0.00809025291687489	0.0644809375518828	7.61787675454334	0.0154985584551414	0.000517483487601141	0.0160694142308335	0.0161136817426781	0.0161136817426781
YDR293C_mRNA	0.900616068441427	0.931969665140276	-0.0159768580354671	0.127934470559931	8.18111060360131	0.0611723900258618	0.000295395065397	0.065173519964402	0.0176221831718227	0.065173519964402
YGR122W_mRNA	0.900901864532721	0.932099851317285	-0.00812407828957529	0.0652420341127532	5.66989617493415	0.00831035823422342	0.00341077976145561	0.0054743181614823	0.013615312299223	0.013615312299223
YPR085C_mRNA	0.901245906460166	0.932290243436954	0.00868159480406536	0.0699634287173423	5.38604362491683	0.0096201042140523	0.00499895432658674	0.00528676587751443	0.0145805711049598	0.0145805711049598
YPL166W_mRNA	0.902810571304205	0.933743012323504	-0.0151978863714027	0.124458907557405	4.04598057687376	0.0578910003028045	0.0178860437202456	0.0440740349612854	0.0298589634463889	0.0440740349612854
YLR064W_mRNA	0.903257039569244	0.934038962110474	-0.00811652386358776	0.0667763136232861	5.75736325729574	0.0166647847507319	0.00330612048675488	0.014530183757707	0.0135168752153589	0.014530183757707
YLR016C_mRNA	0.903856836801547	0.934388530032356	-0.0117432807525797	0.0972200943065643	5.56284704683442	0.0353232957228041	0.00399555285194641	0.0338114340959626	0.0138940967877771	0.0338114340959626
YOL008W_mRNA	0.903915852259245	0.934388530032356	0.0101890436122775	0.0844049621688727	4.75453753783701	0.0210040624216945	0.00872438493641452	0.0137503057697631	0.0197724056185008	0.0197724056185008
YKL101W_mRNA	0.90544300802912	0.935801129107265	0.0125468387062441	0.105623443878317	7.12428467507901	0.0416922105908118	0.000859873262917747	0.0437653743239462	0.0148787634822244	0.0437653743239462
YMR251W_mRNA	0.905729315840892	0.935931002853678	-0.014370549909484	0.121345193409029	4.77393855813532	0.0550271189848922	0.00821968612413689	0.0506789377297617	0.0195490318419512	0.0506789377297617
YHR086W_mRNA	0.906470048655577	0.936198281061406	0.00779931487278942	0.0663815715158661	6.25207263280961	0.0164672031544825	0.00224435454770132	0.0153816975999628	0.0136148842880901	0.0153816975999628
YHR204W_mRNA	0.906419841039624	0.936198281061406	-0.00731824045386076	0.0622534758032289	6.30561012255806	0.00322047740554026	0.00184836542700162	0.00158684418083708	0.0136536155713312	0.0136536155713312
YIL027C_mRNA	0.906232161573434	0.936198281061406	0.0097696759073231	0.0829397903176363	5.24362816360426	0.0257070853382407	0.00538489195720823	0.0221311433145257	0.0153469884686373	0.0221311433145257
YMR315W_mRNA	0.906801830056616	0.936278379137149	-0.00975403460210643	0.0833154965969298	7.18351548310026	0.0259401996841924	0.000754044748929698	0.0270118431438424	0.0150091483665957	0.0270118431438424
YOR236W_mRNA	0.906869017073624	0.936278379137149	-0.0119782043594846	0.102387713694317	5.22143876136822	0.0391757045859651	0.00590270486064418	0.0360302708015534	0.0154862992325747	0.0360302708015534
Q0055_mRNA	0.907696225046823	0.936808255643318	-0.0435354190032993	0.375483750095573	1.39112148753278	0.526860795975861	0.332327501011701	0.231624685331638	0.226258442068545	0.231624685331638
YKL053W_mRNA	0.907703845366723	0.936808255643318	-0.0147352263767383	0.127098740510933	3.81951938862621	0.0603665025730375	0.0246213604424582	0.0399949989154037	0.0344466915526198	0.0399949989154037
YGL137W_mRNA	0.908283049343279	0.937240000969526	0.00809079781988174	0.0702298899920079	7.65413206040182	0.0184311427427775	0.000489463772064163	0.019239486021094	0.0162092502712013	0.019239486021094
YJL139C_mRNA	0.908756692658253	0.937562686634847	0.00766888660732258	0.0669146893817489	5.56888059358915	0.0082030945941448	0.00403514673875611	0.00473707980588599	0.0138751558814676	0.0138751558814676
YER118C_mRNA	0.909082655961675	0.937729933777456	0.00711528295058204	0.0623077978653554	6.33293473654657	0.00768812235143638	0.00185551402405724	0.00636729499491978	0.0136735326752627	0.0136735326752627
YNL004W_mRNA	0.909240713338285	0.937729933777456	0.00712058365564547	0.0624632783588796	7.04610484768931	0.00429463696829585	0.000888348796435397	0.00369856146628243	0.0147182957769201	0.0147182957769201
YAL042C-A_mRNA	0.910975860520769	0.939353161662655	0.0211096780238213	0.188803390888078	5.44310676863273	0.13319992113546	0.00452272482751298	0.138064156815832	0.014329687242355	0.138064156815832
YPL039W_mRNA	0.911324991916483	0.939546877173143	-0.00973312614352678	0.0873965282764454	5.27755833382979	0.0285410341097022	0.00533600570873353	0.0252166069103686	0.015144845354675	0.0252166069103686
YGR092W_mRNA	0.91157055073441	0.939633763018166	-0.00788063444186236	0.0709597873662796	6.12801676400355	0.0188149824859074	0.00228683364013081	0.0178543320521397	0.0135060318608555	0.0178543320521397
YHR102W_mRNA	0.912867114437322	0.940651695229046	-0.00813402009926172	0.0743356660164095	6.31998815232703	0.0206472639126452	0.00182106400086979	0.0202821009675429	0.0136634992308105	0.0202821009675429
YPR101W_mRNA	0.912880996365435	0.940651695229046	-0.00986885912350086	0.0902045447179688	4.66637862112288	0.0304035820824704	0.00970181435968863	0.0228456251914155	0.0208244574451328	0.0228456251914155
YDL240W_mRNA	0.913527522009321	0.941151431162918	0.00910219778918968	0.0838215282447671	5.87767621149469	0.0262526747644345	0.00295970411652828	0.0251444902726248	0.0134850270776279	0.0251444902726248
YNL173C_mRNA	0.914010327927361	0.941315921955949	-0.0068450836748806	0.0633912339806572	7.3334506077113	0.0149269123968194	0.000700689208759855	0.0152790440248277	0.0153731049736019	0.0153731049736019
YOR137C_mRNA	0.913914413327381	0.941315921955949	0.0068858480842839	0.0636974200763795	5.97843093708177	0.00918656973443553	0.00277346139584252	0.00705574477566987	0.0134559839017045	0.0134559839017045
YHR116W_mRNA	0.914684229827719	0.94184346464763	0.01308322095316	0.122122392626677	4.49999515938129	0.0557241262940292	0.0113263855668493	0.048329129556608	0.0229360737736452	0.048329129556608
YBL034C_mRNA	0.915484205408382	0.942383961676116	-0.00747106197537306	0.0703995600871211	5.35268881693474	0.0166649910769784	0.00508300053438733	0.0127563994003639	0.0147413917074534	0.0147413917074534
YKL091C_mRNA	0.915532650718644	0.942383961676116	0.00744116798281605	0.0701582366174183	6.22693851336788	0.0183908974119114	0.00213454513584896	0.0175541675252136	0.0135932835006747	0.0175541675252136
YBR128C_mRNA	0.915750208301378	0.942441390843284	0.00943876974619009	0.0892230727947618	4.60973772627152	0.0202685836865156	0.0103149252718098	0.0113759599996508	0.0215281016039476	0.0215281016039476
YPR103W_mRNA	0.916041925968808	0.942575107858402	-0.00682412511843185	0.0647322564142789	7.69186171316149	0.0102193374333494	0.000452097004856796	0.0104838877641227	0.016308963077079	0.016308963077079
YOR246C_mRNA	0.916550447622359	0.942931821975607	-0.00850720946653541	0.0811912230200052	7.03163177659588	0.0246294875599164	0.000973400534920251	0.0253946582470166	0.0146900410498053	0.0253946582470166
YDR370C_mRNA	0.917121401824117	0.942950960355575	0.00727634623074903	0.0699242453916118	5.35480600024176	0.00990734457462858	0.00482673970673342	0.0057731451333773	0.0147308606676119	0.0147308606676119
YFL011W_mRNA	0.917216459377797	0.942950960355575	0.0178534330949504	0.171765672128656	2.95316531399078	0.0953105002235231	0.0546694989648035	0.0473578241108924	0.0633442855224325	0.0633442855224325
YHR191C_mRNA	0.917045492022226	0.942950960355575	-0.0105722281083644	0.101503711521664	4.34263999666179	0.0384943520918931	0.013082152705356	0.0281298611053365	0.0250516979009151	0.0281298611053365
YPR183W_mRNA	0.91698252744745	0.942950960355575	-0.0104027486301448	0.0998005171070169	7.55147992615132	0.0372133925831076	0.000529019183569596	0.0393115536757423	0.0159393124680416	0.0393115536757423
YJL035C_mRNA	0.917936383002348	0.943524588456542	-0.0104256455545699	0.101186949094989	5.49954500894252	0.0382538334467619	0.00400943300747308	0.0369457616611349	0.0141097887975703	0.0369457616611349
YOR384W_mRNA	0.918150514500367	0.943578214408032	0.00786776130024235	0.0765616766023138	6.11224233303296	0.0219001509882879	0.00215411551097692	0.0212926457856522	0.0134940038325119	0.0212926457856522
YBL018C_mRNA	0.919401636030572	0.944364233341698	-0.0136794102060323	0.135188763910917	4.6589478955163	0.0682803073845995	0.00986528491401471	0.0632387226370319	0.0209156515452177	0.0632387226370319
YKR045C_mRNA	0.919287384258704	0.944364233341698	-0.0101398750477896	0.100066457322711	4.57044553315794	0.0374103891737699	0.0108227448638928	0.0292304386605792	0.0220265023478375	0.0292304386605792
YOR036W_mRNA	0.919392055357452	0.944364233341698	-0.0066017333698801	0.0652348106971341	6.4425983676688	0.0158991227352426	0.00171199756473676	0.0153103245420269	0.0137937275661241	0.0153103245420269
YPL253C_mRNA	0.920066494618752	0.944880556610056	-0.00935794620265765	0.0932531126496644	4.6390503869561	0.0324889529122788	0.00988105447786414	0.0249035175975398	0.0211615634335742	0.0249035175975398
YOR152C_mRNA	0.920425815184092	0.945082974843588	-0.0111751918571859	0.11186674268444	4.01234444177275	0.0215664141737014	0.0195715499497922	0.00349964097544643	0.0304851225255143	0.0304851225255143
YKL058W_mRNA	0.921964008648947	0.946495562006831	0.00688062958246696	0.0702391323072948	5.34912392330775	0.0114644538435148	0.00497491850103628	0.00729489831317206	0.0147592243280904	0.0147592243280904
YDR069C_mRNA	0.922229027536033	0.94649904504398	-0.00759697636001921	0.0778168910479782	5.61425218755659	0.0226224729341428	0.00381233045561131	0.0204095436738803	0.0137413052514834	0.0204095436738803
YJR082C_mRNA	0.92229232384392	0.94649904504398	0.0118780380616467	0.121767824196646	3.86486791550323	0.0553932613126363	0.0250766469869049	0.0342329650514358	0.033454887404106	0.0342329650514358
YCR009C_mRNA	0.922892431954988	0.946781353859792	0.00600575297303094	0.0620487205357611	6.84288124233896	0.0130582630287233	0.00103700908089153	0.0129436815730911	0.0143631657996084	0.0143631657996084
YNL274C_mRNA	0.922788515912571	0.946781353859792	-0.0138788412211762	0.143196316383867	5.72325086553725	0.0766040566923631	0.0034432718756543	0.0785774682279797	0.0135437019286505	0.0785774682279797
YPL077C_mRNA	0.923906258032779	0.94765455269348	0.00900575873430633	0.0942869277413033	4.47630199066545	0.0147140376218738	0.012314817643494	0.0034270501826906	0.023245281328081	0.023245281328081
YMR117C_mRNA	0.925098684254414	0.948710602792856	0.0166849244307654	0.17747430542327	3.16215021041414	0.117663518373298	0.0526315836888842	0.073356932653004	0.0542430306205093	0.073356932653004
YLR040C_mRNA	0.925612213364811	0.948954100591238	0.00841595455911415	0.0901386793026951	4.58973154174096	0.0162803867399882	0.0107189952758547	0.00670403957666376	0.0217809307498817	0.0217809307498817
YPL052W_mRNA	0.925661886999657	0.948954100591238	-0.00729884973881993	0.0782263702970843	5.23572005168724	0.0228598355588005	0.00539205007187442	0.0190854099675518	0.0153959800828359	0.0190854099675518
YML011C_mRNA	0.927115035420157	0.950276600344447	0.00830876020053715	0.0908307713621355	4.58391237562298	0.0172907258912777	0.0111460716682834	0.0073599816449227	0.0218548444366787	0.0218548444366787
YJR161C_mRNA	0.928083752922578	0.951102189010895	0.014534640164333	0.161037867900376	5.3166402262847	0.0968735958227441	0.0141709971018298	0.0895617824897656	0.0149276295026816	0.0895617824897656
YBR019C_mRNA	0.92836629376322	0.951224415663827	0.0115839486851525	0.128853013024526	4.49369730536379	0.0620206862357659	0.0120855727833849	0.0543268230786099	0.023018139594537	0.0543268230786099
YPL022W_mRNA	0.928551393487777	0.951246776588674	-0.00740885890443229	0.0826258537864094	6.58047218739489	0.0255022227160879	0.00144613990572278	0.0258619869500097	0.0139958229180737	0.0258619869500097
YML127W_mRNA	0.929559886534788	0.951937855444142	0.00549453805662732	0.0621564033651378	6.52042705817327	0.00588863472940195	0.00154902249783969	0.00475160329838929	0.0139046514193192	0.0139046514193192
YOR242C_mRNA	0.929716168465013	0.951937855444142	0.0205674850206241	0.23318628792822	2.45691988183785	0.19586027801115	0.124367622639524	0.0853618119609728	0.0931357568714466	0.0931357568714466
YOR271C_mRNA	0.929668459117682	0.951937855444142	0.00844828705648319	0.095718307770018	7.51862791072682	0.0342238121992457	0.000519774232199854	0.0361282035372237	0.0158533594442991	0.0361282035372237
YGR002C_mRNA	0.931162819550601	0.953251552750272	-0.00598689389151861	0.0693072571629714	5.46940084758426	0.0156971946044847	0.00499011356244112	0.0118180683999443	0.0142238700193759	0.0142238700193759
YBL089W_mRNA	0.931714627805719	0.953393823297497	-0.00564196065152709	0.0658432460754644	5.61166950227422	0.00315535322614253	0.00359280600960845	-0.000221165187311013	0.0137485262054082	0.0137485262054082
YGR113W_mRNA	0.931703917742017	0.953393823297497	0.00670558028109799	0.0782436801986243	5.61792809296755	0.0228677316483335	0.00395897081438793	0.0205293231497104	0.0137311138945715	0.0205293231497104
YPR031W_mRNA	0.931792727404042	0.953393823297497	-0.00791440479267527	0.0924693177827558	5.1030275629842	0.0319388490773703	0.00589533359256759	0.0283069653322655	0.016332894149366	0.0283069653322655
YHR129C_mRNA	0.931988061306658	0.953426241470165	-0.006160679078998	0.0721865933303401	5.24189568286868	0.00551734097009114	0.0054859573664226	0.000414635396756637	0.015357659660137	0.015357659660137
YGL233W_mRNA	0.932544523729907	0.95382801882908	-0.00550099265825135	0.0649898555363146	6.34340952103873	0.0157764798498829	0.0017346983607499	0.0151600269297743	0.0136823970793074	0.0151600269297743
YOR195W_mRNA	0.93287844445549	0.954002074319411	-0.0121682701669769	0.144475324618029	5.71758938481901	0.0779657969940387	0.00395905188371819	0.0795334258102215	0.0135494289478686	0.0795334258102215
YLR318W_mRNA	0.933513046239474	0.954316021651373	-0.00781364279908586	0.0936598898671352	4.47968146860112	0.030495300216215	0.0118875957484685	0.0207684964792501	0.0232011041312271	0.0232011041312271
YLR430W_mRNA	0.93347338207524	0.954316021651373	0.00521827981538413	0.0625126400074324	7.08403001094144	0.0116335256740148	0.000836834470261332	0.0116198771964026	0.014794486172534	0.014794486172534
YOR172W_mRNA	0.934295376781499	0.954948221952458	-0.00518811163773929	0.0629305763921428	6.08083764375319	0.00976270977682055	0.00236754674190927	0.00808480901829396	0.01347348303828	0.01347348303828
YOR030W_mRNA	0.935775567300831	0.956293361707532	-0.00957578299229222	0.118834977628067	5.42911264487972	0.0527456592880001	0.00470638004408896	0.0517806275873638	0.014388475130743	0.0517806275873638
YLR398C_mRNA	0.936360198818004	0.956705579991924	0.00495597864958393	0.0620696663922292	6.66890103735161	0.014311478127112	0.00128490211453101	0.0140418068146961	0.0141256718296395	0.0141256718296395
YMR073C_mRNA	0.936507367438026	0.956705579991924	-0.0061535909923981	0.0772478188389257	5.02793976704284	0.0154521300854638	0.00690815441514258	0.00963688019582531	0.0169607476463433	0.0169607476463433
YLR084C_mRNA	0.937302405959131	0.957349897811693	0.00498258104083076	0.0633425982614842	6.01479947560949	0.0064759130290668	0.00259763008951648	0.00433375498053267	0.0134515089285466	0.0134515089285466
YGR206W_mRNA	0.938831985406303	0.958744109899583	0.0136202182237991	0.177489910642845	2.89613479987519	0.0974678399867114	0.0598750114393934	0.0445018141622364	0.0661356620806266	0.0661356620806266
YDR047W_mRNA	0.939454765985085	0.959211964007905	-0.00473150374203101	0.0622933748433858	6.96744869511221	0.00872794076780947	0.000951647235121862	0.00839332155105661	0.0145702109623924	0.0145702109623924
YER027C_mRNA	0.940190355819001	0.959626666608532	0.00466465164305713	0.0621699800882191	6.53088794446249	0.00973970220965087	0.00154003850876975	0.00888913986587017	0.0139203871879085	0.0139203871879085
YMR299C_mRNA	0.940076100583663	0.959626666608532	-0.00556270269622165	0.0739974840404402	5.18631682483839	0.0109974816275193	0.00618371923512221	0.00559045574828085	0.0157187913421386	0.0157187913421386
YOR203W_mRNA	0.941217414249557	0.960506683380263	0.0184990121876424	0.250868696244021	2.21190646779221	0.199768427085135	0.138221464297138	0.0757183608792442	0.11351894672356	0.11351894672356
YIL075C_mRNA	0.941781067064337	0.960913572104523	-0.00520341359374479	0.0712489135107252	8.44115620532448	0.0189591421289203	0.000240652646683824	0.0200649780591514	0.0183313407062472	0.0200649780591514
YBL021C_mRNA	0.942426326897402	0.961403568640214	-0.00896667789796272	0.124156737161014	4.96886304042201	0.0575703831112246	0.00722931228422036	0.0544302692456558	0.017501585641499	0.0544302692456558
YBR116C_mRNA	0.943289130741872	0.962115279359619	0.0148926858437547	0.209353692518264	2.5928429988094	0.05111759410208	0.0916953869674411	-0.0369899053128242	0.0836204873166862	0.0836204873166862
YBR145W_mRNA	0.944751454534308	0.963438119047239	0.00877453928237361	0.126618171821275	7.12235612969241	0.0598739340359158	0.000853544552612263	0.0632751011888352	0.0148746458615723	0.0632751011888352
YLR235C_mRNA	0.946408024033269	0.96486407022957	-0.0232349176095905	0.345664263749193	1.59293188656394	0.205196512188292	0.287557200021551	-0.067858040218759	0.190377932911536	0.190377932911536
YML025C_mRNA	0.946646588642675	0.96486407022957	-0.00430102169366586	0.0642725400783376	5.79492738612124	0.00509108495879045	0.00302424521164683	0.00242520330488312	0.0134995924208392	0.0134995924208392
YML048W_mRNA	0.946589028965844	0.96486407022957	0.00436059443349648	0.0650924391252775	7.76590110540441	0.0058338556445191	0.0004427308682739	0.00580239595547841	0.0165053716568379	0.0165053716568379
YOR305W_mRNA	0.946988427407673	0.965043655427165	-0.00477672875209176	0.0718422722911429	5.27092958699229	0.00567853893510054	0.00546192246455525	0.000615707212317906	0.0151833258872636	0.0151833258872636
YJL049W_mRNA	0.947299494378125	0.965191824807093	-0.00591558685352269	0.089496688927785	5.48915229320825	0.0299120524731562	0.00440681396081408	0.0276318153553327	0.0141482651781319	0.0276318153553327
YLR387C_mRNA	0.947529883277851	0.965257754848183	-0.00409348004380559	0.0622024260438257	6.61407121819997	0.00905594100520483	0.00143000501652295	0.0082680013236625	0.0140465622064275	0.0140465622064275
YIR008C_mRNA	0.948225788886547	0.965797805254025	0.00424597971571975	0.0653881978680486	5.67192951558478	0.00695916361551399	0.00349067586384741	0.00396041991170435	0.0136117898178769	0.0136117898178769
YER188W_mRNA	0.949525942384973	0.966953004777985	-0.00805707050750283	0.127279668755194	4.50585233196033	0.0604977369288555	0.0125893833228293	0.0522110729908979	0.0228598409594691	0.0522110729908979
YDR151C_mRNA	0.950542384820745	0.967818932884596	0.00395784358645015	0.0638097613366584	5.95801756546529	0.0104439072577796	0.00282202143601161	0.00836340361850802	0.0134647211313536	0.0134647211313536
YGR102C_mRNA	0.950822518428582	0.967934997792228	-0.00494556288543618	0.0801889001060142	4.92222640940314	0.0240128251720603	0.00749673028838121	0.0182243085124681	0.0179561809635474	0.0182243085124681
YEL028W_mRNA	0.95100781490887	0.967954495048755	-0.00867453162420645	0.141184204023039	3.53934982647064	0.0744365226713515	0.0312263910828066	0.0485055267796701	0.0415205847012698	0.0485055267796701
YLR337C_mRNA	0.951262808752137	0.968044912452393	0.00823780076851501	0.134778466682861	7.34664410782041	0.0678349740002308	0.000773088818896338	0.0718878515066362	0.0154070740707173	0.0718878515066362
YDL097C_mRNA	0.951468776353919	0.968085415829189	0.00399574398014955	0.0656520691892478	7.89623116502785	0.00908479577603689	0.000387461114921061	0.00934168693941706	0.016853315640398	0.016853315640398
YKR074W_mRNA	0.951791225568298	0.968244400237629	0.00392816724511748	0.0649739752874919	5.69131244274331	0.0142069838443946	0.00330490619017496	0.0119124535008463	0.0135815636684635	0.0135815636684635
YER023W_mRNA	0.952202687470061	0.968266106426688	-0.00480127029051604	0.0801000407489095	7.72571363274933	0.023959275623488	0.000457774236363676	0.0252062918755442	0.016398645439357	0.0252062918755442
YLR032W_mRNA	0.952311155136444	0.968266106426688	-0.0047149554776911	0.078839168103624	5.64216721970384	0.0232108887431886	0.00349946797976827	0.0213629897293177	0.0136706224353228	0.0213629897293177
YMR149W_mRNA	0.952031195059903	0.968266106426688	-0.00376293034763959	0.0625526149614211	7.08430768896234	0.00198453958141684	0.000856263050552191	0.00126598374530838	0.014795055503495	0.014795055503495
YMR176W_mRNA	0.954157001233836	0.969973597834292	0.00366564943015053	0.0637644788846542	5.94240542645414	0.0124661556698999	0.00279239436073539	0.0105603618610874	0.0134712407089907	0.0134712407089907
YMR221C_mRNA	0.954350801580341	0.970001355549034	0.00357580883963182	0.062466052604055	6.27165126859016	0.00464336756501301	0.0019775892213754	0.00299379419575065	0.0136304416903549	0.0136304416903549
YDR061W_mRNA	0.954679946223034	0.970166643414512	-0.00355703055576164	0.0625897928919195	6.17254606297773	0.00412584641747324	0.00212587082352279	0.00229106391909149	0.0135440578734907	0.0135440578734907
YDL178W_mRNA	0.955130320792351	0.970455048646013	0.00349164848980092	0.0620566764928495	6.53488562592552	0.00418312802649206	0.00147769547812592	0.0030007440904938	0.0139264289112268	0.0139264289112268
YAR028W_mRNA	0.95612847673781	0.97067639580408	-0.00392393000477402	0.0713279244947398	5.30689450742782	0.0189980844279639	0.00504815388123245	0.0153025373696768	0.0149802749092905	0.0153025373696768
YIL036W_mRNA	0.956181228204533	0.97067639580408	-0.00342289106227178	0.0622951811078558	6.79542536269065	0.00374339796442546	0.0012295792691793	0.00277785678321249	0.0142931790878629	0.0142931790878629
YOR190W_mRNA	0.955876136464552	0.97067639580408	-0.00518960229760218	0.093794865455401	4.50323056252769	0.015936555555668	0.0122959542551505	0.00477123184820603	0.0228939528880367	0.0228939528880367
YOR254C_mRNA	0.955984194925644	0.97067639580408	0.0035007265173268	0.0634262652546116	7.35252809666141	0.00486267742618039	0.000669328355097232	0.00453718171976769	0.0154222361414962	0.0154222361414962
YPL225W_mRNA	0.955896384338154	0.97067639580408	0.00409878914210062	0.0741139748798247	6.26863516916443	0.0205112367699343	0.0020771518793164	0.0198943732106328	0.0136281359625352	0.0198943732106328
YDR322C-A_mRNA	0.956587441212154	0.970750467253442	0.00990076699747241	0.181877538004901	2.77831578842692	0.0340712799668586	0.0599460753081529	-0.0234691396828439	0.0723716800147437	0.0723716800147437
YPL259C_mRNA	0.956575897603281	0.970750467253442	-0.00342107480569394	0.0628285761310234	6.20609450534596	0.0127903798032003	0.00221518297352846	0.0114854514576644	0.0135745369410787	0.0135745369410787
YDL215C_mRNA	0.957088002586429	0.971089289980587	0.00490124139032575	0.0910873136810285	6.8895889253824	0.0309814944421151	0.00105219867561689	0.0321353961788875	0.0144368449030188	0.0321353961788875
YIL072W_mRNA	0.957561863855099	0.971355652086413	0.00539456258437898	0.101375981356929	4.23671203593702	0.0214256475042739	0.0144780406899347	0.00846969554879399	0.0266303176943868	0.0266303176943868
YML100W_mRNA	0.957683979674623	0.971355652086413	0.00920792398021183	0.173537454907197	8.31098947979893	0.112452869718232	0.000269727700635968	0.120191265322034	0.0179757011426055	0.120191265322034
YOR351C_mRNA	0.957897965340803	0.971403576340386	-0.0072799005804923	0.13789887926002	3.48253956898229	0.0316988037407317	0.032886499464667	0.00106136255684221	0.0431779041400114	0.0431779041400114
YEL024W_mRNA	0.958655648846138	0.971768860715325	0.00565657551706808	0.109114629082056	5.42941753527618	0.0444576076700229	0.00451243670137248	0.0431115724174863	0.0143871757100524	0.0431115724174863
YNL127W_mRNA	0.958570269352338	0.971768860715325	0.00559799038123518	0.107761792128457	5.83879835671463	0.043362077678566	0.003295650416037	0.0431547649549099	0.0134898064328722	0.0431547649549099
YPL023C_mRNA	0.958758567008529	0.971768860715325	0.00350829423033949	0.067843587013774	6.84315059573302	0.0171868907501184	0.00111451320411847	0.0172964959914636	0.0143635770644493	0.0172964959914636
YHR056W-A_mRNA	0.960219653536441	0.973080483823849	0.0253292485208276	0.507824630972237	2.47493204379973	0.962944947290634	0.314777095770637	0.716766327517719	0.0918071052231668	0.716766327517719
YGL113W_mRNA	0.961526800937895	0.973942150082651	0.00353241067835252	0.07322924424669	5.20579825407174	0.0199589444681473	0.00586210230283744	0.0155189159344059	0.0155879865489281	0.0155879865489281
YJR118C_mRNA	0.961738618164348	0.973942150082651	0.0047833586448464	0.0997116278996144	5.44339150024885	0.0371244274286404	0.00468638186665161	0.035083253086913	0.0143285091292535	0.035083253086913
YMR123W_mRNA	0.961606088413933	0.973942150082651	0.00476387465725428	0.0989624235027983	5.30244941605861	0.0365686805918429	0.00508187526924086	0.0340923697929479	0.0150046186971045	0.0340923697929479
YOR201C_mRNA	0.961691141282048	0.973942150082651	0.00300796005762535	0.0626247420911312	6.23527432464887	0.00943942349862523	0.00208682801351574	0.00802425492823751	0.0136006052744071	0.0136006052744071
YKR083C_mRNA	0.962998689052137	0.975048724785845	-0.00495477795294571	0.106804953108073	4.11901258279064	0.0219633878549086	0.0170691229591272	0.00645606407839968	0.0285600690745435	0.0285600690745435
YPL108W_mRNA	0.963210046933485	0.975093263846131	0.00475750502874741	0.103142132422197	4.20025214195877	0.0223313958085438	0.0153457084808537	0.00857432021284367	0.0272074894415386	0.0272074894415386
YBL026W_mRNA	0.965152314856869	0.976889747455893	0.00727329084790335	0.16647880173266	3.06293899171787	0.0364161376721466	0.0525069248009519	-0.0135047489407258	0.058353840904417	0.058353840904417
YER120W_mRNA	0.967354370308307	0.978948508149417	0.00259741925308022	0.0634652274031293	7.38281878472154	0.00597475321855109	0.000610927646141748	0.00578866606322694	0.0155004127111819	0.0155004127111819
YNL088W_mRNA	0.967844406431007	0.979274316058883	-0.00523857538072686	0.129950847336056	6.60519390869901	0.0630529495464117	0.00140702926341348	0.066141861630022	0.0140332594673846	0.066141861630022
YOR216C_mRNA	0.968220997457682	0.979485245908744	-0.00290620298509427	0.0729475770579432	6.23029406323985	0.0198686218657425	0.00214951755146191	0.0191358784430363	0.0135962464651234	0.0191358784430363
YLR227C_mRNA	0.968733200557719	0.979693554649136	0.00319182068053846	0.0814299034170944	5.24078075585765	0.0247578122950665	0.00544266558748866	0.0210806510945807	0.01536454530799	0.0210806510945807
YML028W_mRNA	0.968763228344262	0.979693554649136	-0.003862143329741	0.0986259775997026	9.39434967226784	0.036318422548282	8.62678974915509e-05	0.0388220659324966	0.0209351862778392	0.0388220659324966
YDL096C_mRNA	0.969347883217484	0.979854662249283	-0.0176049539290807	0.458149920507042	2.12797941194354	0.783714354573699	0.129009049254379	0.710596349388057	0.121601227837461	0.710596349388057
YHR082C_mRNA	0.969260498094001	0.979854662249283	-0.00340384466722248	0.0883294427841217	7.2476194418794	0.0291308940358044	0.000757488452028475	0.0304508733981852	0.0151588231680747	0.0304508733981852
YNL102W_mRNA	0.96942709804409	0.979854662249283	-0.00319317220782932	0.0833142757095434	5.90759606738464	0.0259167882311547	0.0027883244115957	0.0249767497364275	0.0134805689648098	0.0249767497364275
YDR115W_mRNA	0.969948739467309	0.980211857092202	0.00406103287454864	0.107798112325936	4.08396238239938	0.0296012080071972	0.0173084296947454	0.0144024383163921	0.0291733023893949	0.0291733023893949
YJL009W_mRNA	0.970192081116993	0.980287732325287	-0.00410765267379335	0.109926160810027	5.02758466502166	0.0451172065164094	0.00701597353953481	0.0413190697821929	0.0169638777867563	0.0413190697821929
YFR036W_mRNA	0.970545600939254	0.980474886608652	0.00642026990393407	0.173877947470096	3.62542554548958	0.112882876932114	0.0286469821870499	0.092287180278604	0.0391610997624044	0.092287180278604
YGL244W_mRNA	0.971290616809214	0.981057408725811	-0.00225310779279481	0.0626043374397682	7.09708957785749	0.0077711305419846	0.000855768994546736	0.00746899187337221	0.0148214432705427	0.0148214432705427
YNR002C_mRNA	0.972096959634935	0.98153152284803	0.00372624169798762	0.106529773518249	5.42549237906185	0.0423717818450892	0.00445194445719437	0.0409424261262036	0.014403968279232	0.0409424261262036
YPR089W_mRNA	0.972089119935471	0.98153152284803	0.00217080819011257	0.0620439416497631	6.63927866474497	0.0137365946599287	0.00131410132684156	0.0134023322635968	0.0140837014549153	0.0140837014549153
YNL091W_mRNA	0.972793458645271	0.9820645798072	0.00219286779436293	0.0642976337464228	7.57691615579914	0.00476335169593592	0.00053073201916297	0.00457148517815017	0.0160060108023936	0.0160060108023936
YIL161W_mRNA	0.973343721836047	0.98244984813181	-0.00284054625022005	0.0850083529419552	5.11712189004144	0.0269807865817749	0.00653694136389375	0.0223687389157223	0.0162227634678253	0.0223687389157223
YBR217W_mRNA	0.974284980322452	0.983229567877811	-0.00332620877763931	0.10318759744863	4.24916487964434	0.0232756691847728	0.0161534584511188	0.00878159748547137	0.0264372626177635	0.0264372626177635
YJL064W_mRNA	0.974480210529335	0.983256270617233	-0.00486668601898618	0.15213258161248	3.76605040366739	0.0864117861509059	0.0497203218768589	0.0428569676754524	0.0356672088517167	0.0428569676754524
YJR136C_mRNA	0.975099317815788	0.983710584518576	-0.00241642862979401	0.0774162753482639	4.98994364372591	0.00791111753192011	0.00666911049060822	0.00180541854292823	0.0173040082645846	0.0173040082645846
YPL169C_mRNA	0.975322265046111	0.983765151689515	0.00191793503391097	0.0620011007019171	6.53997638620825	0.0130840353144499	0.00144240477042652	0.0125751535022571	0.0139341411825706	0.0139341411825706
YOL147C_mRNA	0.97654264117912	0.9847123783094	-0.00269810474493219	0.0917607975215543	5.50723775578541	0.0314367720624795	0.00424153157695833	0.0294386442702084	0.0140818784925648	0.0294386442702084
YOR043W_mRNA	0.97659940299892	0.9847123783094	0.0018391148999517	0.0626988699032218	7.04669382922626	0.00867106882976499	0.00100513793809696	0.00828432656704693	0.0147194552104676	0.0147194552104676
YLR028C_mRNA	0.978007830171703	0.985961865128975	-0.00182183405859578	0.0660884849399104	7.99149887143454	0.00418221814255244	0.000361478012833556	0.00411852168866205	0.0171092733537775	0.0171092733537775
YPR109W_mRNA	0.978256409159734	0.986041840789725	-0.00178277427349935	0.0654110901875539	5.66882753246829	0.0104373510061417	0.00349725142208409	0.00768471657475054	0.0136171914560132	0.0136171914560132
YBR163W_mRNA	0.978902519798953	0.986522414867445	0.001662071109204	0.0628504594943068	6.01198773489473	0.00672240177054706	0.00234934260997062	0.00485244143550922	0.0134513784246114	0.0134513784246114
YGR170W_mRNA	0.979411287533072	0.986864434653697	-0.00249292901241135	0.0965989888142465	6.48348009345798	0.0348387519077733	0.00181465454555201	0.0355108040141877	0.0138503272497934	0.0355108040141877
YJL075C_mRNA	0.980371695279174	0.987319878426356	0.00369958698685	0.150371904946636	4.15992670124549	0.084420699761545	0.019096865908313	0.0713499732808072	0.0278671365758387	0.0713499732808072
YKR063C_mRNA	0.980346626477967	0.987319878426356	0.00241156035519605	0.0978942459287479	5.36955285232019	0.0357791421404697	0.00507653943501382	0.0332565941088189	0.0146587320987546	0.0332565941088189
YPR114W_mRNA	0.980104166916781	0.987319878426356	-0.00155212841900973	0.0622387081015267	6.97135804662162	0.0071826843854799	0.00091737284300636	0.00677767211211383	0.0145772543015818	0.0145772543015818
YDL212W_mRNA	0.981665592496294	0.987598643046695	0.00143257653481079	0.0623379892726798	7.02146296967634	0.00751371611081662	0.000873638990830045	0.00717618476346546	0.0146704606354129	0.0146704606354129
YGL175C_mRNA	0.981603893913105	0.987598643046695	0.00432124074497367	0.187406278132322	3.36109430503863	0.131123801677148	0.0444335500681385	0.0960509022654982	0.0470099374394843	0.0960509022654982
YGL263W_mRNA	0.981249101240394	0.987598643046695	0.00257198406198386	0.10943248564087	4.05684708008428	0.0258654644570947	0.0182413651169499	0.00946974248650432	0.0296605105372068	0.0296605105372068
YIL068C_mRNA	0.981464448502053	0.987598643046695	0.00155568802745723	0.0669603924040964	6.11649961158845	0.0167397702074631	0.00223915512924415	0.0156956214743981	0.0134971517978448	0.0156956214743981
YJR114W_mRNA	0.981228646011891	0.987598643046695	-0.00304368139867639	0.129361065188538	4.67862614728623	0.0624771350961173	0.00978088190558081	0.0571562588412716	0.0206749435312896	0.0571562588412716
YNL055C_mRNA	0.981641527072668	0.987598643046695	-0.00215191404834121	0.0935169003162301	8.26285186896558	0.0326507679361737	0.000258386797758687	0.0347232557812642	0.017844498478099	0.0347232557812642
YGL254W_mRNA	0.981997701961054	0.987762191233615	0.00171602296322648	0.0760498490928292	5.05513681291529	0.00587671723302704	0.0064088604455161	-0.000113219048647212	0.0167254577426523	0.0167254577426523
YEL056W_mRNA	0.982500676860223	0.988097521730996	0.00136720078104093	0.0623327498736235	6.35726904750195	0.00346667268003005	0.00184638844465643	0.00186736964452556	0.0136950983825744	0.0136950983825744
YER119C-A_mRNA	0.983171001996083	0.988360326103218	-0.00631889891900531	0.299564955297312	2.83656628173379	0.335036854046793	0.0784172787183584	0.280539371050763	0.0692066638617821	0.280539371050763
YGR074W_mRNA	0.983305489265482	0.988360326103218	0.00191697249648344	0.0916116184412056	5.13672565598671	0.0313336841737042	0.00609201346032784	0.0274787410733403	0.0160737448729538	0.0274787410733403
YOR123C_mRNA	0.983440578513621	0.988360326103218	-0.00130736718648543	0.0629885049449274	7.17347389995397	0.00568601060543345	0.000883697999821457	0.00520796787486858	0.0149865090209671	0.0149865090209671
YPR171W_mRNA	0.983334915693361	0.988360326103218	-0.00131978776491973	0.0631837013904338	6.06372535578451	0.00881060563387833	0.00250403811576552	0.00693539882346286	0.0134646823698165	0.0134646823698165
YOR331C_mRNA	0.983636428689394	0.988386656354676	-0.00213082658645446	0.103891406770851	7.0772762057456	0.0402966618756034	0.00137271612924361	0.0418009814740624	0.0147806900691692	0.0418009814740624
YMR232W_mRNA	0.9842014279248	0.988783845333659	0.00344506448553569	0.173976744439378	3.74157304748595	0.113003353319855	0.0273695481796767	0.0937020822432224	0.0362450967514692	0.0937020822432224
YOL151W_mRNA	0.984746458873635	0.989160839551345	0.00122359150271061	0.0639999124293089	5.88573659085871	0.00599987984424028	0.00289994578092628	0.00352806914471245	0.0134840093829105	0.0134840093829105
YML099C_mRNA	0.985499086214132	0.989746194842877	-0.00116206529423337	0.0639368611692837	6.04033443620147	0.0152619363792724	0.00249233194921798	0.013859356915503	0.0134559586347559	0.013859356915503
YGL141W_mRNA	0.985806214025051	0.989884006016882	0.00157392787519826	0.0884715687860129	6.09732631859749	0.0292222762712991	0.00260518817332664	0.0287036857605062	0.0134836233446481	0.0287036857605062
YHR166C_mRNA	0.987985865839196	0.991852078484505	-0.00105214249192738	0.0698724115246949	5.37195604903433	0.0113131078130764	0.00488143674125634	0.00723943391451887	0.0146471788278489	0.0146471788278489
YIL173W_mRNA	0.98810667070444	0.991852078484505	-0.00488378242886386	0.327624855392017	5.79909301427678	0.191196729193458	0.415853903925613	-0.211007080169997	0.0134982795569473	0.0134982795569473
YPR042C_mRNA	0.990618667572963	0.994202300995707	0.00102426622989132	0.0871120799576043	6.00080218741434	0.0283307338039655	0.00269715704268813	0.0276569008554721	0.0134516192750777	0.0276569008554721
YGL041W-A_mRNA	0.992885905351838	0.995710475477434	0.000755438389559882	0.0847254177847185	4.78853402037731	0.0205788934609624	0.00933048386412809	0.0127181675048572	0.0193831018110523	0.0193831018110523
YHR015W_mRNA	0.992875609607534	0.995710475477434	0.00196599025001542	0.220174967435693	2.56900457587661	0.12854735477003	0.108701554906778	0.0290266494560644	0.0852065102344555	0.0852065102344555
YJL175W_mRNA	0.992364602808359	0.995710475477434	0.00358361371215035	0.374475137240966	3.36797895969103	0.523534837346722	0.125265851591768	0.435660662054795	0.0467816093647151	0.435660662054795
YNL328C_mRNA	0.992975946193596	0.995710475477434	0.00246743291553986	0.280279914277615	2.0401076880604	0.14143520587747	0.183482152615	-0.0319461715249081	0.130745168774869	0.130745168774869
YOR248W_mRNA	0.992863138190262	0.995710475477434	-0.00138340430486653	0.15465932318877	5.83925841558975	0.089300000345703	0.002739756849882	0.0929382681469512	0.0134897395466029	0.0929382681469512
YHR157W_mRNA	0.993484510422676	0.996049003221909	0.00165206525176143	0.202309080884	2.63853792562234	0.118216897720851	0.0830424416552571	0.043617740382913	0.0806734151772586	0.0806734151772586
YBL020W_mRNA	0.993923668572477	0.996288274615311	0.000590250142061766	0.0775051408345706	5.9502177792443	0.0224264011669982	0.00252045676481447	0.021507730658332	0.0134681955315043	0.021507730658332
YJL112W_mRNA	0.994065180284725	0.996288274615311	0.000464611214303143	0.0624623348463052	6.23321273904541	0.00597150044994056	0.00200736620315258	0.0043906083179036	0.0135988068946552	0.0135988068946552
YAL017W_mRNA	0.994829929279855	0.996711808767744	-0.000661830137328109	0.102137936155288	6.91768701282616	0.0389468400127982	0.0010632271926058	0.0406654048156407	0.0144834553797135	0.0406654048156407
YGR005C_mRNA	0.994689202097082	0.996711808767744	-0.000414205946512834	0.0622290841092514	6.87711458769456	0.00532495396247181	0.00107313335807004	0.00463212543984514	0.0144167022782351	0.0144167022782351
YCR028C-A_mRNA	0.995343938633671	0.996983158783303	-0.000372215701162748	0.0637842700778654	6.07572294302879	0.0151888538868409	0.00241622936830957	0.0138575030691547	0.0134706572462598	0.0138575030691547
YIL083C_mRNA	0.995443020021022	0.996983158783303	0.000359604941044103	0.0629631185327093	6.08313565142366	0.012986307703251	0.00238261315740525	0.0115312510058741	0.0134748040240507	0.0134748040240507
YMR010W_mRNA	0.996026173538757	0.99739575232671	-0.000312183631063914	0.0626815166753036	6.17873234469378	0.00341474284533828	0.00216625520322339	0.00149237000003349	0.0135496349276421	0.0135496349276421
YJR122W_mRNA	0.99621148756346	0.997409885984657	-0.000330353002141987	0.0695741597800449	5.37076204282969	0.00922511198046478	0.00470934286527302	0.00517467450433755	0.0146529119711238	0.0146529119711238
YBR285W_mRNA	0.997225329751731	0.998253397101991	0.000507505253149423	0.145937986725209	3.63487258817118	0.0795122136355418	0.0268574389414104	0.0583341449362182	0.0389127602751154	0.0583341449362182
YFR040W_mRNA	0.997622313818282	0.998479230425238	-0.000188956716534419	0.0634084618905245	7.33752611809863	0.0139731182368396	0.000698938232678018	0.0142722496768957	0.0153835939246104	0.0153835939246104
YOL094C_mRNA	0.998727105433541	0.999413280016456	-0.000136940111422915	0.0858377097292329	5.42318457375239	0.0275076246705159	0.00451153263755175	0.0249609170086884	0.0144139063013913	0.0249609170086884
YBR276C_mRNA	0.99913267045638	0.999630488625249	-6.76763536808789e-05	0.0622576591517813	6.7459096242728	0.00713239187421048	0.00127865865110165	0.00636318847695563	0.0142254058411359	0.0142254058411359
YDR407C_mRNA	0.999287326768528	0.999630488625249	-7.0231004980964e-05	0.0786282192712792	6.31171241747681	0.0230809496141886	0.00195318707371414	0.0227764003893753	0.0136576439299653	0.0227764003893753
YBR259W_mRNA	0.999636662160717	0.999636662160717	3.41480196494326e-05	0.0749885472220373	5.13872483013102	0.0106273201305311	0.00643430651237259	0.00495210758002865	0.0160588223455143	0.0160588223455143
YGR252W_mRNA	0.99958791426651	0.999636662160717	-3.25563554469874e-05	0.0630359415560186	6.05806426612589	0.00634837918813169	0.00243191867276886	0.00436991586882472	0.0134622010386463	0.0134622010386463
